0.0611071,0.0636589,0.295675
0.0611071,0.0636589,0.295675
0.0611071,0.0636589,0.295675
0.164579,0.130338,0.805325
0.164579,0.130338,0.805325
0.164579,0.130338,0.805325
0.299829,0.154247,1.45499
0.299829,0.154247,1.45499
0.299829,0.154247,1.45499
0.429005,0.120621,2.1784
0.429005,0.120621,2.1784
0.429005,0.120621,2.1784
0.549985,0.0394725,2.94815
0.549985,0.0394725,2.94815
0.549985,0.0394725,2.94815
0.669296,-0.0834128,3.74899
0.669296,-0.0834128,3.74899
0.669296,-0.0834128,3.74899
0.796462,-0.243127,4.57071
0.796462,-0.243127,4.57071
0.796462,-0.243127,4.57071
0.941607,-0.434658,5.4056
0.941607,-0.434658,5.4056
0.941607,-0.434658,5.4056
1.11325,-0.652618,6.24783
1.11325,-0.652618,6.24783
1.11325,-0.652618,6.24783
1.31836,-0.89146,7.09256
1.31836,-0.89146,7.09256
1.31836,-0.89146,7.09256
1.56222,-1.14533,7.93565
1.56222,-1.14533,7.93565
1.56222,-1.14533,7.93565
1.84847,-1.40821,8.77363
1.84847,-1.40821,8.77363
1.84847,-1.40821,8.77363
2.17926,-1.67404,9.60352
2.17926,-1.67404,9.60352
2.17926,-1.67404,9.60352
2.55542,-1.93689,10.4228
2.55542,-1.93689,10.4228
2.55542,-1.93689,10.4228
2.97669,-2.191,11.2296
2.97669,-2.191,11.2296
2.97669,-2.191,11.2296
3.44189,-2.43095,12.022
3.44189,-2.43095,12.022
3.44189,-2.43095,12.022
3.94912,-2.65164,12.799
3.94912,-2.65164,12.799
3.94912,-2.65164,12.799
4.49583,-2.84839,13.5596
4.49583,-2.84839,13.5596
4.49583,-2.84839,13.5596
5.07901,-3.01691,14.3032
5.07901,-3.01691,14.3032
5.07901,-3.01691,14.3032
5.69525,-3.15334,15.0294
5.69525,-3.15334,15.0294
5.69525,-3.15334,15.0294
6.3376,-3.28493,15.7461
6.3376,-3.28493,15.7461
6.3376,-3.28493,15.7461
7.00492,-3.40921,16.4535
7.00492,-3.40921,16.4535
7.00492,-3.40921,16.4535
7.69544,-3.52105,17.1513
7.69544,-3.52105,17.1513
7.69544,-3.52105,17.1513
8.39709,-3.61507,17.8404
8.39709,-3.61507,17.8404
8.39709,-3.61507,17.8404
9.10839,-3.69025,18.5253
9.10839,-3.69025,18.5253
9.10839,-3.69025,18.5253
9.82717,-3.74596,19.2072
9.82717,-3.74596,19.2072
9.82717,-3.74596,19.2072
10.5515,-3.78185,19.8871
10.5515,-3.78185,19.8871
10.5515,-3.78185,19.8871
11.2798,-3.79768,20.5654
11.2798,-3.79768,20.5654
11.2798,-3.79768,20.5654
12.0107,-3.79327,21.2423
12.0107,-3.79327,21.2423
12.0107,-3.79327,21.2423
12.7434,-3.76849,21.918
12.7434,-3.76849,21.918
12.7434,-3.76849,21.918
13.4768,-3.72322,22.5924
13.4768,-3.72322,22.5924
13.4768,-3.72322,22.5924
14.2104,-3.65737,23.2655
14.2104,-3.65737,23.2655
14.2104,-3.65737,23.2655
14.9436,-3.57084,23.937
14.9436,-3.57084,23.937
14.9436,-3.57084,23.937
15.6757,-3.46358,24.6068
15.6757,-3.46358,24.6068
15.6757,-3.46358,24.6068
16.4063,-3.33554,25.2747
16.4063,-3.33554,25.2747
16.4063,-3.33554,25.2747
17.135,-3.18669,25.9405
17.135,-3.18669,25.9405
17.135,-3.18669,25.9405
17.8613,-3.01701,26.6039
17.8613,-3.01701,26.6039
17.8613,-3.01701,26.6039
18.5847,-2.82651,27.2648
18.5847,-2.82651,27.2648
18.5847,-2.82651,27.2648
19.3049,-2.61521,27.9228
19.3049,-2.61521,27.9228
19.3049,-2.61521,27.9228
20.0215,-2.38315,28.5777
20.0215,-2.38315,28.5777
20.0215,-2.38315,28.5777
20.7341,-2.13038,29.2293
20.7341,-2.13038,29.2293
20.7341,-2.13038,29.2293
21.4423,-1.85697,29.8773
21.4423,-1.85697,29.8773
21.4423,-1.85697,29.8773
22.1458,-1.56301,30.5214
22.1458,-1.56301,30.5214
22.1458,-1.56301,30.5214
22.8441,-1.24859,31.1613
22.8441,-1.24859,31.1613
22.8441,-1.24859,31.1613
23.5369,-0.913843,31.7969
23.5369,-0.913843,31.7969
23.5369,-0.913843,31.7969
24.2239,-0.558885,32.4278
24.2239,-0.558885,32.4278
24.2239,-0.558885,32.4278
24.9047,-0.183863,33.0537
24.9047,-0.183863,33.0537
24.9047,-0.183863,33.0537
25.5789,0.211065,33.6744
25.5789,0.211065,33.6744
25.5789,0.211065,33.6744
26.2462,0.625736,34.2896
26.2462,0.625736,34.2896
26.2462,0.625736,34.2896
26.9063,1.05996,34.8991
26.9063,1.05996,34.8991
26.9063,1.05996,34.8991
27.5588,1.51356,35.5026
27.5588,1.51356,35.5026
27.5588,1.51356,35.5026
28.2035,1.98632,36.0997
28.2035,1.98632,36.0997
28.2035,1.98632,36.0997
28.8399,2.47804,36.6903
28.8399,2.47804,36.6903
28.8399,2.47804,36.6903
29.4678,2.98849,37.2741
29.4678,2.98849,37.2741
29.4678,2.98849,37.2741
30.0842,3.51636,37.8513
30.0842,3.51636,37.8513
30.0842,3.51636,37.8513
30.6897,4.06162,38.4227
30.6897,4.06162,38.4227
30.6897,4.06162,38.4227
31.2837,4.62363,38.9883
31.2837,4.62363,38.9883
31.2837,4.62363,38.9883
31.8665,5.20196,39.5483
31.8665,5.20196,39.5483
31.8665,5.20196,39.5483
32.4382,5.79614,40.1023
32.4382,5.79614,40.1023
32.4382,5.79614,40.1023
32.9989,6.40574,40.6502
32.9989,6.40574,40.6502
32.9989,6.40574,40.6502
33.5487,7.03038,41.1917
33.5487,7.03038,41.1917
33.5487,7.03038,41.1917
34.0878,7.66971,41.7263
34.0878,7.66971,41.7263
34.0878,7.66971,41.7263
34.6162,8.32339,42.2539
34.6162,8.32339,42.2539
34.6162,8.32339,42.2539
35.134,8.99113,42.7741
35.134,8.99113,42.7741
35.134,8.99113,42.7741
35.6366,9.66848,43.2831
35.6366,9.66848,43.2831
35.6366,9.66848,43.2831
36.1285,10.352,43.7815
36.1285,10.352,43.7815
36.1285,10.352,43.7815
36.6105,11.0429,44.2698
36.6105,11.0429,44.2698
36.6105,11.0429,44.2698
37.083,11.7421,44.7477
37.083,11.7421,44.7477
37.083,11.7421,44.7477
37.5468,12.4502,45.2146
37.5468,12.4502,45.2146
37.5468,12.4502,45.2146
38.0026,13.1678,45.6702
38.0026,13.1678,45.6702
38.0026,13.1678,45.6702
38.4508,13.895,46.1138
38.4508,13.895,46.1138
38.4508,13.895,46.1138
38.8919,14.6319,46.545
38.8919,14.6319,46.545
38.8919,14.6319,46.545
39.3265,15.3785,46.9634
39.3265,15.3785,46.9634
39.3265,15.3785,46.9634
39.7547,16.1346,47.3686
39.7547,16.1346,47.3686
39.7547,16.1346,47.3686
40.1771,16.9002,47.7602
40.1771,16.9002,47.7602
40.1771,16.9002,47.7602
40.5938,17.6748,48.138
40.5938,17.6748,48.138
40.5938,17.6748,48.138
41.0052,18.4584,48.5017
41.0052,18.4584,48.5017
41.0052,18.4584,48.5017
41.4113,19.2507,48.8511
41.4113,19.2507,48.8511
41.4113,19.2507,48.8511
41.8125,20.0513,49.1858
41.8125,20.0513,49.1858
41.8125,20.0513,49.1858
42.2089,20.8599,49.5058
42.2089,20.8599,49.5058
42.2089,20.8599,49.5058
42.6007,21.6763,49.8107
42.6007,21.6763,49.8107
42.6007,21.6763,49.8107
42.9879,22.5002,50.1005
42.9879,22.5002,50.1005
42.9879,22.5002,50.1005
43.371,23.3298,50.3941
43.371,23.3298,50.3941
43.371,23.3298,50.3941
43.7562,24.1667,50.6857
43.7562,24.1667,50.6857
43.7562,24.1667,50.6857
44.1415,25.01,50.9744
44.1415,25.01,50.9744
44.1415,25.01,50.9744
44.5255,25.8591,51.26
44.5255,25.8591,51.26
44.5255,25.8591,51.26
44.9071,26.7133,51.5421
44.9071,26.7133,51.5421
44.9071,26.7133,51.5421
45.2856,27.5719,51.8257
45.2856,27.5719,51.8257
45.2856,27.5719,51.8257
45.6619,28.4349,52.1091
45.6619,28.4349,52.1091
45.6619,28.4349,52.1091
46.0352,29.3018,52.3922
46.0352,29.3018,52.3922
46.0352,29.3018,52.3922
46.4046,30.1721,52.6751
46.4046,30.1721,52.6751
46.4046,30.1721,52.6751
46.7695,31.0457,52.9577
46.7695,31.0457,52.9577
46.7695,31.0457,52.9577
47.1294,31.9223,53.2401
47.1294,31.9223,53.2401
47.1294,31.9223,53.2401
47.4839,32.8016,53.5223
47.4839,32.8016,53.5223
47.4839,32.8016,53.5223
47.8327,33.6836,53.8044
47.8327,33.6836,53.8044
47.8327,33.6836,53.8044
48.1756,34.5682,54.0865
48.1756,34.5682,54.0865
48.1756,34.5682,54.0865
48.5124,35.4553,54.3685
48.5124,35.4553,54.3685
48.5124,35.4553,54.3685
48.8429,36.3448,54.6506
48.8429,36.3448,54.6506
48.8429,36.3448,54.6506
49.1671,37.2366,54.9328
49.1671,37.2366,54.9328
49.1671,37.2366,54.9328
49.4847,38.1308,55.2151
49.4847,38.1308,55.2151
49.4847,38.1308,55.2151
49.7958,39.0272,55.4975
49.7958,39.0272,55.4975
49.7958,39.0272,55.4975
50.1003,39.9258,55.7801
50.1003,39.9258,55.7801
50.1003,39.9258,55.7801
50.3981,40.8265,56.0629
50.3981,40.8265,56.0629
50.3981,40.8265,56.0629
50.6893,41.7293,56.3459
50.6893,41.7293,56.3459
50.6893,41.7293,56.3459
50.9737,42.6342,56.6291
50.9737,42.6342,56.6291
50.9737,42.6342,56.6291
51.2514,43.541,56.9126
51.2514,43.541,56.9126
51.2514,43.541,56.9126
51.5224,44.4498,57.1962
51.5224,44.4498,57.1962
51.5224,44.4498,57.1962
51.7866,45.3605,57.4801
51.7866,45.3605,57.4801
51.7866,45.3605,57.4801
52.0441,46.273,57.7642
52.0441,46.273,57.7642
52.0441,46.273,57.7642
52.2947,47.1873,58.0486
52.2947,47.1873,58.0486
52.2947,47.1873,58.0486
52.5386,48.1034,58.3332
52.5386,48.1034,58.3332
52.5386,48.1034,58.3332
52.7757,49.0211,58.618
52.7757,49.0211,58.618
52.7757,49.0211,58.618
53.006,49.9405,58.903
53.006,49.9405,58.903
53.006,49.9405,58.903
53.2295,50.8615,59.1882
53.2295,50.8615,59.1882
53.2295,50.8615,59.1882
53.4462,51.7841,59.4736
53.4462,51.7841,59.4736
53.4462,51.7841,59.4736
53.6561,52.7081,59.76
53.6561,52.7081,59.76
53.6561,52.7081,59.76
53.8594,53.6336,60.0471
53.8594,53.6336,60.0471
53.8594,53.6336,60.0471
54.0561,54.5605,60.3349
54.0561,54.5605,60.3349
54.0561,54.5605,60.3349
54.2461,55.4888,60.6235
54.2461,55.4888,60.6235
54.2461,55.4888,60.6235
54.4294,56.4182,60.9127
54.4294,56.4182,60.9127
54.4294,56.4182,60.9127
54.6059,57.3489,61.2026
54.6059,57.3489,61.2026
54.6059,57.3489,61.2026
54.7756,58.2807,61.4931
54.7756,58.2807,61.4931
54.7756,58.2807,61.4931
54.9385,59.2135,61.7843
54.9385,59.2135,61.7843
54.9385,59.2135,61.7843
55.0946,60.1473,62.0761
55.0946,60.1473,62.0761
55.0946,60.1473,62.0761
55.2438,61.082,62.3685
55.2438,61.082,62.3685
55.2438,61.082,62.3685
55.3862,62.0177,62.6615
55.3862,62.0177,62.6615
55.3862,62.0177,62.6615
55.5217,62.9541,62.9552
55.5217,62.9541,62.9552
55.5217,62.9541,62.9552
55.6503,63.8914,63.2494
55.6503,63.8914,63.2494
55.6503,63.8914,63.2494
55.772,64.8294,63.5442
55.772,64.8294,63.5442
55.772,64.8294,63.5442
55.8868,65.7681,63.8395
55.8868,65.7681,63.8395
55.8868,65.7681,63.8395
55.9947,66.7074,64.1354
55.9947,66.7074,64.1354
55.9947,66.7074,64.1354
56.0957,67.6473,64.4318
56.0957,67.6473,64.4318
56.0957,67.6473,64.4318
56.1897,68.5878,64.7287
56.1897,68.5878,64.7287
56.1897,68.5878,64.7287
56.2768,69.5288,65.0261
56.2768,69.5288,65.0261
56.2768,69.5288,65.0261
56.357,70.4703,65.324
56.357,70.4703,65.324
56.357,70.4703,65.324
56.4253,71.4135,65.6198
56.4253,71.4135,65.6198
56.4253,71.4135,65.6198
56.4829,72.3595,65.9107
56.4829,72.3595,65.9107
56.4829,72.3595,65.9107
56.5321,73.3083,66.1949
56.5321,73.3083,66.1949
56.5321,73.3083,66.1949
56.5745,74.2602,66.4715
56.5745,74.2602,66.4715
56.5745,74.2602,66.4715
56.6112,75.2151,66.7402
56.6112,75.2151,66.7402
56.6112,75.2151,66.7402
56.6431,76.1728,67.001
56.6431,76.1728,67.001
56.6431,76.1728,67.001
56.6706,77.1331,67.254
56.6706,77.1331,67.254
56.6706,77.1331,67.254
56.6942,78.0958,67.4993
56.6942,78.0958,67.4993
56.6942,78.0958,67.4993
56.714,79.0608,67.7373
56.714,79.0608,67.7373
56.714,79.0608,67.7373
56.7303,80.028,67.9681
56.7303,80.028,67.9681
56.7303,80.028,67.9681
56.7432,80.997,68.1919
56.7432,80.997,68.1919
56.7432,80.997,68.1919
56.7527,81.9679,68.4087
56.7527,81.9679,68.4087
56.7527,81.9679,68.4087
56.759,82.9405,68.6187
56.759,82.9405,68.6187
56.759,82.9405,68.6187
56.7621,83.9147,68.8218
56.7621,83.9147,68.8218
56.7621,83.9147,68.8218
56.7619,84.8904,69.0183
56.7619,84.8904,69.0183
56.7619,84.8904,69.0183
56.7587,85.8675,69.208
56.7587,85.8675,69.208
56.7587,85.8675,69.208
56.7522,86.8459,69.3911
56.7522,86.8459,69.3911
56.7522,86.8459,69.3911
56.7427,87.8256,69.5674
56.7427,87.8256,69.5674
56.7427,87.8256,69.5674
56.7302,88.8065,69.737
56.7302,88.8065,69.737
56.7302,88.8065,69.737
56.7146,89.7885,69.9
56.7146,89.7885,69.9
56.7146,89.7885,69.9
56.696,90.7716,70.0564
56.696,90.7716,70.0564
56.696,90.7716,70.0564
56.6744,91.7557,70.206
56.6744,91.7557,70.206
56.6744,91.7557,70.206
56.6499,92.7408,70.3489
56.6499,92.7408,70.3489
56.6499,92.7408,70.3489
56.6226,93.7268,70.485
56.6226,93.7268,70.485
56.6226,93.7268,70.485
56.5923,94.7136,70.6144
56.5923,94.7136,70.6144
56.5923,94.7136,70.6144
56.5593,95.7013,70.737
56.5593,95.7013,70.737
56.5593,95.7013,70.737
56.5234,96.6897,70.8527
56.5234,96.6897,70.8527
56.5234,96.6897,70.8527
56.4849,97.6788,70.9615
56.4849,97.6788,70.9615
56.4849,97.6788,70.9615
56.4436,98.6685,71.0635
56.4436,98.6685,71.0635
56.4436,98.6685,71.0635
56.3997,99.6588,71.1586
56.3997,99.6588,71.1586
56.3997,99.6588,71.1586
56.3531,100.65,71.2467
56.3531,100.65,71.2467
56.3531,100.65,71.2467
56.3039,101.641,71.3278
56.3039,101.641,71.3278
56.3039,101.641,71.3278
56.2523,102.633,71.4019
56.2523,102.633,71.4019
56.2523,102.633,71.4019
56.1981,103.625,71.469
56.1981,103.625,71.469
56.1981,103.625,71.469
56.1415,104.617,71.5291
56.1415,104.617,71.5291
56.1415,104.617,71.5291
56.0824,105.61,71.5821
56.0824,105.61,71.5821
56.0824,105.61,71.5821
56.021,106.603,71.6281
56.021,106.603,71.6281
56.021,106.603,71.6281
55.9573,107.596,71.6669
55.9573,107.596,71.6669
55.9573,107.596,71.6669
55.8914,108.589,71.6987
55.8914,108.589,71.6987
55.8914,108.589,71.6987
55.8232,109.582,71.7233
55.8232,109.582,71.7233
55.8232,109.582,71.7233
55.7528,110.575,71.7407
55.7528,110.575,71.7407
55.7528,110.575,71.7407
55.6803,111.568,71.751
55.6803,111.568,71.751
55.6803,111.568,71.751
55.6058,112.561,71.7541
55.6058,112.561,71.7541
55.6058,112.561,71.7541
55.5291,113.554,71.75
55.5291,113.554,71.75
55.5291,113.554,71.75
55.4506,114.547,71.7387
55.4506,114.547,71.7387
55.4506,114.547,71.7387
55.37,115.539,71.7201
55.37,115.539,71.7201
55.37,115.539,71.7201
55.2876,116.531,71.6944
55.2876,116.531,71.6944
55.2876,116.531,71.6944
55.2033,117.523,71.6614
55.2033,117.523,71.6614
55.2033,117.523,71.6614
55.1173,118.514,71.6212
55.1173,118.514,71.6212
55.1173,118.514,71.6212
55.0295,119.505,71.5737
55.0295,119.505,71.5737
55.0295,119.505,71.5737
54.94,120.495,71.5189
54.94,120.495,71.5189
54.94,120.495,71.5189
54.8488,121.485,71.4568
54.8488,121.485,71.4568
54.8488,121.485,71.4568
54.7561,122.474,71.3875
54.7561,122.474,71.3875
54.7561,122.474,71.3875
54.6618,123.462,71.3109
54.6618,123.462,71.3109
54.6618,123.462,71.3109
54.5659,124.45,71.2269
54.5659,124.45,71.2269
54.5659,124.45,71.2269
54.4687,125.437,71.1357
54.4687,125.437,71.1357
54.4687,125.437,71.1357
54.37,126.423,71.0372
54.37,126.423,71.0372
54.37,126.423,71.0372
54.27,127.408,70.9314
54.27,127.408,70.9314
54.27,127.408,70.9314
54.1686,128.392,70.8182
54.1686,128.392,70.8182
54.1686,128.392,70.8182
54.066,129.375,70.6978
54.066,129.375,70.6978
54.066,129.375,70.6978
53.9622,130.358,70.57
53.9622,130.358,70.57
53.9622,130.358,70.57
53.8573,131.339,70.435
53.8573,131.339,70.435
53.8573,131.339,70.435
53.7512,132.319,70.2925
53.7512,132.319,70.2925
53.7512,132.319,70.2925
53.6441,133.297,70.1428
53.6441,133.297,70.1428
53.6441,133.297,70.1428
53.536,134.275,69.9858
53.536,134.275,69.9858
53.536,134.275,69.9858
53.4269,135.251,69.8215
53.4269,135.251,69.8215
53.4269,135.251,69.8215
53.3169,136.225,69.6499
53.3169,136.225,69.6499
53.3169,136.225,69.6499
53.206,137.199,69.471
53.206,137.199,69.471
53.206,137.199,69.471
53.0943,138.171,69.2847
53.0943,138.171,69.2847
53.0943,138.171,69.2847
52.9819,139.141,69.0912
52.9819,139.141,69.0912
52.9819,139.141,69.0912
52.8688,140.11,68.8904
52.8688,140.11,68.8904
52.8688,140.11,68.8904
52.755,141.077,68.6823
52.755,141.077,68.6823
52.755,141.077,68.6823
52.6406,142.042,68.467
52.6406,142.042,68.467
52.6406,142.042,68.467
52.5257,143.006,68.2443
52.5257,143.006,68.2443
52.5257,143.006,68.2443
52.4102,143.968,68.0145
52.4102,143.968,68.0145
52.4102,143.968,68.0145
52.2943,144.929,67.7773
52.2943,144.929,67.7773
52.2943,144.929,67.7773
52.178,145.887,67.533
52.178,145.887,67.533
52.178,145.887,67.533
52.0614,146.843,67.2813
52.0614,146.843,67.2813
52.0614,146.843,67.2813
51.9444,147.798,67.0225
51.9444,147.798,67.0225
51.9444,147.798,67.0225
51.8272,148.75,66.7565
51.8272,148.75,66.7565
51.8272,148.75,66.7565
51.7098,149.701,66.4833
51.7098,149.701,66.4833
51.7098,149.701,66.4833
51.5923,150.649,66.2029
51.5923,150.649,66.2029
51.5923,150.649,66.2029
51.4746,151.595,65.9153
51.4746,151.595,65.9153
51.4746,151.595,65.9153
51.3569,152.539,65.6206
51.3569,152.539,65.6206
51.3569,152.539,65.6206
51.2392,153.481,65.3188
51.2392,153.481,65.3188
51.2392,153.481,65.3188
51.1216,154.42,65.0098
51.1216,154.42,65.0098
51.1216,154.42,65.0098
51.0041,155.357,64.6937
51.0041,155.357,64.6937
51.0041,155.357,64.6937
50.8867,156.292,64.3705
50.8867,156.292,64.3705
50.8867,156.292,64.3705
50.7695,157.224,64.0403
50.7695,157.224,64.0403
50.7695,157.224,64.0403
50.6526,158.153,63.703
50.6526,158.153,63.703
50.6526,158.153,63.703
50.5361,159.08,63.3587
50.5361,159.08,63.3587
50.5361,159.08,63.3587
50.4198,160.005,63.0073
50.4198,160.005,63.0073
50.4198,160.005,63.0073
50.304,160.927,62.649
50.304,160.927,62.649
50.304,160.927,62.649
50.1886,161.846,62.2837
50.1886,161.846,62.2837
50.1886,161.846,62.2837
50.0738,162.762,61.9114
50.0738,162.762,61.9114
50.0738,162.762,61.9114
49.9595,163.676,61.5322
49.9595,163.676,61.5322
49.9595,163.676,61.5322
49.8459,164.587,61.1461
49.8459,164.587,61.1461
49.8459,164.587,61.1461
49.7329,165.495,60.7532
49.7329,165.495,60.7532
49.7329,165.495,60.7532
49.6206,166.4,60.3533
49.6206,166.4,60.3533
49.6206,166.4,60.3533
49.5091,167.302,59.9466
49.5091,167.302,59.9466
49.5091,167.302,59.9466
49.3984,168.201,59.5331
49.3984,168.201,59.5331
49.3984,168.201,59.5331
49.2885,169.097,59.1129
49.2885,169.097,59.1129
49.2885,169.097,59.1129
49.1796,169.99,58.6858
49.1796,169.99,58.6858
49.1796,169.99,58.6858
49.0717,170.88,58.2521
49.0717,170.88,58.2521
49.0717,170.88,58.2521
48.9647,171.767,57.8116
48.9647,171.767,57.8116
48.9647,171.767,57.8116
48.8589,172.651,57.3645
48.8589,172.651,57.3645
48.8589,172.651,57.3645
48.7541,173.531,56.9107
48.7541,173.531,56.9107
48.7541,173.531,56.9107
48.6506,174.408,56.4503
48.6506,174.408,56.4503
48.6506,174.408,56.4503
48.5482,175.281,55.9833
48.5482,175.281,55.9833
48.5482,175.281,55.9833
48.4471,176.151,55.5098
48.4471,176.151,55.5098
48.4471,176.151,55.5098
48.3473,177.018,55.0297
48.3473,177.018,55.0297
48.3473,177.018,55.0297
48.2489,177.881,54.5432
48.2489,177.881,54.5432
48.2489,177.881,54.5432
48.1519,178.741,54.0502
48.1519,178.741,54.0502
48.1519,178.741,54.0502
48.0564,179.597,53.5507
48.0564,179.597,53.5507
48.0564,179.597,53.5507
47.9624,180.45,53.0449
47.9624,180.45,53.0449
47.9624,180.45,53.0449
47.8699,181.299,52.5327
47.8699,181.299,52.5327
47.8699,181.299,52.5327
47.779,182.144,52.0142
47.779,182.144,52.0142
47.779,182.144,52.0142
47.6898,182.986,51.4894
47.6898,182.986,51.4894
47.6898,182.986,51.4894
47.6023,183.824,50.9583
47.6023,183.824,50.9583
47.6023,183.824,50.9583
47.5166,184.658,50.4211
47.5166,184.658,50.4211
47.5166,184.658,50.4211
47.4327,185.488,49.8776
47.4327,185.488,49.8776
47.4327,185.488,49.8776
47.3506,186.315,49.3281
47.3506,186.315,49.3281
47.3506,186.315,49.3281
47.2704,187.137,48.7724
47.2704,187.137,48.7724
47.2704,187.137,48.7724
47.1922,187.956,48.2106
47.1922,187.956,48.2106
47.1922,187.956,48.2106
47.1159,188.77,47.6429
47.1159,188.77,47.6429
47.1159,188.77,47.6429
47.0417,189.581,47.0691
47.0417,189.581,47.0691
47.0417,189.581,47.0691
46.9696,190.387,46.4895
46.9696,190.387,46.4895
46.9696,190.387,46.4895
46.8996,191.19,45.9039
46.8996,191.19,45.9039
46.8996,191.19,45.9039
46.8318,191.988,45.3124
46.8318,191.988,45.3124
46.8318,191.988,45.3124
46.7662,192.782,44.7152
46.7662,192.782,44.7152
46.7662,192.782,44.7152
46.7029,193.572,44.1122
46.7029,193.572,44.1122
46.7029,193.572,44.1122
46.6419,194.358,43.5034
46.6419,194.358,43.5034
46.6419,194.358,43.5034
46.5833,195.139,42.889
46.5833,195.139,42.889
46.5833,195.139,42.889
46.5271,195.916,42.2689
46.5271,195.916,42.2689
46.5271,195.916,42.2689
46.4733,196.689,41.6432
46.4733,196.689,41.6432
46.4733,196.689,41.6432
46.4221,197.458,41.012
46.4221,197.458,41.012
46.4221,197.458,41.012
46.3733,198.222,40.3752
46.3733,198.222,40.3752
46.3733,198.222,40.3752
46.3272,198.982,39.733
46.3272,198.982,39.733
46.3272,198.982,39.733
46.2837,199.737,39.0854
46.2837,199.737,39.0854
46.2837,199.737,39.0854
46.2429,200.488,38.4324
46.2429,200.488,38.4324
46.2429,200.488,38.4324
46.2048,201.234,37.7741
46.2048,201.234,37.7741
46.2048,201.234,37.7741
46.1695,201.976,37.1106
46.1695,201.976,37.1106
46.1695,201.976,37.1106
46.137,202.713,36.4418
46.137,202.713,36.4418
46.137,202.713,36.4418
46.1073,203.445,35.7678
46.1073,203.445,35.7678
46.1073,203.445,35.7678
46.0805,204.173,35.0888
46.0805,204.173,35.0888
46.0805,204.173,35.0888
46.0567,204.896,34.4046
46.0567,204.896,34.4046
46.0567,204.896,34.4046
46.0358,205.615,33.7155
46.0358,205.615,33.7155
46.0358,205.615,33.7155
46.018,206.329,33.0213
46.018,206.329,33.0213
46.018,206.329,33.0213
46.0032,207.038,32.3223
46.0032,207.038,32.3223
46.0032,207.038,32.3223
45.9916,207.742,31.6184
45.9916,207.742,31.6184
45.9916,207.742,31.6184
45.983,208.442,30.9097
45.983,208.442,30.9097
45.983,208.442,30.9097
45.9777,209.136,30.1962
45.9777,209.136,30.1962
45.9777,209.136,30.1962
45.9756,209.826,29.478
45.9756,209.826,29.478
45.9756,209.826,29.478
45.9767,210.511,28.7552
45.9767,210.511,28.7552
45.9767,210.511,28.7552
45.9812,211.191,28.0278
45.9812,211.191,28.0278
45.9812,211.191,28.0278
45.989,211.866,27.2958
45.989,211.866,27.2958
45.989,211.866,27.2958
46.0002,212.537,26.5594
46.0002,212.537,26.5594
46.0002,212.537,26.5594
46.0149,213.202,25.8185
46.0149,213.202,25.8185
46.0149,213.202,25.8185
46.033,213.862,25.0732
46.033,213.862,25.0732
46.033,213.862,25.0732
46.0546,214.517,24.3237
46.0546,214.517,24.3237
46.0546,214.517,24.3237
46.0797,215.168,23.5698
46.0797,215.168,23.5698
46.0797,215.168,23.5698
46.1084,215.813,22.8118
46.1084,215.813,22.8118
46.1084,215.813,22.8118
46.1408,216.453,22.0496
46.1408,216.453,22.0496
46.1408,216.453,22.0496
46.1767,217.088,21.2833
46.1767,217.088,21.2833
46.1767,217.088,21.2833
46.2164,217.718,20.513
46.2164,217.718,20.513
46.2164,217.718,20.513
46.2598,218.342,19.7387
46.2598,218.342,19.7387
46.2598,218.342,19.7387
46.307,218.962,18.9606
46.307,218.962,18.9606
46.307,218.962,18.9606
46.358,219.576,18.1785
46.358,219.576,18.1785
46.358,219.576,18.1785
46.4128,220.186,17.3927
46.4128,220.186,17.3927
46.4128,220.186,17.3927
46.4714,220.79,16.6031
46.4714,220.79,16.6031
46.4714,220.79,16.6031
46.534,221.388,15.8099
46.534,221.388,15.8099
46.534,221.388,15.8099
46.6005,221.982,15.013
46.6005,221.982,15.013
46.6005,221.982,15.013
46.671,222.57,14.2126
46.671,222.57,14.2126
46.671,222.57,14.2126
46.7455,223.153,13.4088
46.7455,223.153,13.4088
46.7455,223.153,13.4088
46.824,223.731,12.6014
46.824,223.731,12.6014
46.824,223.731,12.6014
46.9067,224.303,11.7908
46.9067,224.303,11.7908
46.9067,224.303,11.7908
46.9934,224.87,10.9768
46.9934,224.87,10.9768
46.9934,224.87,10.9768
47.0842,225.432,10.1595
47.0842,225.432,10.1595
47.0842,225.432,10.1595
47.1792,225.988,9.33915
47.1792,225.988,9.33915
47.1792,225.988,9.33915
47.2785,226.54,8.51564
47.2785,226.54,8.51564
47.2785,226.54,8.51564
47.3819,227.085,7.68908
47.3819,227.085,7.68908
47.3819,227.085,7.68908
47.4896,227.626,6.85954
47.4896,227.626,6.85954
47.4896,227.626,6.85954
47.6016,228.16,6.02707
47.6016,228.16,6.02707
47.6016,228.16,6.02707
47.7179,228.69,5.19174
47.7179,228.69,5.19174
47.7179,228.69,5.19174
47.8386,229.214,4.35362
47.8386,229.214,4.35362
47.8386,229.214,4.35362
47.9637,229.733,3.51278
47.9637,229.733,3.51278
47.9637,229.733,3.51278
48.0931,230.246,2.66926
48.0931,230.246,2.66926
48.0931,230.246,2.66926
48.227,230.754,1.82315
48.227,230.754,1.82315
48.227,230.754,1.82315
48.3654,231.256,0.97452
48.3654,231.256,0.97452
48.3654,231.256,0.97452
48.5082,231.753,0.123426
48.5082,231.753,0.123426
48.5082,231.753,0.123426
48.6556,232.244,-0.730074
48.6556,232.244,-0.730074
48.6556,232.244,-0.730074
48.8076,232.73,-1.58591
48.8076,232.73,-1.58591
48.8076,232.73,-1.58591
48.964,233.211,-2.44401
48.964,233.211,-2.44401
48.964,233.211,-2.44401
49.1251,233.686,-3.30431
49.1251,233.686,-3.30431
49.1251,233.686,-3.30431
49.2908,234.155,-4.16674
49.2908,234.155,-4.16674
49.2908,234.155,-4.16674
49.4612,234.619,-5.03125
49.4612,234.619,-5.03125
49.4612,234.619,-5.03125
49.6362,235.078,-5.89774
49.6362,235.078,-5.89774
49.6362,235.078,-5.89774
49.816,235.531,-6.76617
49.816,235.531,-6.76617
49.816,235.531,-6.76617
50.0004,235.978,-7.63646
50.0004,235.978,-7.63646
50.0004,235.978,-7.63646
50.1896,236.42,-8.50855
50.1896,236.42,-8.50855
50.1896,236.42,-8.50855
50.3836,236.857,-9.38236
50.3836,236.857,-9.38236
50.3836,236.857,-9.38236
50.5823,237.288,-10.2578
50.5823,237.288,-10.2578
50.5823,237.288,-10.2578
50.7858,237.713,-11.1349
50.7858,237.713,-11.1349
50.7858,237.713,-11.1349
50.9942,238.133,-12.0135
50.9942,238.133,-12.0135
50.9942,238.133,-12.0135
51.2075,238.547,-12.8935
51.2075,238.547,-12.8935
51.2075,238.547,-12.8935
51.4256,238.956,-13.7749
51.4256,238.956,-13.7749
51.4256,238.956,-13.7749
51.6486,239.36,-14.6576
51.6486,239.36,-14.6576
51.6486,239.36,-14.6576
51.8765,239.758,-15.5416
51.8765,239.758,-15.5416
51.8765,239.758,-15.5416
52.1093,240.15,-16.4267
52.1093,240.15,-16.4267
52.1093,240.15,-16.4267
52.3471,240.537,-17.313
52.3471,240.537,-17.313
52.3471,240.537,-17.313
52.5899,240.918,-18.2003
52.5899,240.918,-18.2003
52.5899,240.918,-18.2003
52.8376,241.294,-19.0886
52.8376,241.294,-19.0886
52.8376,241.294,-19.0886
53.0904,241.665,-19.9777
53.0904,241.665,-19.9777
53.0904,241.665,-19.9777
53.3482,242.029,-20.8677
53.3482,242.029,-20.8677
53.3482,242.029,-20.8677
53.611,242.389,-21.7585
53.611,242.389,-21.7585
53.611,242.389,-21.7585
53.8788,242.743,-22.6499
53.8788,242.743,-22.6499
53.8788,242.743,-22.6499
54.1518,243.091,-23.542
54.1518,243.091,-23.542
54.1518,243.091,-23.542
54.4298,243.434,-24.4346
54.4298,243.434,-24.4346
54.4298,243.434,-24.4346
54.7129,243.772,-25.3277
54.7129,243.772,-25.3277
54.7129,243.772,-25.3277
55.0011,244.104,-26.2212
55.0011,244.104,-26.2212
55.0011,244.104,-26.2212
55.2945,244.43,-27.115
55.2945,244.43,-27.115
55.2945,244.43,-27.115
55.5929,244.752,-28.0091
55.5929,244.752,-28.0091
55.5929,244.752,-28.0091
55.8966,245.067,-28.9034
55.8966,245.067,-28.9034
55.8966,245.067,-28.9034
56.2054,245.378,-29.7978
56.2054,245.378,-29.7978
56.2054,245.378,-29.7978
56.5193,245.683,-30.6923
56.5193,245.683,-30.6923
56.5193,245.683,-30.6923
56.8385,245.982,-31.5868
56.8385,245.982,-31.5868
56.8385,245.982,-31.5868
57.1628,246.276,-32.4812
57.1628,246.276,-32.4812
57.1628,246.276,-32.4812
57.4924,246.565,-33.3755
57.4924,246.565,-33.3755
57.4924,246.565,-33.3755
57.8272,246.848,-34.2695
57.8272,246.848,-34.2695
57.8272,246.848,-34.2695
58.1672,247.126,-35.1632
58.1672,247.126,-35.1632
58.1672,247.126,-35.1632
58.5124,247.399,-36.0566
58.5124,247.399,-36.0566
58.5124,247.399,-36.0566
58.8629,247.667,-36.9495
58.8629,247.667,-36.9495
58.8629,247.667,-36.9495
59.2187,247.929,-37.842
59.2187,247.929,-37.842
59.2187,247.929,-37.842
59.5797,248.185,-38.7338
59.5797,248.185,-38.7338
59.5797,248.185,-38.7338
59.9459,248.437,-39.6251
59.9459,248.437,-39.6251
59.9459,248.437,-39.6251
60.3174,248.683,-40.5156
60.3174,248.683,-40.5156
60.3174,248.683,-40.5156
60.6943,248.924,-41.4053
60.6943,248.924,-41.4053
60.6943,248.924,-41.4053
61.0764,249.16,-42.2942
61.0764,249.16,-42.2942
61.0764,249.16,-42.2942
61.4637,249.39,-43.1821
61.4637,249.39,-43.1821
61.4637,249.39,-43.1821
61.8564,249.616,-44.0691
61.8564,249.616,-44.0691
61.8564,249.616,-44.0691
62.2544,249.836,-44.955
62.2544,249.836,-44.955
62.2544,249.836,-44.955
62.6576,250.051,-45.8398
62.6576,250.051,-45.8398
62.6576,250.051,-45.8398
63.0662,250.26,-46.7234
63.0662,250.26,-46.7234
63.0662,250.26,-46.7234
63.4801,250.465,-47.6057
63.4801,250.465,-47.6057
63.4801,250.465,-47.6057
63.8993,250.665,-48.4867
63.8993,250.665,-48.4867
63.8993,250.665,-48.4867
64.3238,250.859,-49.3663
64.3238,250.859,-49.3663
64.3238,250.859,-49.3663
64.7539,251.048,-50.2407
64.754,251.048,-50.2407
64.754,251.048,-50.2407
65.1906,251.23,-51.1097
65.1906,251.23,-51.1098
65.1906,251.23,-51.1097
65.6341,251.406,-51.9743
65.6341,251.406,-51.9743
65.6341,251.406,-51.9743
66.0848,251.574,-52.8347
66.0848,251.574,-52.8347
66.0848,251.574,-52.8347
66.5429,251.733,-53.6911
66.5429,251.733,-53.6912
66.5429,251.733,-53.6911
67.0085,251.885,-54.5436
67.0085,251.885,-54.5437
67.0085,251.885,-54.5437
67.4816,252.028,-55.3923
67.4816,252.028,-55.3924
67.4816,252.028,-55.3924
67.9623,252.162,-56.2372
67.9623,252.163,-56.2373
67.9623,252.163,-56.2373
68.4506,252.288,-57.0782
68.4505,252.288,-57.0784
68.4505,252.288,-57.0784
68.9464,252.405,-57.9154
68.9463,252.405,-57.9156
68.9463,252.405,-57.9156
69.4497,252.513,-58.7487
69.4496,252.513,-58.7489
69.4496,252.513,-58.7489
69.9604,252.612,-59.578
69.9603,252.612,-59.5783
69.9604,252.612,-59.5782
70.4786,252.701,-60.4033
70.4784,252.702,-60.4036
70.4785,252.702,-60.4035
71.0041,252.782,-61.2245
71.0039,252.782,-61.2249
71.004,252.782,-61.2247
71.5369,252.853,-62.0415
71.5367,252.853,-62.0419
71.5368,252.853,-62.0417
72.077,252.914,-62.8542
72.0767,252.915,-62.8547
72.0768,252.915,-62.8545
72.6241,252.966,-63.6625
72.6238,252.967,-63.663
72.624,252.967,-63.6628
73.1784,253.009,-64.4664
73.178,253.009,-64.4669
73.1782,253.009,-64.4667
73.7397,253.042,-65.2656
73.7393,253.043,-65.2662
73.7395,253.042,-65.2659
74.3079,253.065,-66.0601
74.3075,253.066,-66.0608
74.3076,253.066,-66.0605
74.883,253.079,-66.8497
74.8825,253.08,-66.8505
74.8827,253.079,-66.8502
75.4648,253.083,-67.6344
75.4643,253.084,-67.6352
75.4645,253.084,-67.6349
76.0534,253.078,-68.4139
76.0528,253.079,-68.4148
76.0531,253.078,-68.4144
76.6486,253.062,-69.1882
76.648,253.064,-69.1891
76.6482,253.063,-69.1888
77.2503,253.038,-69.9571
77.2497,253.039,-69.9581
77.2499,253.038,-69.9577
77.8585,253.003,-70.7205
77.8578,253.005,-70.7215
77.8581,253.004,-70.7211
78.4731,252.959,-71.4782
78.4723,252.961,-71.4793
78.4726,252.96,-71.4789
79.094,252.905,-72.2301
79.0931,252.907,-72.2313
79.0935,252.906,-72.2308
79.721,252.842,-72.976
79.7201,252.844,-72.9774
79.7205,252.843,-72.9768
80.3542,252.769,-73.7159
80.3533,252.771,-73.7173
80.3536,252.77,-73.7167
80.9934,252.687,-74.4495
80.9924,252.689,-74.451
80.9928,252.688,-74.4504
81.6384,252.594,-75.1768
81.6374,252.597,-75.1784
81.6378,252.596,-75.1778
82.2894,252.493,-75.8975
82.2882,252.495,-75.8993
82.2887,252.494,-75.8986
82.946,252.382,-76.6117
82.9448,252.384,-76.6135
82.9453,252.383,-76.6128
83.6082,252.261,-77.319
83.607,252.264,-77.321
83.6075,252.262,-77.3202
84.276,252.131,-78.0194
84.2747,252.134,-78.0215
84.2752,252.132,-78.0207
84.9491,251.991,-78.7128
84.9478,251.994,-78.715
84.9483,251.993,-78.7142
85.6276,251.842,-79.399
85.6263,251.845,-79.4014
85.6268,251.844,-79.4005
86.3113,251.683,-80.0779
86.3099,251.687,-80.0804
86.3104,251.685,-80.0794
87.0001,251.516,-80.7494
86.9986,251.519,-80.752
86.9992,251.518,-80.751
87.6938,251.338,-81.4133
87.6923,251.342,-81.416
87.6929,251.341,-81.4149
88.3925,251.152,-82.0695
88.3909,251.156,-82.0723
88.3915,251.154,-82.0712
89.0959,250.956,-82.7178
89.0943,250.961,-82.7209
89.0949,250.959,-82.7196
89.8039,250.752,-83.3582
89.8023,250.756,-83.3614
89.803,250.754,-83.3601
90.5165,250.538,-83.9906
90.5149,250.543,-83.9939
90.5155,250.54,-83.9926
91.2336,250.315,-84.6147
91.2319,250.32,-84.6182
91.2325,250.318,-84.6168
91.9549,250.083,-85.2306
91.9532,250.088,-85.2342
91.9539,250.086,-85.2327
92.6804,249.842,-85.838
92.6787,249.847,-85.8418
92.6794,249.845,-85.8402
93.41,249.592,-86.4368
93.4083,249.598,-86.4408
93.409,249.595,-86.4392
94.1436,249.333,-87.027
94.1418,249.339,-87.0312
94.1425,249.337,-87.0295
94.881,249.065,-87.6084
94.8792,249.072,-87.6128
94.88,249.069,-87.611
95.6222,248.789,-88.1809
95.6203,248.796,-88.1855
95.6211,248.793,-88.1836
96.3669,248.504,-88.7444
96.3651,248.511,-88.7493
96.3658,248.508,-88.7473
97.1152,248.211,-89.2988
97.1133,248.218,-89.3039
97.1141,248.215,-89.3018
97.8668,247.909,-89.844
97.8649,247.916,-89.8493
97.8657,247.913,-89.8471
98.6216,247.598,-90.3798
98.6197,247.606,-90.3853
98.6205,247.603,-90.3831
99.3796,247.279,-90.9062
99.3777,247.287,-90.912
99.3785,247.284,-90.9096
100.141,246.951,-91.4231
100.139,246.96,-91.4291
100.139,246.957,-91.4267
100.904,246.616,-91.9304
100.902,246.625,-91.9366
100.903,246.621,-91.9341
101.671,246.272,-92.4279
101.669,246.281,-92.4344
101.67,246.277,-92.4318
102.44,245.92,-92.9156
102.438,245.93,-92.9224
102.439,245.926,-92.9196
103.212,245.56,-93.3934
103.21,245.57,-93.4004
103.211,245.566,-93.3976
103.986,245.192,-93.8612
103.984,245.202,-93.8685
103.985,245.198,-93.8655
104.762,244.816,-94.3189
104.76,244.827,-94.3264
104.761,244.822,-94.3233
105.541,244.432,-94.7663
105.539,244.444,-94.7742
105.54,244.439,-94.771
106.321,244.041,-95.2035
106.319,244.052,-95.2116
106.32,244.048,-95.2083
107.103,243.642,-95.6303
107.102,243.654,-95.6388
107.102,243.649,-95.6353
107.887,243.235,-96.0467
107.886,243.248,-96.0554
107.886,243.242,-96.0519
108.673,242.821,-96.4525
108.671,242.834,-96.4616
108.672,242.829,-96.4579
109.46,242.4,-96.8478
109.459,242.413,-96.8571
109.459,242.407,-96.8533
110.248,241.971,-97.2323
110.247,241.984,-97.242
110.248,241.979,-97.238
111.038,241.535,-97.606
111.037,241.549,-97.6161
111.037,241.543,-97.612
111.829,241.092,-97.969
111.828,241.106,-97.9793
111.828,241.1,-97.9751
112.621,240.641,-98.321
112.62,240.656,-98.3317
112.62,240.65,-98.3273
113.413,240.184,-98.662
113.412,240.199,-98.673
113.413,240.193,-98.6685
114.206,239.72,-98.9919
114.206,239.736,-99.0033
114.206,239.729,-98.9987
115.0,239.25,-99.3108
115.0,239.265,-99.3225
115.0,239.259,-99.3177
115.795,238.772,-99.6184
115.794,238.789,-99.6306
115.794,238.782,-99.6256
116.589,238.289,-99.9148
116.589,238.305,-99.9274
116.589,238.298,-99.9222
117.384,237.798,-100.2
117.384,237.815,-100.213
117.384,237.808,-100.208
118.179,237.301,-100.474
118.179,237.319,-100.487
118.179,237.312,-100.481
118.974,236.799,-100.736
118.974,236.816,-100.75
118.974,236.809,-100.744
119.768,236.289,-100.987
119.768,236.308,-101.001
119.768,236.3,-100.995
120.562,235.774,-101.226
120.563,235.793,-101.241
120.563,235.785,-101.235
121.356,235.253,-101.454
121.357,235.272,-101.469
121.357,235.265,-101.463
122.149,234.726,-101.67
122.15,234.746,-101.685
122.15,234.738,-101.679
122.942,234.194,-101.874
122.943,234.214,-101.89
122.942,234.206,-101.884
123.733,233.656,-102.067
123.735,233.676,-102.083
123.734,233.668,-102.077
124.524,233.112,-102.248
124.525,233.133,-102.265
124.525,233.124,-102.258
125.313,232.563,-102.417
125.315,232.584,-102.434
125.314,232.575,-102.427
126.102,232.009,-102.574
126.104,232.03,-102.592
126.103,232.021,-102.585
126.888,231.449,-102.72
126.891,231.471,-102.738
126.89,231.462,-102.731
127.674,230.884,-102.853
127.676,230.907,-102.872
127.675,230.898,-102.864
128.458,230.315,-102.975
128.46,230.338,-102.994
128.459,230.328,-102.986
129.24,229.741,-103.085
129.243,229.764,-103.104
129.241,229.754,-103.096
130.02,229.162,-103.182
130.023,229.185,-103.202
130.022,229.176,-103.194
130.798,228.578,-103.268
130.802,228.602,-103.288
130.8,228.592,-103.28
131.574,227.99,-103.341
131.578,228.015,-103.362
131.576,228.004,-103.354
132.347,227.397,-103.403
132.352,227.423,-103.424
132.35,227.412,-103.416
133.119,226.801,-103.452
133.123,226.826,-103.474
133.121,226.816,-103.465
133.887,226.2,-103.49
133.893,226.226,-103.512
133.89,226.215,-103.503
134.654,225.595,-103.515
134.659,225.622,-103.538
134.657,225.611,-103.529
135.417,224.986,-103.528
135.423,225.013,-103.552
135.42,225.002,-103.542
136.177,224.374,-103.529
136.184,224.401,-103.553
136.181,224.39,-103.543
136.935,223.758,-103.518
136.942,223.786,-103.543
136.939,223.774,-103.533
137.689,223.138,-103.495
137.696,223.167,-103.52
137.693,223.155,-103.51
138.44,222.515,-103.459
138.448,222.544,-103.485
138.445,222.532,-103.474
139.188,221.889,-103.412
139.196,221.918,-103.438
139.193,221.906,-103.427
139.932,221.26,-103.352
139.941,221.29,-103.379
139.937,221.277,-103.368
140.673,220.628,-103.28
140.682,220.658,-103.308
140.678,220.645,-103.296
141.41,219.992,-103.196
141.419,220.023,-103.224
141.415,220.01,-103.213
142.142,219.354,-103.1
142.152,219.385,-103.129
142.148,219.373,-103.117
142.871,218.714,-102.992
142.882,218.745,-103.021
142.877,218.732,-103.009
143.596,218.071,-102.872
143.607,218.103,-102.901
143.603,218.09,-102.889
144.317,217.425,-102.739
144.328,217.458,-102.769
144.324,217.444,-102.757
145.033,216.778,-102.595
145.045,216.81,-102.626
145.04,216.797,-102.613
145.745,216.128,-102.438
145.757,216.161,-102.47
145.752,216.147,-102.457
146.452,215.476,-102.27
146.465,215.51,-102.302
146.46,215.496,-102.289
147.155,214.823,-102.089
147.168,214.857,-102.122
147.163,214.843,-102.108
147.853,214.167,-101.897
147.867,214.202,-101.93
147.861,214.188,-101.916
148.546,213.51,-101.692
148.56,213.545,-101.726
148.554,213.531,-101.712
149.233,212.852,-101.476
149.249,212.887,-101.51
149.242,212.873,-101.496
149.916,212.192,-101.248
149.932,212.228,-101.282
149.925,212.213,-101.268
150.594,211.532,-101.007
150.61,211.568,-101.043
150.603,211.553,-101.028
151.266,210.87,-100.755
151.283,210.906,-100.791
151.276,210.891,-100.777
151.932,210.207,-100.492
151.95,210.244,-100.528
151.943,210.228,-100.513
152.593,209.543,-100.216
152.612,209.58,-100.253
152.604,209.565,-100.238
153.249,208.879,-99.929
153.268,208.916,-99.9668
153.26,208.901,-99.9513
153.899,208.214,-99.6302
153.918,208.252,-99.6685
153.91,208.236,-99.6528
154.542,207.549,-99.3197
154.563,207.587,-99.3587
154.554,207.571,-99.3427
155.18,206.883,-98.9977
155.201,206.922,-99.0372
155.193,206.906,-99.021
155.812,206.217,-98.6642
155.834,206.257,-98.7043
155.825,206.24,-98.6878
156.437,205.552,-98.3192
156.46,205.591,-98.36
156.451,205.575,-98.3432
157.057,204.886,-97.9628
157.08,204.926,-98.0042
157.071,204.91,-97.9872
157.669,204.221,-97.5951
157.694,204.261,-97.6371
157.684,204.245,-97.6198
158.276,203.556,-97.2161
158.301,203.597,-97.2587
158.291,203.58,-97.2411
158.876,202.892,-96.8258
158.902,202.933,-96.869
158.891,202.916,-96.8513
159.469,202.228,-96.4244
159.496,202.269,-96.4682
159.485,202.252,-96.4502
160.055,201.565,-96.0119
160.083,201.607,-96.0564
160.071,201.59,-96.0381
160.635,200.903,-95.5884
160.663,200.945,-95.6334
160.651,200.928,-95.6149
161.207,200.242,-95.1539
161.237,200.285,-95.1996
161.224,200.267,-95.1808
161.773,199.583,-94.7086
161.803,199.625,-94.7548
161.79,199.608,-94.7358
162.331,198.924,-94.2524
162.362,198.967,-94.2992
162.349,198.949,-94.28
162.882,198.267,-93.7855
162.914,198.31,-93.8329
162.901,198.293,-93.8134
163.426,197.612,-93.3079
163.459,197.655,-93.3559
163.446,197.637,-93.3362
163.963,196.958,-92.8197
163.997,197.002,-92.8684
163.983,196.984,-92.8484
164.492,196.307,-92.3211
164.526,196.35,-92.3703
164.512,196.332,-92.3501
165.013,195.657,-91.812
165.049,195.701,-91.8618
165.034,195.683,-91.8413
165.527,195.009,-91.2926
165.564,195.053,-91.343
165.549,195.035,-91.3223
166.033,194.364,-90.7629
166.071,194.408,-90.8139
166.055,194.39,-90.7929
166.532,193.72,-90.2231
166.57,193.765,-90.2746
166.554,193.747,-90.2535
167.022,193.08,-89.6732
167.061,193.125,-89.7253
167.045,193.106,-89.7039
167.505,192.442,-89.1133
167.545,192.487,-89.166
167.528,192.468,-89.1444
167.979,191.806,-88.5436
168.021,191.852,-88.5969
168.003,191.833,-88.5749
168.446,191.174,-87.964
168.488,191.22,-88.0179
168.47,191.201,-87.9957
168.904,190.545,-87.3748
168.947,190.59,-87.4292
168.929,190.571,-87.4068
169.354,189.918,-86.7759
169.398,189.964,-86.831
169.38,189.945,-86.8083
169.796,189.295,-86.1676
169.841,189.341,-86.2232
169.822,189.322,-86.2003
170.229,188.675,-85.5499
170.276,188.722,-85.606
170.256,188.703,-85.5829
170.654,188.059,-84.9229
170.702,188.106,-84.9796
170.682,188.086,-84.9562
171.07,187.447,-84.2867
171.119,187.493,-84.344
171.099,187.474,-84.3204
171.478,186.838,-83.6415
171.528,186.885,-83.6992
171.507,186.865,-83.6754
171.877,186.233,-82.9873
171.929,186.28,-83.0456
171.907,186.26,-83.0215
172.268,185.632,-82.3242
172.32,185.679,-82.383
172.299,185.659,-82.3588
172.65,185.035,-81.6524
172.703,185.082,-81.7118
172.681,185.063,-81.6873
173.023,184.442,-80.9719
173.077,184.49,-81.0319
173.055,184.47,-81.0072
173.387,183.854,-80.283
173.443,183.901,-80.3434
173.42,183.882,-80.3185
173.743,183.27,-79.5857
173.799,183.318,-79.6466
173.776,183.298,-79.6215
174.089,182.691,-78.8801
174.147,182.738,-78.9415
174.123,182.719,-78.9161
174.426,182.117,-78.1663
174.486,182.164,-78.2282
174.461,182.144,-78.2027
174.755,181.547,-77.4445
174.815,181.594,-77.5069
174.79,181.575,-77.4811
175.074,180.982,-76.7148
175.136,181.03,-76.7777
175.11,181.01,-76.7517
175.384,180.422,-75.9773
175.447,180.47,-76.0407
175.421,180.45,-76.0145
175.685,179.868,-75.2321
175.749,179.915,-75.296
175.723,179.896,-75.2696
175.977,179.318,-74.4794
176.042,179.366,-74.5437
176.015,179.346,-74.5172
176.26,178.775,-73.7194
176.326,178.822,-73.7841
176.299,178.802,-73.7573
176.533,178.236,-72.952
176.601,178.284,-73.0172
176.573,178.264,-72.9902
176.797,177.703,-72.1775
176.866,177.751,-72.2431
176.837,177.731,-72.216
177.051,177.176,-71.396
177.122,177.224,-71.462
177.092,177.204,-71.4347
177.296,176.655,-70.6076
177.368,176.702,-70.674
177.338,176.683,-70.6465
177.532,176.14,-69.8124
177.605,176.187,-69.8792
177.575,176.167,-69.8516
177.758,175.63,-69.0107
177.833,175.678,-69.0779
177.802,175.658,-69.0501
177.975,175.127,-68.2024
178.051,175.174,-68.2701
178.019,175.155,-68.2421
178.182,174.63,-67.3879
178.259,174.677,-67.4559
178.227,174.658,-67.4278
178.38,174.14,-66.5671
178.458,174.187,-66.6355
178.426,174.167,-66.6072
178.568,173.655,-65.7403
178.648,173.702,-65.8091
178.615,173.683,-65.7806
178.747,173.178,-64.9076
178.828,173.225,-64.9767
178.794,173.205,-64.9481
178.916,172.707,-64.0692
178.998,172.753,-64.1385
178.964,172.734,-64.1098
179.075,172.243,-63.2251
179.159,172.289,-63.2948
179.124,172.27,-63.2659
179.225,171.785,-62.3755
179.31,171.832,-62.4455
179.275,171.812,-62.4165
179.365,171.335,-61.5206
179.451,171.381,-61.5909
179.416,171.362,-61.5618
179.495,170.891,-60.6605
179.583,170.937,-60.7311
179.547,170.918,-60.7019
179.616,170.455,-59.7954
179.705,170.501,-59.8662
179.669,170.482,-59.8369
179.727,170.026,-58.9254
179.818,170.072,-58.9965
179.78,170.053,-58.967
179.828,169.604,-58.0506
179.921,169.65,-58.122
179.883,169.631,-58.0924
179.92,169.19,-57.1713
180.014,169.235,-57.2429
179.975,169.216,-57.2132
180.002,168.783,-56.2875
180.097,168.828,-56.3593
180.058,168.809,-56.3296
180.075,168.383,-55.3995
180.171,168.428,-55.4715
180.131,168.409,-55.4416
180.137,167.992,-54.5073
180.235,168.036,-54.5795
180.195,168.018,-54.5496
180.19,167.608,-53.6111
180.29,167.652,-53.6835
180.249,167.633,-53.6535
180.233,167.231,-52.7111
180.334,167.275,-52.7836
180.293,167.257,-52.7536
180.267,166.863,-51.8074
180.369,166.907,-51.8801
180.327,166.889,-51.85
180.291,166.503,-50.9003
180.395,166.546,-50.9731
180.352,166.528,-50.9429
180.305,166.15,-49.9897
180.411,166.193,-50.0627
180.367,166.176,-50.0324
180.31,165.806,-49.076
180.417,165.849,-49.149
180.372,165.831,-49.1188
180.304,165.47,-48.1592
180.413,165.513,-48.2323
180.368,165.495,-48.202
180.29,165.143,-47.2395
180.4,165.185,-47.3128
180.354,165.167,-47.2824
180.265,164.823,-46.3171
180.377,164.865,-46.3904
180.331,164.848,-46.36
180.232,164.512,-45.3922
180.345,164.554,-45.4655
180.298,164.536,-45.4351
180.188,164.21,-44.4648
180.303,164.251,-44.5382
180.255,164.234,-44.5077
180.135,163.916,-43.5352
180.251,163.957,-43.6086
180.203,163.94,-43.5781
180.072,163.631,-42.6035
180.19,163.671,-42.6769
180.141,163.654,-42.6464
180.0,163.354,-41.6699
180.119,163.394,-41.7432
180.07,163.377,-41.7128
179.919,163.086,-40.7345
180.039,163.126,-40.8078
179.989,163.109,-40.7773
179.828,162.827,-39.7974
179.95,162.866,-39.8707
179.899,162.85,-39.8403
179.727,162.577,-38.859
179.851,162.615,-38.9322
179.8,162.599,-38.9018
179.617,162.335,-37.9193
179.743,162.374,-37.9924
179.691,162.358,-37.962
179.498,162.103,-36.9784
179.625,162.141,-37.0514
179.572,162.125,-37.0211
179.369,161.88,-36.0366
179.498,161.917,-36.1095
179.445,161.901,-36.0792
179.232,161.666,-35.094
179.361,161.702,-35.1668
179.308,161.687,-35.1365
179.084,161.46,-34.1508
179.216,161.497,-34.2234
179.161,161.482,-34.1932
178.928,161.265,-33.2071
179.061,161.3,-33.2795
179.006,161.285,-33.2494
178.763,161.078,-32.2631
178.897,161.113,-32.3353
178.841,161.098,-32.3053
178.588,160.901,-31.3189
178.724,160.935,-31.391
178.668,160.921,-31.361
178.404,160.732,-30.3748
178.542,160.767,-30.4466
178.485,160.752,-30.4167
178.211,160.574,-29.4308
178.351,160.608,-29.5024
178.293,160.593,-29.4726
178.01,160.424,-28.4872
178.15,160.458,-28.5585
178.092,160.444,-28.5289
177.799,160.285,-27.5441
177.941,160.317,-27.6152
177.882,160.304,-27.5856
177.579,160.154,-26.6017
177.723,160.186,-26.6724
177.664,160.173,-26.643
177.351,160.033,-25.6601
177.496,160.065,-25.7305
177.436,160.052,-25.7012
177.114,159.922,-24.7195
177.261,159.953,-24.7896
177.2,159.94,-24.7604
176.868,159.82,-23.7801
177.016,159.851,-23.8498
176.955,159.838,-23.8208
176.613,159.728,-22.8419
176.763,159.758,-22.9113
176.701,159.745,-22.8824
176.35,159.646,-21.9053
176.501,159.675,-21.9743
176.438,159.663,-21.9455
176.078,159.573,-20.9703
176.231,159.602,-21.0388
176.168,159.59,-21.0103
175.798,159.51,-20.0371
175.952,159.538,-20.1052
175.888,159.526,-20.0769
175.509,159.457,-19.1059
175.665,159.484,-19.1735
175.6,159.472,-19.1454
175.212,159.413,-18.1768
175.369,159.44,-18.244
175.304,159.428,-18.216
174.906,159.379,-17.25
175.066,159.405,-17.3166
175.0,159.394,-17.2889
174.593,159.355,-16.3256
174.753,159.381,-16.3918
174.687,159.37,-16.3642
174.271,159.341,-15.4039
174.433,159.366,-15.4695
174.366,159.355,-15.4421
173.941,159.336,-14.4849
174.105,159.361,-14.5499
174.037,159.35,-14.5228
173.603,159.342,-13.5688
173.768,159.365,-13.6333
173.7,159.355,-13.6064
173.257,159.357,-12.6558
173.424,159.38,-12.7197
173.355,159.37,-12.693
172.904,159.382,-11.746
173.072,159.404,-11.8093
173.002,159.395,-11.7829
172.542,159.417,-10.8397
172.712,159.439,-10.9023
172.641,159.43,-10.8762
172.173,159.462,-9.93688
172.344,159.483,-9.99887
172.273,159.474,-9.97296
171.796,159.517,-9.03778
171.969,159.537,-9.09909
171.897,159.528,-9.07345
171.412,159.581,-8.14254
171.586,159.601,-8.20314
171.514,159.592,-8.1778
171.02,159.656,-7.2513
171.195,159.674,-7.3112
171.123,159.667,-7.28614
170.621,159.74,-6.36423
170.797,159.758,-6.4234
170.724,159.75,-6.39864
170.214,159.834,-5.4815
170.392,159.852,-5.5399
170.318,159.844,-5.51545
169.8,159.938,-4.60323
169.98,159.955,-4.66086
169.906,159.948,-4.63673
169.379,160.052,-3.72958
169.56,160.068,-3.78642
169.485,160.061,-3.76262
168.951,160.176,-2.86072
169.134,160.191,-2.91673
169.058,160.185,-2.89327
168.517,160.31,-1.99678
168.7,160.324,-2.05195
168.624,160.318,-2.02883
168.075,160.453,-1.1379
168.26,160.467,-1.19221
168.183,160.461,-1.16946
167.626,160.607,-0.284252
167.813,160.619,-0.337686
167.736,160.614,-0.315295
167.171,160.77,0.564043
167.359,160.782,0.511495
167.281,160.777,0.533528
166.709,160.943,1.40681
166.899,160.954,1.35519
166.82,160.949,1.37684
166.241,161.125,2.24392
166.432,161.136,2.19325
166.353,161.131,2.21452
165.766,161.318,3.07523
165.958,161.327,3.02554
165.879,161.323,3.04641
165.285,161.52,3.90061
165.479,161.529,3.8519
165.399,161.525,3.87238
164.798,161.732,4.7199
164.993,161.74,4.67221
164.912,161.736,4.69226
164.305,161.953,5.53296
164.501,161.961,5.48629
164.42,161.957,5.50593
163.806,162.185,6.33966
164.003,162.191,6.29404
163.921,162.188,6.31325
163.301,162.425,7.13985
163.499,162.431,7.09531
163.417,162.428,7.11408
162.79,162.676,7.93342
162.99,162.681,7.88995
162.907,162.678,7.90829
162.274,162.936,8.7202
162.475,162.94,8.67784
162.391,162.938,8.69572
161.752,163.205,9.50008
161.954,163.208,9.45885
161.87,163.207,9.47626
161.224,163.484,10.2729
161.428,163.487,10.2328
161.343,163.486,10.2498
160.691,163.773,11.0386
160.896,163.774,10.9997
160.811,163.773,11.0161
160.153,164.071,11.7969
160.359,164.071,11.7592
160.274,164.071,11.7752
159.61,164.378,12.5478
159.817,164.378,12.5113
159.731,164.378,12.5268
159.061,164.694,13.2912
159.27,164.694,13.2559
159.183,164.694,13.2709
158.508,165.02,14.0268
158.718,165.019,13.9928
158.631,165.019,14.0072
157.95,165.355,14.7547
158.161,165.353,14.7219
158.073,165.354,14.7358
157.388,165.7,15.4746
157.599,165.696,15.4431
157.511,165.698,15.4565
156.82,166.053,16.1864
157.033,166.049,16.1563
156.945,166.051,16.1691
156.249,166.416,16.8901
156.463,166.411,16.8613
156.374,166.413,16.8735
155.673,166.787,17.5855
155.888,166.781,17.558
155.798,166.784,17.5697
155.092,167.168,18.2724
155.308,167.161,18.2463
155.219,167.164,18.2574
154.508,167.557,18.9508
154.725,167.55,18.9261
154.635,167.553,18.9366
153.92,167.956,19.6205
154.138,167.947,19.5973
154.047,167.951,19.6072
153.328,168.363,20.2815
153.547,168.354,20.2597
153.456,168.357,20.269
152.732,168.779,20.9336
152.952,168.769,20.9132
152.86,168.773,20.922
152.131,169.204,21.5755
152.352,169.193,21.5566
152.261,169.197,21.5648
151.527,169.639,22.2072
151.749,169.627,22.1898
151.657,169.632,22.1973
150.92,170.084,22.8287
151.143,170.072,22.8128
151.051,170.077,22.8198
150.31,170.54,23.4402
150.534,170.527,23.4259
150.441,170.532,23.4321
149.699,171.006,24.0417
149.923,170.992,24.0289
149.83,170.998,24.0345
149.085,171.483,24.6332
149.31,171.468,24.6219
149.217,171.474,24.6269
148.469,171.97,25.2147
148.696,171.954,25.205
148.602,171.961,25.2094
147.852,172.467,25.7862
148.08,172.451,25.7782
147.985,172.458,25.7819
147.234,172.974,26.3477
147.462,172.957,26.3413
147.368,172.964,26.3443
146.615,173.491,26.8991
146.844,173.474,26.8943
146.749,173.481,26.8967
145.995,174.018,27.4404
146.225,174.0,27.4372
146.13,174.007,27.4389
145.375,174.555,27.9714
145.605,174.535,27.9699
145.51,174.543,27.9709
144.754,175.101,28.4921
144.985,175.081,28.4923
144.889,175.089,28.4926
144.132,175.656,29.0025
144.364,175.635,29.0043
144.268,175.644,29.004
143.511,176.221,29.5023
143.743,176.199,29.5059
143.647,176.208,29.5049
142.889,176.794,29.9917
143.122,176.772,29.997
143.025,176.781,29.9952
142.267,177.377,30.4704
142.501,177.354,30.4774
142.404,177.364,30.4749
141.646,177.969,30.9383
141.88,177.945,30.9471
141.783,177.955,30.944
141.025,178.569,31.3955
141.26,178.545,31.4061
141.162,178.555,31.4022
140.404,179.178,31.8418
140.64,179.153,31.8542
140.542,179.164,31.8496
139.785,179.796,32.2772
140.02,179.77,32.2914
139.923,179.781,32.286
139.166,180.422,32.7016
139.402,180.396,32.7175
139.304,180.407,32.7115
138.548,181.057,33.1148
138.785,181.03,33.1326
138.686,181.041,33.1258
137.931,181.7,33.517
138.168,181.672,33.5365
138.07,181.683,33.529
137.315,182.351,33.9078
137.553,182.322,33.9293
137.455,182.334,33.921
136.702,183.01,34.2874
136.94,182.98,34.3108
136.841,182.993,34.3017
136.089,183.677,34.6557
136.328,183.647,34.6809
136.229,183.659,34.671
135.479,184.352,35.0125
135.717,184.321,35.0396
135.618,184.333,35.029
134.87,185.034,35.3579
135.109,185.003,35.3868
135.01,185.016,35.3754
134.263,185.724,35.6917
134.503,185.692,35.7225
134.404,185.705,35.7104
133.659,186.421,36.014
133.899,186.389,36.0467
133.799,186.402,36.0338
133.057,187.126,36.3246
133.297,187.093,36.3593
133.198,187.106,36.3455
132.458,187.838,36.6235
132.698,187.804,36.6601
132.598,187.818,36.6456
131.861,188.557,36.9108
132.102,188.522,36.9493
132.002,188.537,36.934
131.267,189.283,37.1862
131.508,189.248,37.2267
131.408,189.262,37.2106
130.676,190.015,37.4499
130.917,189.98,37.4923
130.817,189.994,37.4754
130.089,190.754,37.7017
130.33,190.718,37.7461
130.23,190.733,37.7284
129.504,191.5,37.9417
129.745,191.464,37.988
129.645,191.479,37.9695
128.923,192.252,38.1697
129.164,192.215,38.218
129.064,192.231,38.1987
128.346,193.011,38.3858
128.587,192.973,38.4361
128.487,192.989,38.416
127.772,193.775,38.59
128.013,193.738,38.6422
127.913,193.753,38.6213
127.202,194.546,38.7821
127.444,194.508,38.8364
127.344,194.524,38.8146
126.636,195.322,38.9623
126.878,195.284,39.0185
126.778,195.3,38.9959
126.075,196.105,39.1304
126.316,196.065,39.1886
126.216,196.082,39.1652
125.518,196.892,39.2865
125.759,196.852,39.3467
125.659,196.869,39.3225
124.965,197.685,39.4305
125.206,197.645,39.4927
125.106,197.662,39.4677
124.416,198.484,39.5624
124.657,198.443,39.6267
124.557,198.46,39.6008
123.873,199.287,39.6823
124.114,199.246,39.7486
124.014,199.263,39.7218
123.334,200.095,39.7901
123.575,200.054,39.8584
123.475,200.071,39.8308
122.8,200.909,39.8857
123.041,200.867,39.9561
122.941,200.884,39.9277
122.272,201.727,39.9693
122.512,201.685,40.0417
122.412,201.702,40.0125
121.748,202.549,40.0409
121.988,202.507,40.1152
121.889,202.524,40.0851
121.231,203.376,40.1003
121.47,203.333,40.1767
121.371,203.351,40.1458
120.718,204.207,40.1476
120.958,204.164,40.2261
120.858,204.182,40.1943
120.212,205.042,40.1829
120.451,204.999,40.2634
120.352,205.017,40.2307
119.711,205.881,40.2061
119.949,205.838,40.2886
119.85,205.856,40.2551
119.216,206.724,40.2172
119.454,206.68,40.3018
119.355,206.699,40.2675
118.727,207.57,40.2163
118.965,207.527,40.303
118.866,207.545,40.2678
118.244,208.42,40.2034
118.482,208.376,40.2921
118.383,208.395,40.2561
117.768,209.273,40.1786
118.005,209.229,40.2693
117.907,209.248,40.2324
117.298,210.13,40.1417
117.535,210.085,40.2344
117.437,210.104,40.1967
116.835,210.989,40.0929
117.071,210.945,40.1877
116.973,210.963,40.1491
116.378,211.851,40.0322
116.614,211.807,40.129
116.516,211.825,40.0896
115.928,212.716,39.9597
116.163,212.671,40.0585
116.066,212.69,40.0182
115.486,213.583,39.8752
115.72,213.538,39.9761
115.623,213.557,39.935
115.05,214.453,39.779
115.284,214.408,39.8819
115.186,214.427,39.84
114.621,215.324,39.671
114.854,215.28,39.7759
114.757,215.298,39.7331
114.2,216.198,39.5513
114.432,216.153,39.6582
114.336,216.172,39.6146
113.786,217.074,39.4199
114.018,217.029,39.5288
113.921,217.048,39.4843
113.379,217.951,39.2769
113.61,217.906,39.3878
113.514,217.925,39.3425
112.98,218.83,39.1222
113.211,218.785,39.2351
113.115,218.804,39.189
112.589,219.71,38.9561
112.819,219.665,39.0709
112.723,219.684,39.024
112.206,220.592,38.7784
112.435,220.547,38.8953
112.34,220.566,38.8475
111.831,221.474,38.5893
112.058,221.429,38.7082
111.964,221.448,38.6596
111.463,222.358,38.3889
111.69,222.313,38.5097
111.596,222.332,38.4603
111.104,223.242,38.1772
111.33,223.197,38.2999
111.236,223.216,38.2497
110.753,224.126,37.9542
110.978,224.082,38.0789
110.885,224.1,38.0279
110.41,225.011,37.72
110.635,224.967,37.8466
110.542,224.985,37.7948
110.076,225.896,37.4748
110.3,225.852,37.6033
110.207,225.871,37.5507
109.751,226.781,37.2184
109.973,226.738,37.3489
109.881,226.756,37.2955
109.433,227.667,36.9512
109.655,227.623,37.0836
109.563,227.641,37.0293
109.125,228.551,36.673
109.346,228.508,36.8073
109.254,228.526,36.7523
108.826,229.436,36.3839
109.045,229.393,36.52
108.954,229.411,36.4642
108.535,230.319,36.0838
108.754,230.277,36.2218
108.663,230.295,36.1652
108.254,231.202,35.7729
108.471,231.16,35.9127
108.381,231.178,35.8554
107.982,232.084,35.4513
108.199,232.042,35.593
108.109,232.06,35.5349
107.72,232.966,35.1191
107.935,232.924,35.2626
107.846,232.941,35.2038
107.467,233.845,34.7766
107.681,233.804,34.9219
107.592,233.822,34.8623
107.224,234.724,34.4237
107.437,234.683,34.5708
107.349,234.7,34.5105
106.991,235.601,34.0607
107.203,235.561,34.2096
107.115,235.578,34.1485
106.767,236.477,33.6875
106.978,236.437,33.8382
106.89,236.453,33.7764
106.554,237.35,33.3044
106.763,237.311,33.4569
106.676,237.327,33.3944
106.35,238.222,32.9114
106.558,238.183,33.0656
106.472,238.199,33.0024
106.156,239.091,32.5087
106.363,239.053,32.6647
106.277,239.069,32.6007
105.973,239.958,32.0964
106.178,239.92,32.254
106.093,239.936,32.1894
105.799,240.823,31.6745
106.003,240.786,31.8339
105.919,240.801,31.7685
105.636,241.685,31.2433
105.839,241.648,31.4043
105.754,241.664,31.3382
105.483,242.544,30.8027
105.685,242.508,30.9654
105.601,242.523,30.8986
105.34,243.4,30.353
105.54,243.365,30.5172
105.457,243.38,30.4498
105.208,244.253,29.8942
105.407,244.218,30.0601
105.324,244.233,29.992
105.086,245.103,29.4264
105.283,245.069,29.5939
105.201,245.083,29.5252
104.975,245.949,28.9499
105.17,245.916,29.119
105.089,245.93,29.0496
104.874,246.792,28.4647
105.068,246.759,28.6353
104.987,246.773,28.5653
104.783,247.63,27.9709
104.976,247.599,28.1431
104.896,247.612,28.0723
104.703,248.465,27.4687
104.895,248.434,27.6423
104.815,248.448,27.571
104.634,249.296,26.9581
104.824,249.266,27.1333
104.745,249.279,27.0613
104.576,250.123,26.4394
104.764,250.093,26.6161
104.686,250.106,26.5435
104.528,250.945,25.9127
104.715,250.916,26.0907
104.637,250.929,26.0176
104.491,251.762,25.378
104.677,251.735,25.5575
104.599,251.747,25.4838
104.465,252.575,24.8356
104.649,252.549,25.0165
104.572,252.56,24.9422
104.45,253.383,24.2856
104.632,253.358,24.4678
104.556,253.369,24.3929
104.445,254.186,23.728
104.626,254.161,23.9116
104.551,254.172,23.8362
104.452,254.984,23.1631
104.631,254.96,23.3481
104.556,254.971,23.2721
104.469,255.777,22.591
104.647,255.754,22.7772
104.573,255.764,22.7007
104.497,256.564,22.0118
104.673,256.542,22.1993
104.6,256.551,22.1223
104.537,257.345,21.4258
104.711,257.324,21.6145
104.638,257.333,21.537
104.587,258.121,20.8329
104.76,258.101,21.0229
104.687,258.11,20.9448
104.648,258.89,20.2334
104.819,258.872,20.4246
104.748,258.88,20.3461
104.72,259.654,19.6275
104.89,259.637,19.8198
104.819,259.644,19.7408
104.803,260.412,19.0152
104.971,260.395,19.2087
104.901,260.403,19.1292
104.897,261.163,18.3968
105.064,261.148,18.5914
104.994,261.155,18.5115
105.003,261.908,17.7724
105.167,261.894,17.9681
105.098,261.9,17.8877
105.119,262.646,17.1421
105.282,262.633,17.3389
105.214,262.639,17.258
105.246,263.377,16.5061
105.407,263.366,16.7039
105.34,263.371,16.6226
105.385,264.102,15.8646
105.544,264.092,16.0634
105.477,264.096,15.9817
105.534,264.819,15.2177
105.691,264.81,15.4175
105.626,264.815,15.3354
105.694,265.53,14.5656
105.85,265.522,14.7663
105.785,265.526,14.6838
105.865,266.233,13.9084
106.019,266.227,14.1101
105.955,266.23,14.0272
106.048,266.929,13.2463
106.2,266.924,13.4489
106.136,266.926,13.3657
106.241,267.617,12.5795
106.392,267.613,12.783
106.329,267.615,12.6994
106.445,268.298,11.9082
106.594,268.295,12.1125
106.532,268.297,12.0285
106.66,268.97,11.2324
106.807,268.97,11.4375
106.746,268.97,11.3533
106.887,269.635,10.5525
107.032,269.636,10.7583
106.971,269.636,10.6738
107.124,270.292,9.86842
107.267,270.294,10.075
107.207,270.294,9.99018
107.371,270.941,9.18051
107.513,270.945,9.38779
107.454,270.944,9.30268
107.63,271.582,8.48886
107.77,271.587,8.69683
107.711,271.585,8.61145
107.9,272.214,7.79368
108.038,272.22,8.00227
107.98,272.218,7.91664
108.18,272.838,7.09509
108.316,272.846,7.30431
108.259,272.843,7.21843
108.471,273.453,6.39331
108.605,273.462,6.60309
108.549,273.459,6.51699
108.773,274.059,5.6885
108.905,274.07,5.89882
108.85,274.066,5.81249
109.085,274.657,4.98083
109.216,274.67,5.19165
109.161,274.665,5.10511
109.408,275.246,4.27047
109.537,275.26,4.48176
109.483,275.255,4.39503
109.742,275.826,3.55761
109.869,275.841,3.76934
109.816,275.836,3.68241
110.086,276.396,2.84239
110.211,276.414,3.05454
110.159,276.407,2.96743
110.441,276.958,2.12501
110.564,276.977,2.33754
110.512,276.97,2.25029
110.806,277.51,1.40566
110.927,277.531,1.61853
110.876,277.523,1.53113
111.181,278.053,0.684489
111.301,278.075,0.897667
111.251,278.067,0.810161
111.567,278.586,-0.0383136
111.685,278.61,0.175155
111.635,278.601,0.0875354
111.963,279.11,-0.762566
112.079,279.136,-0.548849
112.03,279.126,-0.636556
112.369,279.624,-1.48808
112.484,279.652,-1.27416
112.436,279.641,-1.36197
112.785,280.128,-2.21471
112.898,280.158,-2.00062
112.851,280.146,-2.08849
113.212,280.623,-2.94226
113.323,280.654,-2.72804
113.276,280.642,-2.81596
113.648,281.107,-3.67055
113.758,281.14,-3.45623
113.712,281.127,-3.54419
114.095,281.582,-4.39939
114.202,281.616,-4.18502
114.157,281.603,-4.27299
114.551,282.046,-5.12861
114.657,282.083,-4.91421
114.612,282.068,-5.00221
115.017,282.5,-5.85804
115.121,282.539,-5.64366
115.077,282.524,-5.73166
115.493,282.944,-6.58749
115.595,282.985,-6.37317
115.552,282.969,-6.46114
115.978,283.378,-7.3168
116.079,283.42,-7.10257
116.037,283.404,-7.19049
116.473,283.801,-8.04579
116.572,283.845,-7.83166
116.531,283.828,-7.91953
116.978,284.214,-8.77427
117.075,284.26,-8.5603
117.034,284.242,-8.64809
117.492,284.617,-9.50205
117.587,284.664,-9.28827
117.547,284.646,-9.37597
118.015,285.008,-10.229
118.109,285.058,-10.0154
118.069,285.038,-10.103
118.547,285.389,-10.9549
118.639,285.441,-10.7415
118.601,285.421,-10.8291
119.089,285.76,-11.6795
119.179,285.814,-11.4665
119.141,285.792,-11.5539
119.64,286.12,-12.4028
119.728,286.175,-12.19
119.691,286.153,-12.2773
120.199,286.469,-13.1244
120.286,286.526,-12.9121
120.249,286.503,-12.9992
120.768,286.807,-13.8444
120.853,286.866,-13.6324
120.817,286.843,-13.7193
121.345,287.134,-14.5623
121.428,287.195,-14.3508
121.393,287.171,-14.4376
121.93,287.45,-15.2782
122.013,287.514,-15.0671
121.978,287.488,-15.1537
122.525,287.755,-15.9918
122.605,287.821,-15.7812
122.571,287.795,-15.8676
123.128,288.049,-16.7029
123.207,288.117,-16.4929
123.173,288.09,-16.5791
123.739,288.332,-17.4114
123.816,288.402,-17.202
123.783,288.374,-17.2879
124.358,288.604,-18.1171
124.434,288.676,-17.9083
124.402,288.648,-17.994
124.984,288.865,-18.8182
125.058,288.938,-18.6101
125.027,288.909,-18.6955
125.616,289.113,-19.5127
125.689,289.189,-19.3052
125.658,289.159,-19.3903
126.254,289.35,-20.2007
126.325,289.428,-19.9939
126.295,289.397,-20.0788
126.899,289.575,-20.8827
126.968,289.655,-20.6767
126.939,289.623,-20.7612
127.551,289.788,-21.559
127.619,289.87,-21.3538
127.59,289.837,-21.438
128.21,289.987,-22.2297
128.277,290.071,-22.0253
128.248,290.038,-22.1091
128.877,290.174,-22.8946
128.942,290.26,-22.6911
128.914,290.225,-22.7746
129.552,290.347,-23.5537
129.615,290.436,-23.3511
129.588,290.4,-23.4342
130.234,290.508,-24.2069
130.296,290.598,-24.0052
130.27,290.562,-24.088
130.924,290.655,-24.8541
130.985,290.748,-24.6533
130.959,290.711,-24.7357
131.621,290.79,-25.4951
131.681,290.884,-25.2953
131.655,290.846,-25.3773
132.326,290.911,-26.1297
132.384,291.007,-25.931
132.359,290.969,-26.0125
133.038,291.019,-26.7579
133.095,291.117,-26.5603
133.071,291.078,-26.6413
133.757,291.113,-27.3794
133.813,291.214,-27.1829
133.789,291.173,-27.2635
134.483,291.195,-27.9942
134.538,291.297,-27.7989
134.514,291.256,-27.879
135.216,291.263,-28.602
135.27,291.367,-28.4079
135.247,291.325,-28.4875
135.956,291.318,-29.2027
136.008,291.424,-29.0098
135.986,291.381,-29.0889
136.702,291.359,-29.7962
136.753,291.468,-29.6046
136.731,291.424,-29.6831
137.454,291.388,-30.3822
137.504,291.498,-30.1919
137.483,291.454,-30.27
138.213,291.403,-30.9606
138.262,291.515,-30.7717
138.241,291.47,-30.8492
138.977,291.405,-31.5312
139.025,291.519,-31.3437
139.004,291.473,-31.4207
139.747,291.393,-32.094
139.794,291.51,-31.9079
139.773,291.463,-31.9842
140.522,291.368,-32.6486
140.568,291.487,-32.464
140.548,291.439,-32.5397
141.303,291.331,-33.195
141.348,291.451,-33.0118
141.328,291.403,-33.087
142.088,291.28,-33.7329
142.132,291.402,-33.5513
142.113,291.353,-33.6258
142.879,291.215,-34.2623
142.922,291.34,-34.0822
142.903,291.29,-34.1561
143.674,291.138,-34.7829
143.716,291.265,-34.6044
143.698,291.214,-34.6777
144.473,291.048,-35.2945
144.515,291.176,-35.1178
144.497,291.124,-35.1903
145.277,290.944,-35.7971
145.317,291.075,-35.6221
145.3,291.022,-35.6939
146.084,290.828,-36.2905
146.124,290.96,-36.1171
146.107,290.907,-36.1883
146.895,290.698,-36.7745
146.934,290.833,-36.6029
146.917,290.778,-36.6733
147.71,290.556,-37.249
147.748,290.692,-37.0791
147.731,290.637,-37.1488
148.527,290.401,-37.7138
148.565,290.538,-37.5457
148.549,290.483,-37.6147
149.348,290.232,-38.1687
149.385,290.372,-38.0025
149.369,290.315,-38.0708
150.171,290.051,-38.6137
150.208,290.193,-38.4493
150.192,290.136,-38.5168
150.997,289.858,-39.0486
151.033,290.001,-38.8861
151.017,289.943,-38.9528
151.825,289.651,-39.4732
151.861,289.797,-39.3126
151.845,289.738,-39.3786
152.656,289.432,-39.8874
152.69,289.579,-39.7288
152.675,289.52,-39.794
153.487,289.201,-40.2912
153.522,289.35,-40.1346
153.507,289.289,-40.1989
154.321,288.957,-40.6842
154.355,289.108,-40.5297
154.34,289.046,-40.5931
155.156,288.701,-41.0666
155.189,288.853,-40.914
155.174,288.791,-40.9767
155.991,288.432,-41.438
156.025,288.586,-41.2875
156.01,288.523,-41.3493
156.828,288.151,-41.7984
156.861,288.307,-41.65
156.846,288.244,-41.711
157.665,287.858,-42.1477
157.698,288.016,-42.0015
157.683,287.952,-42.0615
158.503,287.553,-42.4858
158.535,287.712,-42.3417
158.521,287.648,-42.4009
159.34,287.236,-42.8126
159.372,287.397,-42.6706
159.358,287.332,-42.7289
160.178,286.908,-43.1279
160.21,287.07,-42.9881
160.195,287.004,-43.0455
161.014,286.567,-43.4316
161.046,286.731,-43.294
161.032,286.664,-43.3506
161.851,286.215,-43.7237
161.883,286.381,-43.5883
161.868,286.313,-43.644
162.686,285.851,-44.0041
162.718,286.019,-43.871
162.704,285.951,-43.9257
163.52,285.476,-44.2726
163.552,285.645,-44.1418
163.538,285.576,-44.1955
164.353,285.09,-44.5293
164.385,285.26,-44.4007
164.371,285.191,-44.4535
165.184,284.693,-44.7739
165.216,284.865,-44.6476
165.202,284.795,-44.6995
166.014,284.284,-45.0065
166.045,284.458,-44.8825
166.031,284.387,-44.9334
166.841,283.865,-45.2268
166.873,284.04,-45.1053
166.859,283.969,-45.1552
167.666,283.435,-45.435
167.698,283.611,-45.3158
167.684,283.539,-45.3648
168.488,282.994,-45.6309
168.52,283.172,-45.514
168.506,283.099,-45.562
169.307,282.543,-45.8144
169.34,282.722,-45.7
169.325,282.649,-45.7469
170.123,282.081,-45.9855
170.156,282.262,-45.8734
170.142,282.188,-45.9194
170.936,281.61,-46.1441
170.969,281.791,-46.0345
170.955,281.717,-46.0795
171.746,281.128,-46.2901
171.779,281.311,-46.183
171.764,281.236,-46.227
172.551,280.636,-46.4236
172.585,280.82,-46.3189
172.57,280.745,-46.3619
173.353,280.134,-46.5444
173.387,280.32,-46.4422
173.372,280.244,-46.4842
174.15,279.623,-46.6526
174.185,279.81,-46.5528
174.17,279.734,-46.5938
174.943,279.103,-46.7481
174.978,279.29,-46.6507
174.963,279.214,-46.6907
175.731,278.573,-46.8308
175.767,278.762,-46.7359
175.751,278.685,-46.7749
176.514,278.034,-46.9007
176.55,278.224,-46.8084
176.535,278.146,-46.8463
177.292,277.486,-46.9578
177.329,277.677,-46.868
177.313,277.599,-46.9049
178.065,276.929,-47.0021
178.102,277.121,-46.9148
178.086,277.043,-46.9506
178.832,276.364,-47.0335
178.869,276.557,-46.9487
178.853,276.478,-46.9835
179.593,275.79,-47.052
179.631,275.984,-46.9698
179.614,275.905,-47.0036
180.347,275.208,-47.0577
180.387,275.403,-46.978
180.37,275.324,-47.0108
181.096,274.618,-47.0505
181.136,274.814,-46.9734
181.119,274.734,-47.005
181.838,274.02,-47.0304
181.879,274.217,-46.9558
181.861,274.137,-46.9864
182.574,273.415,-46.9974
182.615,273.612,-46.9253
182.597,273.532,-46.9549
183.302,272.801,-46.9515
183.344,273.0,-46.882
183.326,272.919,-46.9105
184.023,272.181,-46.8927
184.066,272.38,-46.8258
184.048,272.299,-46.8533
184.737,271.553,-46.821
184.781,271.753,-46.7567
184.762,271.672,-46.7831
185.443,270.919,-46.7365
185.488,271.12,-46.6747
185.469,271.038,-46.7001
186.142,270.277,-46.6392
186.188,270.479,-46.5799
186.168,270.397,-46.6043
186.832,269.63,-46.529
186.879,269.832,-46.4723
186.859,269.749,-46.4956
187.514,268.975,-46.406
187.563,269.178,-46.3519
187.542,269.095,-46.3741
188.188,268.315,-46.2703
188.238,268.518,-46.2187
188.216,268.435,-46.2399
188.854,267.649,-46.1218
188.904,267.852,-46.0728
188.882,267.769,-46.0929
189.51,266.977,-45.9607
189.562,267.181,-45.9142
189.54,267.097,-45.9333
190.158,266.299,-45.7869
190.21,266.504,-45.743
190.188,266.42,-45.761
190.796,265.616,-45.6005
190.85,265.821,-45.5591
190.827,265.737,-45.5761
191.425,264.928,-45.4015
191.48,265.134,-45.3626
191.457,265.05,-45.3786
192.045,264.235,-45.1901
192.101,264.441,-45.1537
192.077,264.357,-45.1687
192.654,263.537,-44.9662
192.712,263.744,-44.9323
192.687,263.659,-44.9462
193.254,262.835,-44.7299
193.313,263.042,-44.6985
193.288,262.958,-44.7114
193.844,262.129,-44.4813
193.904,262.336,-44.4524
193.879,262.251,-44.4643
194.424,261.419,-44.2204
194.485,261.626,-44.194
194.459,261.541,-44.2049
194.993,260.704,-43.9474
195.056,260.912,-43.9234
195.029,260.827,-43.9333
195.552,259.987,-43.6622
195.616,260.194,-43.6407
195.589,260.109,-43.6496
196.099,259.265,-43.3651
196.166,259.473,-43.346
196.138,259.388,-43.3538
196.636,258.541,-43.056
196.704,258.749,-43.0393
196.675,258.664,-43.0461
197.162,257.814,-42.735
197.232,258.022,-42.7207
197.202,257.937,-42.7265
197.677,257.084,-42.4022
197.748,257.292,-42.3904
197.718,257.207,-42.3952
198.181,256.351,-42.0578
198.253,256.559,-42.0483
198.223,256.474,-42.0522
198.673,255.617,-41.7018
198.747,255.824,-41.6947
198.715,255.739,-41.6976
199.153,254.88,-41.3343
199.229,255.088,-41.3295
199.197,255.003,-41.3314
199.622,254.141,-40.9554
199.699,254.349,-40.953
199.666,254.264,-40.9539
200.078,253.401,-40.5652
200.157,253.609,-40.5651
200.124,253.524,-40.5651
200.523,252.66,-40.1639
200.604,252.867,-40.1661
200.57,252.782,-40.1652
200.956,251.917,-39.7516
201.038,252.124,-39.756
201.003,252.039,-39.7542
201.376,251.173,-39.3283
201.46,251.38,-39.335
201.425,251.296,-39.3322
201.784,250.429,-38.8942
201.87,250.636,-38.9031
201.833,250.551,-38.8994
202.179,249.685,-38.4494
202.267,249.891,-38.4605
202.23,249.806,-38.4559
202.562,248.94,-37.994
202.651,249.145,-38.0072
202.613,249.061,-38.0017
202.931,248.195,-37.5281
203.023,248.4,-37.5435
202.984,248.316,-37.5371
203.288,247.45,-37.0518
203.382,247.655,-37.0694
203.343,247.571,-37.0621
203.633,246.706,-36.5654
203.728,246.911,-36.585
203.688,246.827,-36.5769
203.964,245.963,-36.0689
204.061,246.167,-36.0906
204.02,246.083,-36.0816
204.281,245.221,-35.5624
204.38,245.424,-35.5862
204.339,245.34,-35.5764
204.586,244.479,-35.0462
204.687,244.682,-35.072
204.645,244.599,-35.0613
204.877,243.74,-34.5203
204.98,243.941,-34.5482
204.937,243.859,-34.5367
205.155,243.001,-33.985
205.26,243.203,-34.0148
205.216,243.12,-34.0025
205.42,242.265,-33.4403
205.527,242.466,-33.4721
205.482,242.384,-33.459
205.671,241.531,-32.8865
205.779,241.731,-32.9202
205.734,241.649,-32.9062
205.908,240.799,-32.3237
206.019,240.998,-32.3592
205.972,240.917,-32.3445
206.132,240.07,-31.752
206.244,240.268,-31.7894
206.197,240.187,-31.7739
206.341,239.344,-31.1716
206.456,239.541,-31.2108
206.408,239.46,-31.1946
206.537,238.62,-30.5827
206.655,238.816,-30.6237
206.606,238.736,-30.6068
206.72,237.9,-29.9855
206.839,238.095,-30.0282
206.789,238.015,-30.0106
206.888,237.183,-29.3801
207.009,237.377,-29.4246
206.959,237.298,-29.4062
207.042,236.47,-28.7667
207.166,236.663,-28.8128
207.114,236.584,-28.7938
207.183,235.761,-28.1455
207.308,235.953,-28.1933
207.256,235.874,-28.1735
207.309,235.055,-27.5166
207.437,235.247,-27.566
207.383,235.169,-27.5456
207.421,234.355,-26.8803
207.551,234.545,-26.9312
207.497,234.467,-26.9102
207.52,233.658,-26.2367
207.652,233.848,-26.2892
207.596,233.77,-26.2674
207.604,232.967,-25.586
207.738,233.155,-25.64
207.682,233.078,-25.6176
207.674,232.28,-24.9284
207.81,232.467,-24.9838
207.753,232.391,-24.9609
207.73,231.599,-24.2641
207.868,231.785,-24.3209
207.81,231.709,-24.2974
207.771,230.923,-23.5932
207.912,231.108,-23.6515
207.853,231.032,-23.6274
207.799,230.253,-22.9161
207.942,230.436,-22.9757
207.882,230.361,-22.951
207.812,229.588,-22.2328
207.957,229.77,-22.2937
207.897,229.696,-22.2685
207.812,228.93,-21.5436
207.959,229.11,-21.6058
207.897,229.036,-21.58
207.797,228.277,-20.8486
207.946,228.457,-20.9121
207.884,228.383,-20.8858
207.768,227.632,-20.1481
207.919,227.809,-20.2128
207.856,227.737,-20.186
207.724,226.992,-19.4423
207.878,227.169,-19.5081
207.814,227.096,-19.4808
207.667,226.36,-18.7314
207.823,226.535,-18.7983
207.758,226.463,-18.7706
207.596,225.735,-18.0155
207.754,225.908,-18.0835
207.688,225.837,-18.0553
207.51,225.116,-17.295
207.671,225.288,-17.3639
207.604,225.218,-17.3354
207.411,224.506,-16.5699
207.574,224.676,-16.6399
207.506,224.606,-16.6109
207.297,223.902,-15.8405
207.462,224.071,-15.9115
207.394,224.002,-15.8821
207.17,223.307,-15.1071
207.337,223.474,-15.1789
207.268,223.406,-15.1491
207.029,222.72,-14.3698
207.198,222.885,-14.4425
207.128,222.817,-14.4123
206.874,222.14,-13.6288
207.045,222.304,-13.7023
206.974,222.237,-13.6719
206.705,221.569,-12.8844
206.878,221.732,-12.9587
206.806,221.665,-12.9279
206.522,221.007,-12.1368
206.698,221.167,-12.2118
206.625,221.102,-12.1807
206.325,220.453,-11.3862
206.503,220.612,-11.4619
206.429,220.547,-11.4305
206.115,219.908,-10.6328
206.296,220.065,-10.7091
206.221,220.001,-10.6775
205.892,219.373,-9.87683
206.074,219.528,-9.95378
205.998,219.464,-9.92184
205.655,218.846,-9.11852
205.839,218.999,-9.19601
205.762,218.936,-9.16384
205.404,218.329,-8.35808
205.591,218.48,-8.43608
205.513,218.418,-8.40369
205.14,217.821,-7.59573
205.329,217.97,-7.6742
205.251,217.909,-7.64161
204.863,217.323,-6.8317
205.054,217.47,-6.9106
204.975,217.41,-6.87782
204.573,216.834,-6.06619
204.766,216.98,-6.14547
204.686,216.92,-6.11254
204.27,216.356,-5.29946
204.465,216.5,-5.37907
204.384,216.441,-5.34598
203.953,215.888,-4.53172
204.151,216.03,-4.6116
204.069,215.972,-4.57838
203.624,215.43,-3.76317
203.824,215.57,-3.84329
203.741,215.513,-3.80997
203.282,214.983,-2.99405
203.484,215.121,-3.07438
203.4,215.064,-3.04096
202.928,214.546,-2.2246
203.132,214.682,-2.30508
203.047,214.626,-2.27158
202.561,214.119,-1.45502
202.767,214.254,-1.5356
202.681,214.199,-1.50205
202.181,213.704,-0.685543
202.389,213.836,-0.766162
202.303,213.782,-0.732592
201.789,213.3,0.0836114
201.999,213.43,0.00298162
201.912,213.377,0.0365662
201.385,212.906,0.852214
201.597,213.035,0.771636
201.509,212.982,0.805212
200.969,212.524,1.62005
201.183,212.65,1.53955
201.094,212.599,1.5731
200.541,212.154,2.38689
200.757,212.278,2.30651
200.668,212.227,2.34003
200.101,211.794,3.15252
200.32,211.916,3.07232
200.229,211.866,3.10576
199.65,211.447,3.91671
199.87,211.567,3.83674
199.779,211.517,3.87007
199.187,211.111,4.67923
199.409,211.228,4.59953
199.317,211.18,4.63275
198.713,210.787,5.43986
198.937,210.902,5.36048
198.844,210.855,5.39359
198.227,210.474,6.19838
198.453,210.588,6.11937
198.359,210.541,6.15234
197.73,210.174,6.95459
197.958,210.285,6.87598
197.864,210.24,6.90879
197.223,209.886,7.70825
197.453,209.995,7.63011
197.357,209.95,7.66272
196.705,209.61,8.45914
196.936,209.717,8.38149
196.84,209.673,8.4139
196.176,209.346,9.20704
196.409,209.451,9.12995
196.312,209.408,9.16215
195.636,209.095,9.95174
195.872,209.197,9.87524
195.774,209.155,9.90721
195.087,208.856,10.693
195.324,208.956,10.6172
195.225,208.915,10.6489
194.527,208.629,11.4307
194.766,208.727,11.3555
194.667,208.687,11.387
193.958,208.415,12.1645
194.198,208.511,12.0901
194.098,208.472,12.1212
193.378,208.214,12.8943
193.621,208.308,12.8206
193.52,208.27,12.8514
192.789,208.026,13.6198
193.033,208.117,13.5469
192.932,208.08,13.5774
192.191,207.85,14.3408
192.437,207.94,14.2688
192.335,207.903,14.2989
191.584,207.687,15.0571
191.831,207.775,14.986
191.728,207.739,15.0158
190.967,207.538,15.7685
191.216,207.622,15.6983
191.113,207.588,15.7278
190.342,207.401,16.4748
190.592,207.483,16.4057
190.488,207.449,16.4347
189.708,207.277,17.1758
189.96,207.357,17.1077
189.855,207.324,17.1363
189.065,207.166,17.8713
189.319,207.244,17.8043
189.214,207.212,17.8325
188.415,207.068,18.5611
188.67,207.144,18.4952
188.564,207.113,18.5229
187.756,206.984,19.245
188.013,207.057,19.1802
187.906,207.027,19.2075
187.09,206.912,19.9227
187.348,206.984,19.8592
187.241,206.954,19.8859
186.416,206.854,20.5942
186.675,206.923,20.5319
186.567,206.895,20.5581
185.734,206.809,21.2591
185.995,206.876,21.1981
185.887,206.848,21.2238
185.045,206.777,21.9174
185.308,206.842,21.8577
185.199,206.815,21.8829
184.35,206.758,22.5688
184.613,206.821,22.5104
184.504,206.796,22.5351
183.647,206.753,23.2131
183.912,206.814,23.1562
183.802,206.789,23.1802
182.938,206.761,23.8501
183.204,206.819,23.7946
183.094,206.796,23.8181
182.223,206.782,24.4797
182.49,206.839,24.4257
182.379,206.816,24.4486
181.501,206.817,25.1017
181.77,206.871,25.0492
181.658,206.849,25.0715
180.774,206.865,25.7158
181.044,206.916,25.665
180.931,206.895,25.6866
180.04,206.926,26.322
180.312,206.975,26.2727
180.199,206.955,26.2937
179.302,207.0,26.92
179.574,207.047,26.8724
179.461,207.028,26.8927
178.558,207.088,27.5097
178.831,207.133,27.4638
178.718,207.114,27.4834
177.809,207.188,28.0909
178.084,207.231,28.0467
177.97,207.214,28.0656
177.056,207.302,28.6634
177.331,207.343,28.621
177.217,207.327,28.6392
176.298,207.43,29.2271
176.574,207.468,29.1865
176.459,207.452,29.2039
175.535,207.57,29.7819
175.812,207.606,29.7431
175.697,207.591,29.7597
174.769,207.723,30.3274
175.047,207.758,30.2905
174.931,207.744,30.3064
173.998,207.89,30.8637
174.277,207.922,30.8286
174.161,207.909,30.8438
173.224,208.069,31.3904
173.504,208.099,31.3574
173.388,208.087,31.3717
172.447,208.262,31.9076
172.728,208.29,31.8765
172.611,208.278,31.89
171.667,208.467,32.415
171.948,208.493,32.3859
171.831,208.482,32.3986
170.883,208.685,32.9125
171.166,208.709,32.8855
171.048,208.699,32.8973
170.097,208.916,33.4
170.38,208.938,33.375
170.263,208.929,33.386
169.309,209.16,33.8773
169.593,209.18,33.8544
169.475,209.172,33.8645
168.519,209.416,34.3442
168.803,209.434,34.3235
168.685,209.427,34.3327
167.726,209.685,34.8007
168.011,209.701,34.7821
167.893,209.695,34.7904
166.932,209.967,35.2466
167.217,209.981,35.2302
167.099,209.975,35.2376
166.137,210.261,35.6818
166.422,210.273,35.6676
166.304,210.268,35.6741
165.34,210.567,36.1061
165.626,210.577,36.0942
165.507,210.573,36.0998
164.542,210.886,36.5195
164.829,210.894,36.5099
164.71,210.891,36.5145
163.744,211.217,36.9218
164.031,211.223,36.9145
163.912,211.22,36.9182
162.945,211.559,37.313
163.233,211.564,37.308
163.113,211.562,37.3107
162.146,211.914,37.6928
162.434,211.917,37.6902
162.314,211.916,37.6919
161.347,212.281,38.0612
161.635,212.282,38.061
161.516,212.282,38.0617
160.548,212.66,38.4181
160.837,212.659,38.4203
160.717,212.66,38.42
159.75,213.05,38.7634
160.039,213.048,38.768
159.919,213.049,38.7667
158.953,213.452,39.097
159.242,213.448,39.104
159.122,213.45,39.1018
158.156,213.866,39.4188
158.445,213.86,39.4283
158.325,213.862,39.425
157.361,214.291,39.7287
157.65,214.283,39.7407
157.53,214.286,39.7364
156.568,214.727,40.0266
156.857,214.717,40.0411
156.737,214.721,40.0358
155.776,215.174,40.3124
156.065,215.163,40.3295
155.945,215.167,40.3231
154.986,215.632,40.5861
155.275,215.619,40.6058
155.155,215.625,40.5983
154.199,216.101,40.8476
154.487,216.087,40.8698
154.367,216.093,40.8614
153.414,216.581,41.0969
153.702,216.565,41.1217
153.582,216.572,41.1121
152.631,217.071,41.3337
152.92,217.054,41.3611
152.8,217.061,41.3505
151.852,217.572,41.5582
152.14,217.553,41.5882
152.02,217.561,41.5765
151.076,218.083,41.7702
151.364,218.063,41.8029
151.244,218.071,41.7901
150.303,218.604,41.9697
150.59,218.583,42.005
150.471,218.592,41.9911
149.534,219.136,42.1566
149.821,219.112,42.1945
149.702,219.122,42.1795
148.768,219.677,42.3308
149.055,219.652,42.3714
148.936,219.662,42.3554
148.007,220.228,42.4924
148.294,220.202,42.5357
148.175,220.212,42.5185
147.251,220.788,42.6413
147.537,220.761,42.6873
147.418,220.772,42.6689
146.499,221.358,42.7774
146.784,221.329,42.8261
146.666,221.341,42.8066
145.752,221.937,42.9007
146.037,221.907,42.9521
145.918,221.919,42.9315
145.009,222.525,43.0112
145.294,222.493,43.0653
145.176,222.506,43.0436
144.273,223.121,43.1088
144.557,223.089,43.1657
144.439,223.103,43.1429
143.541,223.727,43.1935
143.825,223.694,43.2532
143.707,223.707,43.2293
142.816,224.341,43.2654
143.099,224.307,43.3279
142.981,224.321,43.3028
142.096,224.964,43.3244
142.378,224.928,43.3896
142.261,224.943,43.3633
141.383,225.594,43.3705
141.664,225.557,43.4384
141.547,225.573,43.411
140.676,226.233,43.4036
140.956,226.195,43.4743
140.84,226.211,43.4458
139.976,226.879,43.4239
140.255,226.841,43.4973
140.139,226.857,43.4677
139.282,227.533,43.4311
139.561,227.494,43.5074
139.445,227.51,43.4766
138.596,228.195,43.4255
138.874,228.154,43.5046
138.758,228.171,43.4726
137.917,228.863,43.407
138.194,228.822,43.4888
138.079,228.839,43.4557
137.245,229.539,43.3755
137.521,229.497,43.4602
137.406,229.515,43.4259
