-0.089751,-0.191506,10.9828
-0.0570002,-0.116004,11.4226
-0.0700777,-0.0563389,11.9903
-0.131792,-0.028636,12.6497
-0.240908,-0.0326695,13.3734
-0.385686,-0.0616657,14.1302
-0.554776,-0.109129,14.9021
-0.73228,-0.17393,15.6839
-0.923127,-0.240849,16.4771
-1.11665,-0.31451,17.2823
-1.30578,-0.394743,18.0991
-1.48701,-0.480252,18.9269
-1.66162,-0.569982,19.7651
-1.82406,-0.666045,20.6118
-1.97631,-0.764536,21.4671
-2.12846,-0.858461,22.3303
-2.26806,-0.957501,23.1964
-2.39187,-1.05925,24.0682
-2.50198,-1.15884,24.9456
-2.59807,-1.25742,25.829
-2.69226,-1.35859,26.7211
-2.79007,-1.44434,27.6176
-2.90421,-1.51465,28.5145
-3.02009,-1.58096,29.4091
-3.12447,-1.64727,30.3039
-3.21391,-1.71134,31.2014
-3.29109,-1.77059,32.1018
-3.35324,-1.82749,33.0035
-3.40027,-1.88093,33.9065
-3.4332,-1.93008,34.8107
-3.45557,-1.9731,35.7159
-3.46497,-2.01256,36.6207
-3.4647,-2.04558,37.5263
-3.47012,-2.06862,38.4554
-3.49594,-2.06971,39.3795
-3.54432,-2.05544,40.2982
-3.6103,-2.02899,41.2121
-3.68949,-1.99247,42.1223
-3.77804,-1.9475,43.0299
-3.87282,-1.89521,43.9354
-3.97111,-1.83645,44.8396
-4.07053,-1.77187,45.7429
-4.16912,-1.70189,46.6455
-4.26518,-1.62675,47.5476
-4.35735,-1.54661,48.4495
-4.45497,-1.46584,49.3545
-4.55099,-1.37237,50.2576
-4.64637,-1.27016,51.1584
-4.73846,-1.16031,52.0579
-4.82545,-1.04364,52.9564
-4.906,-0.92072,53.8541
-4.98811,-0.794924,54.7546
-5.08011,-0.660429,55.6547
-5.17617,-0.508602,56.5485
-5.27493,-0.344509,57.4371
-5.3722,-0.170251,58.322
-5.46514,0.0125238,59.2042
-5.55177,0.202546,60.0844
-5.63074,0.398836,60.9629
-5.7008,0.60079,61.8398
-5.76253,0.807344,62.7153
-5.8153,1.01824,63.5894
-5.85862,1.23315,64.4623
-5.89214,1.45174,65.3341
-5.92533,1.67051,66.2097
-5.95241,1.90049,67.0814
-5.97532,2.13742,67.9498
-5.99206,2.37997,68.8158
-6.00139,2.6271,69.68
-6.00247,2.87806,70.5424
-5.99476,3.13227,71.4035
-5.97788,3.3893,72.2632
-5.95161,3.64881,73.1217
-5.9158,3.91055,73.9789
-5.87034,4.17432,74.8348
-5.81519,4.43998,75.6894
-5.75031,4.70738,76.5427
-5.67572,4.97644,77.3945
-5.59142,5.24707,78.2449
-5.49743,5.51921,79.0937
-5.39415,5.79702,79.9608
-5.28905,6.08498,80.8198
-5.18343,6.37884,81.6734
-5.08387,6.67418,82.5288
-4.98369,6.98043,83.3773
-4.88364,7.29292,84.2204
-4.78078,7.61003,85.0594
-4.67312,7.93065,85.8947
-4.55931,8.254,86.7269
-4.43836,8.57956,87.5563
-4.30961,8.90695,88.383
-4.17256,9.23592,89.2071
-4.03555,9.56407,90.0358
-3.89385,9.90136,90.8587
-3.7493,10.2438,91.6776
-3.59974,10.5903,92.4929
-3.44381,10.94,93.3051
-3.28059,11.2922,94.1143
-3.10946,11.6464,94.9205
-2.92999,12.0024,95.7239
-2.7419,12.3598,96.5244
-2.54498,12.7187,97.3221
-2.33912,13.0786,98.1168
-2.12423,13.4397,98.9085
-1.90025,13.8018,99.6972
-1.66718,14.1649,100.483
-1.42501,14.5288,101.265
-1.17374,14.8936,102.044
-0.913388,15.2592,102.82
-0.651619,15.624,103.6
-0.38521,15.9974,104.374
-0.116045,16.3757,105.143
0.157909,16.7577,105.908
0.437926,17.1424,106.669
0.724853,17.5292,107.426
1.01926,17.9178,108.178
1.32154,18.3076,108.927
1.63194,18.6986,109.672
1.95065,19.0904,110.412
2.27777,19.4829,111.149
2.61339,19.8761,111.881
2.95752,20.2698,112.608
3.31018,20.664,113.332
3.66468,21.0576,114.06
4.01629,21.4584,114.79
4.36556,21.8715,115.511
4.71285,22.2921,116.228
5.06154,22.718,116.939
5.41378,23.1478,117.644
5.77105,23.5804,118.345
6.12775,24.0144,119.051
6.48644,24.4574,119.748
6.84604,24.9055,120.44
7.20898,25.3573,121.126
7.57681,25.8118,121.808
7.95057,26.2681,122.484
8.33098,26.7258,123.155
8.71852,27.1844,123.821
9.11352,27.6436,124.482
9.51014,28.1031,125.148
9.90838,28.5708,125.816
10.3032,29.0482,126.476
10.6946,29.5312,127.131
11.0859,30.0182,127.78
11.4765,30.5104,128.436
11.8819,31.0087,129.092
12.2759,31.5185,129.738
12.6593,32.0405,130.378
13.0372,32.5706,131.01
13.4135,33.1063,131.635
13.7909,33.6456,132.254
14.1712,34.1872,132.867
14.556,34.7302,133.473
14.9463,35.274,134.075
15.3428,35.818,134.67
15.746,36.3621,135.26
16.1507,36.9066,135.854
16.5575,37.4577,136.439
16.9655,38.0121,137.018
17.3769,38.5688,137.591
17.793,39.1269,138.158
18.215,39.6857,138.719
18.6434,40.2449,139.275
19.0786,40.8041,139.825
19.5209,41.3631,140.369
19.9705,41.9216,140.907
20.4275,42.4797,141.439
20.892,43.037,141.965
21.3639,43.5936,142.485
21.8434,44.1494,142.999
22.3303,44.7042,143.507
22.8246,45.2581,144.009
23.3263,45.8109,144.504
23.8353,46.3627,144.993
24.3516,46.9133,145.476
24.875,47.4628,145.953
25.4056,48.011,146.422
25.9432,48.5579,146.886
26.4879,49.1035,147.342
27.0394,49.6477,147.792
27.5977,50.1904,148.236
28.1629,50.7316,148.672
28.7347,51.2712,149.102
29.3131,51.8093,149.524
29.8981,52.3457,149.94
30.4896,52.8804,150.349
31.0875,53.4133,150.751
31.7038,53.9556,151.157
32.3154,54.5032,151.553
32.9238,55.0539,151.942
33.5543,55.5968,152.328
34.179,56.1433,152.708
34.796,56.6964,153.085
35.4088,57.2533,153.457
36.02,57.8123,153.822
36.629,58.3745,154.193
37.2343,58.9435,154.553
37.8366,59.5159,154.907
38.4386,60.0902,155.255
39.0421,60.6648,155.596
39.6485,61.239,155.93
40.2564,61.815,156.268
40.8605,62.3992,156.606
41.4575,62.9927,156.934
42.0495,63.5916,157.255
42.6399,64.1936,157.57
43.231,64.797,157.878
43.8245,65.4008,158.178
44.4212,66.004,158.472
45.0221,66.606,158.758
45.6275,67.2065,159.036
46.2377,67.805,159.307
46.8531,68.4014,159.571
47.4737,68.9955,159.827
48.0995,69.587,160.076
48.7291,70.1796,160.327
49.3581,70.7762,160.567
49.9864,71.3746,160.801
50.6159,71.9734,161.027
51.248,72.5718,161.246
51.8832,73.1689,161.457
52.5222,73.7642,161.66
53.1654,74.3575,161.856
53.8451,74.9463,162.049
54.5126,75.5456,162.226
55.172,76.1514,162.396
55.8268,76.7602,162.557
56.5239,77.3254,162.729
57.2194,77.8859,162.87
57.8939,78.4495,163.002
58.5502,79.0207,163.124
59.1934,79.5965,163.235
59.8277,80.1747,163.335
60.4561,80.7539,163.424
61.0809,81.3328,163.502
61.7037,81.9107,163.571
62.3256,82.487,163.63
62.9501,83.0737,163.696
63.5779,83.6668,163.764
64.2096,84.2623,163.834
64.8451,84.8578,163.905
65.4843,85.4519,163.976
66.1269,86.0437,164.047
66.7727,86.6328,164.117
67.4217,87.2189,164.186
68.0738,87.8018,164.253
68.7288,88.3816,164.318
69.3869,88.958,164.381
70.0479,89.5311,164.44
70.7118,90.1009,164.497
71.3787,90.6674,164.551
72.0486,91.2306,164.601
72.7213,91.7905,164.647
73.3969,92.347,164.689
74.0754,92.9003,164.728
74.7567,93.4502,164.762
75.4409,93.9968,164.792
76.1278,94.54,164.818
76.8174,95.08,164.839
77.5097,95.6166,164.856
78.2046,96.1498,164.868
78.9022,96.6798,164.876
79.6023,97.2063,164.88
80.3049,97.7296,164.878
81.0099,98.2494,164.873
81.7174,98.7659,164.862
82.4273,99.2789,164.847
83.1395,99.7886,164.827
83.854,100.295,164.803
84.5707,100.798,164.774
85.2897,101.297,164.74
86.0107,101.793,164.702
86.7339,102.285,164.658
87.4592,102.774,164.611
88.1864,103.26,164.558
88.9157,103.742,164.501
89.6469,104.22,164.438
90.38,104.695,164.372
91.1149,105.166,164.3
91.8517,105.634,164.224
92.5902,106.098,164.143
93.3304,106.558,164.057
94.0723,107.015,163.966
94.8158,107.469,163.871
95.561,107.918,163.771
96.3076,108.364,163.666
97.0558,108.806,163.556
97.8055,109.245,163.442
98.5565,109.68,163.323
99.309,110.111,163.199
100.063,110.538,163.07
100.818,110.961,162.936
101.574,111.381,162.798
102.332,111.797,162.655
103.09,112.209,162.507
103.85,112.618,162.355
104.611,113.022,162.197
105.373,113.423,162.035
106.136,113.82,161.868
106.9,114.213,161.697
107.664,114.602,161.52
108.43,114.987,161.339
109.196,115.369,161.153
109.964,115.746,160.962
110.731,116.119,160.767
111.5,116.489,160.567
112.269,116.855,160.362
113.039,117.216,160.152
113.809,117.574,159.938
114.58,117.927,159.718
115.352,118.277,159.495
116.123,118.623,159.266
116.896,118.964,159.033
117.668,119.302,158.795
118.441,119.636,158.552
119.219,119.971,158.313
120.011,120.319,158.066
120.791,120.679,157.817
121.563,121.048,157.569
122.33,121.42,157.322
123.092,121.794,157.073
123.852,122.167,156.823
124.611,122.539,156.57
125.367,122.908,156.314
126.123,123.274,156.054
126.879,123.637,155.791
127.634,123.997,155.523
128.388,124.352,155.251
129.143,124.704,154.975
129.897,125.052,154.694
130.652,125.395,154.409
131.412,125.738,154.126
132.175,126.088,153.847
132.929,126.447,153.565
133.68,126.811,153.284
134.427,127.179,153.002
135.171,127.547,152.717
135.915,127.915,152.429
136.657,128.281,152.137
137.418,128.642,151.834
138.171,129.007,151.532
138.919,129.376,151.231
139.665,129.748,150.93
140.408,130.12,150.628
141.148,130.491,150.324
141.887,130.859,150.016
142.631,131.229,149.713
143.37,131.601,149.405
144.106,131.974,149.098
144.84,132.347,148.788
145.573,132.718,148.477
146.305,133.088,148.162
147.036,133.454,147.843
147.766,133.817,147.52
148.496,134.177,147.193
149.226,134.533,146.862
149.955,134.885,146.526
150.684,135.232,146.186
151.413,135.576,145.841
152.141,135.915,145.491
152.869,136.25,145.137
153.596,136.581,144.778
154.323,136.908,144.415
155.05,137.23,144.046
155.776,137.548,143.674
156.502,137.862,143.296
157.226,138.172,142.914
157.951,138.477,142.528
158.688,138.77,142.126
159.419,139.068,141.722
160.145,139.374,141.319
160.866,139.685,140.914
161.583,139.999,140.507
162.297,140.312,140.097
163.009,140.625,139.685
163.719,140.935,139.269
164.427,141.243,138.849
165.133,141.548,138.426
165.838,141.849,138.0
166.542,142.146,137.569
167.245,142.439,137.134
167.947,142.728,136.695
168.647,143.013,136.252
169.35,143.28,135.806
170.051,143.548,135.356
170.749,143.821,134.906
171.445,144.098,134.453
172.138,144.376,133.996
172.829,144.655,133.536
173.519,144.932,133.072
174.214,145.212,132.61
174.903,145.497,132.143
175.588,145.786,131.675
176.278,146.082,131.211
176.96,146.384,130.743
177.638,146.692,130.274
178.313,147.001,129.804
178.985,147.311,129.332
179.655,147.619,128.856
180.323,147.924,128.377
180.99,148.227,127.894
181.655,148.527,127.408
182.318,148.822,126.917
182.98,149.114,126.423
183.64,149.402,125.924
184.299,149.686,125.421
184.957,149.965,124.914
185.613,150.24,124.403
186.268,150.51,123.887
186.921,150.777,123.368
187.572,151.039,122.844
188.222,151.296,122.316
188.871,151.549,121.784
189.517,151.798,121.248
190.162,152.042,120.708
190.805,152.282,120.164
191.446,152.517,119.615
192.086,152.749,119.063
192.723,152.975,118.507
193.359,153.197,117.947
193.993,153.415,117.382
194.625,153.629,116.814
195.254,153.838,116.242
195.882,154.042,115.666
196.507,154.243,115.087
197.147,154.445,114.493
197.777,154.654,113.898
198.403,154.867,113.305
199.025,155.081,112.712
199.644,155.295,112.119
200.26,155.507,111.524
200.873,155.717,110.928
201.484,155.923,110.329
202.092,156.126,109.728
202.697,156.325,109.124
203.3,156.52,108.516
203.9,156.71,107.906
204.498,156.897,107.292
205.094,157.078,106.675
205.687,157.256,106.054
206.277,157.429,105.43
206.865,157.597,104.802
207.45,157.762,104.171
208.032,157.921,103.536
208.612,158.076,102.898
209.189,158.227,102.256
209.763,158.374,101.611
210.334,158.516,100.962
210.903,158.653,100.31
211.468,158.786,99.6542
212.031,158.915,98.9954
212.591,159.039,98.3332
213.148,159.159,97.6676
213.702,159.275,96.9989
214.252,159.386,96.3269
214.8,159.493,95.6516
215.345,159.595,94.9732
215.886,159.694,94.2917
216.435,159.792,93.6101
216.987,159.899,92.928
217.532,160.018,92.2446
218.073,160.144,91.5621
218.611,160.274,90.8791
219.145,160.406,90.1947
219.677,160.537,89.5084
220.205,160.667,88.8199
220.729,160.794,88.1288
221.251,160.919,87.4351
221.769,161.04,86.7385
222.284,161.157,86.0392
222.796,161.271,85.3369
223.315,161.385,84.6344
223.826,161.503,83.9287
224.345,161.629,83.2253
224.857,161.764,82.5203
225.365,161.906,81.8161
225.869,162.05,81.1112
226.371,162.195,80.4049
226.868,162.339,79.6967
227.363,162.482,78.9863
227.854,162.622,78.2733
228.342,162.759,77.5578
228.826,162.892,76.8395
229.307,163.021,76.1184
229.795,163.152,75.3969
230.275,163.286,74.6725
230.753,163.424,73.9478
231.226,163.562,73.2219
231.697,163.7,72.4941
232.164,163.835,71.7642
232.627,163.968,71.0318
233.087,164.098,70.297
233.543,164.225,69.5595
233.996,164.348,68.8194
234.445,164.467,68.0765
234.891,164.582,67.331
235.333,164.693,66.5827
235.782,164.804,65.8335
236.224,164.919,65.0816
236.662,165.038,64.3296
237.097,165.157,63.5765
237.528,165.276,62.8217
237.956,165.392,62.0649
238.38,165.506,61.306
238.8,165.617,60.5448
239.217,165.725,59.7812
239.629,165.829,59.0153
240.038,165.929,58.2468
240.443,166.026,57.4759
240.845,166.118,56.7026
241.242,166.206,55.9268
241.635,166.29,55.1486
242.025,166.37,54.368
242.41,166.446,53.5851
242.792,166.518,52.7998
243.169,166.586,52.0121
243.543,166.65,51.2223
243.912,166.709,50.4302
244.277,166.764,49.6359
244.638,166.816,48.8394
244.995,166.863,48.0408
245.348,166.906,47.2401
245.696,166.945,46.4374
246.04,166.98,45.6326
246.38,167.01,44.8259
246.716,167.037,44.0173
247.047,167.06,43.2067
247.375,167.078,42.3943
247.708,167.096,41.5798
248.035,167.119,40.7635
248.358,167.145,39.9472
248.678,167.172,39.1302
248.994,167.198,38.3123
249.307,167.223,37.4931
249.615,167.246,36.6725
249.919,167.252,35.8363
250.219,167.266,35.0017
250.517,167.291,34.1683
250.823,167.325,33.3351
251.123,167.372,32.5027
251.42,167.428,31.6724
251.725,167.491,30.8428
252.024,167.566,30.0141
252.321,167.647,29.1874
252.615,167.733,28.3616
252.905,167.819,27.5359
253.191,167.906,26.7098
253.474,167.991,25.8828
253.753,168.073,25.0547
254.027,168.153,24.2254
254.307,168.233,23.3769
254.58,168.321,22.5315
254.851,168.414,21.6896
255.119,168.51,20.8501
255.384,168.606,20.012
255.646,168.701,19.1747
255.904,168.794,18.3375
256.158,168.884,17.5
256.408,168.971,16.6618
256.654,169.054,15.8228
256.895,169.134,14.9828
257.132,169.21,14.1415
257.365,169.282,13.299
257.593,169.35,12.4552
257.816,169.415,11.6101
258.035,169.475,10.7636
258.249,169.531,9.91568
258.458,169.584,9.06646
258.663,169.632,8.21593
258.863,169.677,7.36408
259.058,169.717,6.51098
259.248,169.754,5.65664
259.434,169.787,4.8011
259.614,169.816,3.94442
259.79,169.842,3.0866
259.961,169.863,2.22771
260.127,169.881,1.36779
260.288,169.895,0.50688
260.444,169.905,-0.354988
260.595,169.911,-1.21776
260.742,169.914,-2.08141
260.883,169.913,-2.94588
261.02,169.908,-3.81113
261.152,169.9,-4.67712
261.278,169.888,-5.5438
261.4,169.872,-6.41114
261.517,169.852,-7.27909
261.628,169.829,-8.14761
261.735,169.802,-9.01665
261.837,169.772,-9.88617
261.934,169.737,-10.7561
262.025,169.7,-11.6265
262.112,169.658,-12.4972
262.204,169.616,-13.3717
262.29,169.579,-14.2463
262.394,169.528,-15.1363
262.496,169.496,-16.0282
262.6,169.482,-16.9179
262.708,169.481,-17.8039
262.819,169.488,-18.6868
262.929,169.501,-19.5672
263.037,169.516,-20.4456
263.142,169.533,-21.3224
263.244,169.55,-22.1982
263.342,169.565,-23.0732
263.435,169.579,-23.9478
263.524,169.59,-24.8221
263.608,169.598,-25.6962
263.686,169.603,-26.5704
263.76,169.605,-27.4446
263.828,169.604,-28.3189
263.902,169.601,-29.197
263.969,169.604,-30.0745
264.034,169.61,-30.951
264.096,169.617,-31.8269
264.153,169.625,-32.7026
264.206,169.631,-33.5781
264.254,169.636,-34.4536
264.297,169.638,-35.3292
264.346,169.639,-36.2088
264.389,169.647,-37.0876
264.43,169.659,-37.9653
264.467,169.672,-38.8424
264.5,169.686,-39.7192
264.529,169.698,-40.5957
264.564,169.711,-41.4762
264.602,169.733,-42.3635
264.638,169.768,-43.2479
264.675,169.813,-44.1294
264.71,169.864,-45.009
264.743,169.917,-45.8872
264.773,169.971,-46.7644
264.798,170.025,-47.641
264.819,170.077,-48.5171
264.836,170.128,-49.393
264.847,170.177,-50.2687
264.854,170.223,-51.1444
264.855,170.266,-52.0199
264.851,170.307,-52.8954
264.85,170.342,-53.7787
264.843,170.382,-54.6611
264.834,170.425,-55.5417
264.834,170.47,-56.4254
264.842,170.525,-57.3111
264.841,170.584,-58.207
264.845,170.663,-59.0964
264.854,170.76,-59.9808
264.865,170.87,-60.8611
264.875,170.986,-61.7383
264.884,171.108,-62.613
264.89,171.231,-63.486
264.892,171.355,-64.3577
264.89,171.479,-65.2284
264.884,171.601,-66.0986
264.874,171.721,-66.9684
264.858,171.839,-67.8379
264.837,171.955,-68.7073
264.811,172.068,-69.5766
264.78,172.177,-70.4458
264.743,172.284,-71.315
264.702,172.388,-72.1842
264.654,172.489,-73.0533
264.601,172.587,-73.9224
264.542,172.682,-74.7914
264.478,172.773,-75.6603
264.4,172.852,-76.5427
264.321,172.937,-77.4217
264.242,173.032,-78.2981
264.164,173.136,-79.1924
264.086,173.257,-80.079
264.01,173.386,-80.9602
263.946,173.523,-81.8419
263.881,173.672,-82.7176
263.818,173.828,-83.5887
263.764,173.989,-84.4613
263.709,174.162,-85.3288
263.655,174.34,-86.1925
263.6,174.522,-87.0534
263.542,174.706,-87.9125
263.48,174.889,-88.7702
263.415,175.072,-89.6271
263.345,175.253,-90.4833
263.27,175.432,-91.339
263.19,175.609,-92.1943
263.105,175.783,-93.0494
263.002,175.941,-93.9305
262.899,176.122,-94.8218
262.799,176.325,-95.7009
262.705,176.542,-96.571
262.614,176.768,-97.4339
262.523,176.998,-98.2911
262.441,177.233,-99.1491
262.356,177.477,-100.001
262.272,177.727,-100.847
262.186,177.979,-101.69
262.098,178.233,-102.53
262.007,178.486,-103.369
261.911,178.739,-104.207
261.811,178.989,-105.043
261.706,179.238,-105.879
261.596,179.484,-106.715
261.48,179.728,-107.549
261.359,179.969,-108.384
261.233,180.208,-109.218
261.109,180.444,-110.058
260.981,180.683,-110.895
260.852,180.924,-111.73
260.721,181.166,-112.564
260.587,181.407,-113.397
260.448,181.647,-114.229
260.305,181.886,-115.06
260.157,182.123,-115.891
260.004,182.358,-116.722
259.845,182.591,-117.552
259.681,182.821,-118.381
259.511,183.049,-119.21
259.324,183.264,-120.053
259.137,183.483,-120.891
258.952,183.71,-121.726
258.768,183.943,-122.559
258.582,184.178,-123.388
258.393,184.414,-124.216
258.211,184.653,-125.048
258.025,184.899,-125.875
257.839,185.15,-126.698
257.651,185.403,-127.52
257.459,185.657,-128.339
257.263,185.913,-129.177
257.065,186.177,-130.008
256.869,186.444,-130.834
256.675,186.714,-131.657
256.479,186.983,-132.477
256.28,187.251,-133.295
256.079,187.517,-134.11
255.874,187.781,-134.925
255.664,188.043,-135.737
255.449,188.302,-136.549
255.23,188.559,-137.359
255.005,188.812,-138.169
254.775,189.063,-138.977
254.54,189.312,-139.784
254.299,189.557,-140.591
254.052,189.8,-141.396
253.8,190.04,-142.2
253.543,190.277,-143.004
253.279,190.512,-143.806
253.01,190.744,-144.606
252.736,190.973,-145.406
252.456,191.2,-146.205
252.17,191.424,-147.002
251.879,191.645,-147.798
251.582,191.864,-148.593
251.279,192.08,-149.386
250.971,192.294,-150.178
250.658,192.504,-150.968
250.339,192.713,-151.757
250.015,192.918,-152.544
249.685,193.121,-153.33
249.35,193.322,-154.114
249.009,193.52,-154.896
248.663,193.715,-155.677
248.311,193.908,-156.456
247.954,194.098,-157.233
247.592,194.285,-158.008
247.225,194.47,-158.781
246.852,194.652,-159.553
246.474,194.832,-160.322
246.09,195.009,-161.09
245.702,195.184,-161.855
245.308,195.356,-162.618
244.909,195.525,-163.379
244.504,195.692,-164.138
244.094,195.856,-164.895
243.68,196.018,-165.649
243.26,196.177,-166.402
242.835,196.334,-167.151
242.404,196.488,-167.899
241.969,196.64,-168.644
241.529,196.788,-169.386
241.083,196.935,-170.126
240.633,197.079,-170.863
240.177,197.22,-171.598
239.717,197.359,-172.33
239.251,197.495,-173.06
238.781,197.629,-173.786
238.305,197.76,-174.51
237.825,197.888,-175.231
237.339,198.014,-175.95
236.849,198.138,-176.665
236.354,198.259,-177.377
235.854,198.377,-178.087
235.349,198.493,-178.794
234.84,198.607,-179.497
234.326,198.718,-180.197
233.811,198.825,-180.904
233.294,198.937,-181.606
232.777,199.051,-182.306
232.258,199.165,-183.005
231.736,199.28,-183.701
231.212,199.394,-184.394
230.684,199.506,-185.085
230.151,199.617,-185.773
229.615,199.726,-186.457
229.074,199.834,-187.138
228.529,199.938,-187.816
227.979,200.041,-188.491
227.425,200.141,-189.162
226.867,200.239,-189.83
226.304,200.334,-190.495
225.736,200.427,-191.155
225.164,200.517,-191.813
224.588,200.605,-192.467
224.007,200.69,-193.117
223.421,200.773,-193.763
222.832,200.853,-194.406
222.238,200.931,-195.045
221.639,201.007,-195.68
221.036,201.08,-196.311
220.429,201.15,-196.939
219.818,201.218,-197.563
219.203,201.284,-198.183
218.583,201.347,-198.799
217.959,201.408,-199.411
217.331,201.467,-200.018
216.699,201.523,-200.622
216.063,201.577,-201.222
215.423,201.628,-201.818
214.779,201.677,-202.41
214.131,201.724,-202.997
213.479,201.768,-203.58
212.823,201.81,-204.16
212.163,201.85,-204.734
211.499,201.887,-205.305
210.819,201.923,-205.887
210.141,201.969,-206.464
209.466,202.02,-207.039
208.792,202.074,-207.611
208.118,202.129,-208.18
207.443,202.184,-208.745
206.767,202.238,-209.307
206.088,202.29,-209.864
205.408,202.341,-210.417
204.724,202.391,-210.966
204.037,202.438,-211.511
203.347,202.482,-212.051
202.654,202.525,-212.586
201.958,202.566,-213.117
201.258,202.604,-213.644
200.555,202.64,-214.165
199.848,202.674,-214.682
199.138,202.705,-215.194
198.41,202.736,-215.717
197.684,202.776,-216.234
196.962,202.821,-216.75
196.241,202.869,-217.264
195.521,202.919,-217.774
194.8,202.968,-218.28
194.078,203.017,-218.783
193.355,203.064,-219.281
192.629,203.11,-219.775
191.901,203.154,-220.264
191.17,203.196,-220.748
190.437,203.236,-221.228
189.701,203.275,-221.703
188.961,203.311,-222.172
188.219,203.345,-222.637
187.473,203.377,-223.097
186.725,203.407,-223.552
185.973,203.435,-224.001
185.219,203.46,-224.446
184.461,203.484,-224.885
183.701,203.506,-225.32
182.937,203.526,-225.749
182.171,203.544,-226.173
181.401,203.56,-226.591
180.629,203.574,-227.005
179.854,203.586,-227.413
179.076,203.597,-227.816
178.296,203.605,-228.213
177.513,203.612,-228.606
176.727,203.616,-228.993
175.938,203.619,-229.374
175.147,203.62,-229.751
174.354,203.619,-230.122
173.558,203.617,-230.487
172.759,203.612,-230.847
171.958,203.606,-231.202
171.155,203.598,-231.551
170.349,203.589,-231.894
169.541,203.577,-232.233
168.731,203.563,-232.577
167.92,203.556,-232.916
167.092,203.553,-233.266
166.269,203.564,-233.614
165.451,203.584,-233.964
164.636,203.609,-234.314
163.822,203.636,-234.662
163.01,203.664,-235.006
162.198,203.692,-235.359
161.387,203.729,-235.708
160.578,203.769,-236.068
159.772,203.821,-236.426
158.969,203.88,-236.785
158.167,203.943,-237.142
157.366,204.008,-237.497
156.563,204.075,-237.848
155.76,204.143,-238.195
154.955,204.209,-238.538
154.148,204.275,-238.875
153.339,204.341,-239.207
152.528,204.404,-239.534
151.715,204.467,-239.856
150.9,204.528,-240.172
150.083,204.588,-240.482
149.264,204.646,-240.787
148.442,204.702,-241.086
147.619,204.757,-241.38
146.793,204.811,-241.667
145.965,204.862,-241.949
145.135,204.911,-242.237
144.303,204.967,-242.532
143.475,205.035,-242.826
142.649,205.111,-243.122
141.825,205.193,-243.416
141.001,205.277,-243.708
140.176,205.363,-243.997
139.351,205.449,-244.282
138.524,205.536,-244.562
137.696,205.622,-244.837
136.867,205.708,-245.107
136.035,205.793,-245.371
135.202,205.876,-245.63
134.368,205.958,-245.884
133.531,206.039,-246.132
132.693,206.119,-246.374
131.853,206.197,-246.61
131.011,206.274,-246.84
130.168,206.35,-247.065
129.323,206.424,-247.284
128.477,206.496,-247.497
127.628,206.568,-247.704
126.779,206.638,-247.905
125.928,206.707,-248.1
125.075,206.774,-248.29
124.221,206.84,-248.473
123.366,206.904,-248.651
122.509,206.968,-248.822
121.651,207.03,-248.988
120.792,207.09,-249.148
119.932,207.15,-249.301
119.07,207.208,-249.449
118.207,207.265,-249.591
117.344,207.32,-249.727
116.479,207.375,-249.856
115.614,207.428,-249.98
114.747,207.48,-250.098
113.88,207.53,-250.21
113.012,207.58,-250.315
112.143,207.628,-250.415
111.273,207.675,-250.509
110.403,207.72,-250.596
109.532,207.765,-250.678
108.66,207.808,-250.753
107.788,207.851,-250.822
106.915,207.892,-250.886
106.038,207.93,-250.954
105.162,207.975,-251.018
104.287,208.025,-251.081
103.413,208.078,-251.141
102.539,208.132,-251.198
101.662,208.184,-251.26
100.786,208.246,-251.321
99.9111,208.313,-251.381
99.0376,208.382,-251.438
98.1646,208.454,-251.493
97.2918,208.527,-251.543
96.419,208.6,-251.589
95.5463,208.672,-251.63
94.6734,208.745,-251.665
93.8005,208.817,-251.694
92.9274,208.888,-251.718
92.0542,208.958,-251.735
91.1808,209.027,-251.747
90.3074,209.095,-251.752
89.4339,209.163,-251.752
88.5605,209.229,-251.745
87.687,209.294,-251.732
86.8136,209.359,-251.714
85.9402,209.422,-251.688
85.067,209.484,-251.657
84.194,209.546,-251.62
83.3212,209.606,-251.576
82.4486,209.666,-251.527
81.5764,209.724,-251.471
80.7045,209.781,-251.409
79.833,209.838,-251.341
78.962,209.894,-251.267
78.0914,209.948,-251.187
77.2214,210.002,-251.1
76.3519,210.055,-251.008
75.483,210.107,-250.909
74.6149,210.158,-250.804
73.7474,210.208,-250.693
72.8807,210.258,-250.576
72.0147,210.306,-250.453
71.1496,210.354,-250.324
70.2854,210.401,-250.189
69.4221,210.447,-250.047
68.5598,210.492,-249.9
67.678,210.536,-249.746
66.8009,210.591,-249.594
65.9269,210.651,-249.443
65.0559,210.714,-249.293
64.1875,210.778,-249.141
63.3214,210.843,-248.986
62.451,210.906,-248.837
61.5834,210.978,-248.687
60.7181,211.053,-248.538
59.8547,211.132,-248.388
58.9928,211.212,-248.234
58.1261,211.29,-248.086
57.2619,211.378,-247.937
56.3996,211.47,-247.789
55.539,211.566,-247.639
54.6798,211.663,-247.486
53.8219,211.762,-247.329
52.9654,211.861,-247.168
52.1102,211.96,-247.002
51.2496,212.057,-246.839
50.3711,212.164,-246.675
49.4987,212.286,-246.517
48.6303,212.415,-246.366
47.7654,212.55,-246.219
46.9035,212.688,-246.072
46.0443,212.827,-245.924
45.1873,212.968,-245.773
44.3323,213.109,-245.618
43.4791,213.25,-245.459
42.6275,213.39,-245.295
41.7776,213.53,-245.126
40.9291,213.67,-244.951
40.0821,213.809,-244.77
39.2366,213.947,-244.584
38.3926,214.085,-244.391
37.55,214.222,-244.193
36.7088,214.358,-243.989
35.8692,214.494,-243.778
35.0311,214.63,-243.561
34.1946,214.765,-243.339
33.3597,214.899,-243.11
32.5264,215.033,-242.875
31.6947,215.166,-242.634
30.8648,215.299,-242.387
30.0366,215.431,-242.134
29.2102,215.563,-241.876
28.3856,215.694,-241.611
27.5629,215.825,-241.34
26.7421,215.955,-241.063
25.9232,216.085,-240.781
25.1063,216.215,-240.492
24.2914,216.344,-240.198
23.4787,216.473,-239.897
22.668,216.601,-239.591
21.8594,216.728,-239.279
21.0531,216.856,-238.962
20.2379,216.981,-238.643
19.4259,217.115,-238.323
18.616,217.253,-238.004
17.8082,217.394,-237.684
17.0028,217.537,-237.362
16.1996,217.681,-237.036
15.3988,217.825,-236.707
14.6004,217.969,-236.373
13.8044,218.114,-236.034
13.0109,218.258,-235.69
12.2198,218.403,-235.341
11.4314,218.547,-234.986
10.6454,218.69,-234.626
9.86211,218.834,-234.26
9.08142,218.977,-233.889
8.30341,219.119,-233.512
7.52812,219.262,-233.13
6.75556,219.404,-232.742
5.97832,219.539,-232.331
5.20381,219.682,-231.924
4.42991,219.834,-231.522
3.65774,219.992,-231.122
2.87873,220.151,-230.73
2.08904,220.321,-230.332
1.30385,220.506,-229.945
0.518217,220.701,-229.57
-0.266136,220.902,-229.201
-1.04826,221.107,-228.836
-1.8277,221.316,-228.472
-2.60424,221.527,-228.107
-3.37779,221.738,-227.74
-4.14833,221.951,-227.37
-4.91584,222.163,-226.996
-5.68036,222.375,-226.618
-6.44189,222.587,-226.235
-7.20042,222.798,-225.848
-7.95593,223.009,-225.455
-8.70846,223.22,-225.057
-9.45796,223.43,-224.653
-10.2044,223.64,-224.244
-10.9478,223.849,-223.83
-11.6881,224.057,-223.41
-12.4253,224.266,-222.984
-13.1594,224.473,-222.554
-13.8903,224.681,-222.117
-14.6179,224.888,-221.676
-15.3521,225.092,-221.235
-16.0823,225.304,-220.792
-16.8105,225.52,-220.351
-17.5363,225.739,-219.908
-18.2595,225.959,-219.463
-18.98,226.18,-219.015
-19.6974,226.403,-218.562
-20.4117,226.625,-218.106
-21.1229,226.848,-217.644
-21.8307,227.071,-217.178
-22.5353,227.293,-216.707
-23.2364,227.516,-216.232
-23.9341,227.739,-215.751
-24.6467,227.965,-215.256
-25.354,228.201,-214.766
-26.0591,228.44,-214.281
-26.7612,228.682,-213.797
-27.4602,228.925,-213.314
-28.1558,229.168,-212.829
-28.8479,229.412,-212.342
-29.5364,229.656,-211.851
-30.2213,229.9,-211.357
-30.9025,230.143,-210.859
-31.5799,230.386,-210.357
-32.2536,230.629,-209.85
-32.9339,230.869,-209.344
-33.6098,231.116,-208.837
-34.2837,231.368,-208.332
-34.9551,231.621,-207.826
-35.6235,231.877,-207.317
-36.2886,232.134,-206.806
-36.9607,232.389,-206.296
-37.6393,232.65,-205.792
-38.3154,232.922,-205.295
-38.9908,233.202,-204.804
-39.6645,233.486,-204.315
-40.3358,233.773,-203.827
-41.0044,234.063,-203.337
-41.6699,234.354,-202.845
-42.332,234.646,-202.349
-42.9907,234.939,-201.85
-43.6458,235.232,-201.346
-44.2972,235.525,-200.839
-44.9448,235.819,-200.326
-45.5991,236.11,-199.814
-46.249,236.409,-199.302
-46.8968,236.712,-198.791
-47.5419,237.017,-198.28
-48.184,237.324,-197.767
-48.8228,237.632,-197.251
-49.458,237.941,-196.732
-50.0896,238.251,-196.209
-50.7174,238.561,-195.682
-51.3413,238.871,-195.151
-51.9612,239.182,-194.615
-52.5771,239.492,-194.074
-53.1889,239.803,-193.53
-53.7966,240.113,-192.98
-54.4002,240.424,-192.426
-54.9995,240.734,-191.868
-55.6111,241.05,-191.294
-56.2177,241.375,-190.726
-56.8225,241.703,-190.164
-57.4356,242.031,-189.607
-58.0451,242.367,-189.057
-58.6533,242.707,-188.512
-59.2591,243.05,-187.969
-59.862,243.395,-187.427
-60.4615,243.741,-186.884
-61.0574,244.087,-186.338
-61.6495,244.434,-185.79
-62.2375,244.781,-185.239
-62.8324,245.126,-184.687
-63.4226,245.479,-184.137
-64.0108,245.835,-183.589
-64.5961,246.193,-183.04
-65.1782,246.553,-182.491
-65.7567,246.915,-181.939
-66.3313,247.277,-181.384
-66.9018,247.639,-180.826
-67.4681,248.003,-180.264
-68.0301,248.366,-179.698
-68.5877,248.729,-179.128
-69.1409,249.093,-178.554
-69.6896,249.457,-177.976
-70.2337,249.82,-177.394
-70.7733,250.184,-176.807
-71.3082,250.548,-176.216
-71.8385,250.911,-175.621
-72.3754,251.273,-175.025
-72.9075,251.642,-174.429
-73.4376,252.015,-173.836
-73.9649,252.39,-173.243
-74.4887,252.766,-172.649
-75.0088,253.144,-172.052
-75.5247,253.523,-171.453
-76.0364,253.902,-170.851
-76.5435,254.282,-170.245
-77.0461,254.661,-169.636
-77.5441,255.041,-169.023
-78.0373,255.421,-168.407
-78.5257,255.801,-167.786
-79.0093,256.181,-167.162
-79.4994,256.559,-166.536
-79.9963,256.943,-165.914
-80.4913,257.338,-165.3
-80.9866,257.738,-164.692
-81.4803,258.142,-164.087
-81.9714,258.549,-163.483
-82.4593,258.957,-162.879
-82.9549,259.366,-162.275
-83.4465,259.783,-161.674
-83.9366,260.203,-161.078
-84.4241,260.626,-160.482
-84.9084,261.051,-159.886
-85.389,261.477,-159.288
-85.8654,261.905,-158.689
-86.3373,262.332,-158.086
-86.8047,262.761,-157.481
-87.2789,263.188,-156.874
-87.7593,263.622,-156.266
-88.2382,264.064,-155.667
-88.718,264.51,-155.075
-89.197,264.959,-154.487
-89.6861,265.411,-153.899
-90.173,265.871,-153.299
-90.6615,266.34,-152.716
-91.1532,266.818,-152.148
-91.6452,267.302,-151.589
-92.1358,267.79,-151.036
-92.624,268.281,-150.487
-93.109,268.773,-149.939
-93.5903,269.266,-149.391
-94.0676,269.76,-148.841
-94.5406,270.254,-148.289
-95.0092,270.748,-147.735
-95.4847,271.241,-147.179
-95.9551,271.741,-146.626
-96.4234,272.243,-146.077
-96.8888,272.747,-145.528
-97.3505,273.252,-144.979
-97.8083,273.759,-144.427
-98.2617,274.266,-143.874
-98.7107,274.773,-143.317
-99.1549,275.281,-142.758
-99.5943,275.789,-142.195
-100.029,276.297,-141.628
-100.458,276.806,-141.058
-100.883,277.314,-140.485
-101.303,277.822,-139.908
-101.717,278.331,-139.327
-102.126,278.839,-138.743
-102.531,279.347,-138.155
-102.929,279.856,-137.563
-103.323,280.364,-136.969
-103.712,280.872,-136.37
-104.095,281.381,-135.769
-104.473,281.889,-135.163
-104.846,282.397,-134.555
-105.213,282.905,-133.943
-105.576,283.413,-133.328
-105.933,283.92,-132.71
-106.284,284.428,-132.089
-106.63,284.935,-131.464
-106.971,285.443,-130.836
-107.306,285.95,-130.206
-107.636,286.457,-129.572
-107.972,286.974,-128.922
-108.303,287.497,-128.281
-108.634,288.022,-127.645
-108.957,288.546,-126.991
-109.281,289.072,-126.344
-109.609,289.602,-125.707
-109.938,290.134,-125.077
-110.266,290.667,-124.45
-110.604,291.201,-123.826
-110.939,291.741,-123.209
-111.274,292.285,-122.598
-111.607,292.83,-121.99
-111.937,293.376,-121.383
-112.263,293.923,-120.776
-112.596,294.469,-120.168
-112.937,295.022,-119.565
-113.277,295.583,-118.973
-113.618,296.148,-118.389
-113.958,296.717,-117.81
-114.295,297.287,-117.232
-114.628,297.859,-116.655
-114.958,298.431,-116.077
-115.283,299.005,-115.498
-115.603,299.578,-114.917
-115.918,300.152,-114.334
-116.228,300.726,-113.748
-116.532,301.3,-113.16
-116.831,301.874,-112.569
-117.136,302.447,-111.974
-117.436,303.026,-111.384
-117.734,303.608,-110.797
-118.029,304.192,-110.211
-118.32,304.776,-109.625
-118.607,305.362,-109.039
-118.889,305.948,-108.451
-119.165,306.534,-107.861
-119.434,307.126,-107.237
-119.699,307.73,-106.632
-119.966,308.34,-106.037
-120.232,308.952,-105.45
-120.487,309.544,-104.822
-120.724,310.148,-104.209
-120.962,310.758,-103.623
-121.203,311.376,-103.061
-121.441,312.001,-102.519
-121.676,312.632,-101.991
-121.904,313.269,-101.473
-122.126,313.909,-100.963
-122.34,314.553,-100.459
-122.546,315.2,-99.9581
-122.765,315.855,-99.4561
-122.99,316.515,-98.9524
-123.218,317.178,-98.4458
-123.447,317.842,-97.9359
-123.677,318.506,-97.4227
-123.906,319.168,-96.9063
-124.134,319.83,-96.3868
-124.36,320.49,-95.8643
-124.584,321.149,-95.339
-124.806,321.806,-94.8109
-125.024,322.462,-94.2801
-125.24,323.117,-93.7468
-125.451,323.772,-93.2109
-125.659,324.425,-92.6726
-125.864,325.077,-92.1318
-126.063,325.728,-91.5886
-126.259,326.379,-91.043
-126.45,327.029,-90.4952
-126.637,327.678,-89.9451
-126.819,328.327,-89.3928
-126.997,328.975,-88.8383
-127.169,329.622,-88.2816
-127.337,330.269,-87.7229
-127.501,330.916,-87.1621
-127.659,331.561,-86.5993
-127.812,332.207,-86.0346
-127.961,332.851,-85.4679
-128.105,333.495,-84.8993
-128.243,334.139,-84.3288
-128.377,334.782,-83.7565
-128.506,335.424,-83.1824
-128.63,336.066,-82.6066
-128.748,336.707,-82.029
-128.862,337.348,-81.4497
-128.971,337.988,-80.8688
-129.075,338.627,-80.2862
-129.174,339.265,-79.702
-129.267,339.903,-79.1162
-129.356,340.54,-78.529
-129.44,341.177,-77.9402
-129.518,341.813,-77.3499
-129.592,342.448,-76.7581
-129.66,343.082,-76.165
-129.724,343.715,-75.5704
-129.782,344.348,-74.9745
-129.835,344.98,-74.3772
-129.883,345.611,-73.7786
-129.926,346.241,-73.1788
-129.964,346.87,-72.5777
-129.997,347.499,-71.9754
-130.025,348.126,-71.3719
-130.048,348.753,-70.7672
-130.065,349.379,-70.1614
-130.078,350.003,-69.5545
-130.085,350.627,-68.9465
-130.087,351.25,-68.3375
-130.084,351.872,-67.7274
-130.076,352.492,-67.1164
-130.063,353.112,-66.5044
-130.045,353.731,-65.8915
-130.022,354.349,-65.2777
-129.993,354.965,-64.663
-129.96,355.581,-64.0475
-129.921,356.195,-63.4312
-129.877,356.808,-62.8141
-129.828,357.42,-62.1962
-129.774,358.031,-61.5776
-129.714,358.641,-60.9584
-129.65,359.249,-60.3385
-129.58,359.857,-59.7179
-129.506,360.463,-59.0967
-129.426,361.068,-58.4749
-129.341,361.671,-57.8526
-129.251,362.273,-57.2298
-129.156,362.874,-56.6065
-129.056,363.474,-55.9827
-128.95,364.073,-55.3585
-128.84,364.67,-54.7339
-128.734,365.268,-54.1032
-128.627,365.885,-53.464
-128.526,366.509,-52.8387
-128.432,367.138,-52.2218
-128.342,367.768,-51.6107
-128.252,368.399,-51.0036
-128.161,369.029,-50.3992
-128.069,369.659,-49.7965
-127.974,370.288,-49.1949
-127.875,370.915,-48.594
-127.772,371.541,-47.9934
-127.665,372.166,-47.3929
-127.553,372.789,-46.7924
-127.436,373.41,-46.1919
-127.314,374.03,-45.5911
-127.188,374.649,-44.9903
-127.064,375.268,-44.3823
-126.947,375.891,-43.7735
-126.834,376.521,-43.1738
-126.725,377.155,-42.5795
-126.618,377.79,-41.9888
-126.511,378.427,-41.4006
-126.401,379.064,-40.8141
-126.288,379.701,-40.2287
-126.163,380.345,-39.6253
-126.041,380.988,-39.0311
-125.925,381.634,-38.441
-125.81,382.281,-37.8543
-125.696,382.928,-37.2703
-125.58,383.574,-36.6882
-125.462,384.22,-36.1075
-125.348,384.865,-35.5209
-125.233,385.513,-34.9403
-125.12,386.162,-34.3624
-125.006,386.81,-33.7864
-124.89,387.458,-33.2116
-124.772,388.105,-32.6376
-124.649,388.752,-32.064
-124.523,389.397,-31.4906
-124.392,390.041,-30.9174
-124.257,390.684,-30.3441
-124.116,391.325,-29.7707
-123.97,391.965,-29.1972
-123.82,392.603,-28.6236
-123.664,393.24,-28.0499
-123.503,393.876,-27.476
-123.337,394.51,-26.9021
-123.165,395.142,-26.3281
-122.989,395.773,-25.754
-122.807,396.403,-25.18
-122.62,397.031,-24.6059
-122.428,397.657,-24.0319
-122.23,398.282,-23.458
-122.014,398.907,-22.871
-121.8,399.536,-22.2909
-121.591,400.171,-21.7176
-121.385,400.809,-21.1497
-121.179,401.449,-20.5857
-120.971,402.089,-20.0247
-120.762,402.729,-19.466
-120.55,403.369,-18.9089
-120.334,404.007,-18.353
-120.114,404.645,-17.798
-119.89,405.28,-17.2438
-119.662,405.915,-16.69
-119.429,406.547,-16.1367
-119.192,407.178,-15.5838
-118.949,407.807,-15.0313
-118.696,408.423,-14.473
-118.441,409.042,-13.9167
-118.19,409.665,-13.364
-117.938,410.291,-12.8145
-117.686,410.92,-12.2674
-117.431,411.55,-11.7225
-117.172,412.18,-11.1793
-116.919,412.814,-10.6304
-116.665,413.452,-10.0892
-116.413,414.094,-9.55203
-116.168,414.74,-9.01067
-115.925,415.391,-8.4782
-115.685,416.046,-7.95055
-115.445,416.703,-7.42632
-115.204,417.36,-6.90455
-114.96,418.017,-6.3846
-114.714,418.674,-5.866
-114.463,419.329,-5.34843
-114.209,419.983,-4.83171
-113.949,420.636,-4.31571
-113.686,421.288,-3.80032
-113.417,421.937,-3.28552
-113.144,422.585,-2.77125
-112.866,423.232,-2.25754
-112.583,423.876,-1.74437
-112.294,424.519,-1.23178
-112.001,425.16,-0.719778
-111.703,425.799,-0.208374
-111.4,426.436,0.302384
-111.092,427.071,0.812469
-110.779,427.705,1.32188
-110.461,428.336,1.83057
-110.138,428.966,2.33851
-109.81,429.594,2.84566
-109.477,430.22,3.352
-109.139,430.843,3.85754
-108.797,431.465,4.36221
-108.449,432.085,4.86598
-108.097,432.703,5.36886
-107.74,433.319,5.87082
-107.378,433.933,6.37181
-107.011,434.544,6.87182
-106.634,435.169,7.38398
-106.261,435.797,7.88628
-105.892,436.427,8.3841
-105.525,437.057,8.87852
-105.158,437.686,9.37028
-104.79,438.313,9.8599
-104.42,438.939,10.3477
-104.046,439.563,10.834
-103.669,440.185,11.3189
-103.289,440.804,11.8024
-102.904,441.421,12.2847
-102.515,442.036,12.7658
-102.121,442.649,13.2456
-101.723,443.26,13.7242
-101.321,443.868,14.2014
-100.914,444.474,14.6775
-100.502,445.077,15.1521
-100.085,445.679,15.6255
-99.664,446.278,16.0975
-99.2381,446.874,16.5681
-98.8076,447.469,17.0373
-98.3724,448.061,17.5051
-97.9325,448.651,17.9714
-97.4881,449.239,18.4362
-97.0391,449.824,18.8996
-96.5855,450.407,19.3614
-96.1274,450.987,19.8216
-95.6647,451.566,20.2803
-95.1975,452.141,20.7373
-94.7258,452.715,21.1928
-94.2497,453.286,21.6466
-93.7691,453.855,22.0987
-93.2841,454.421,22.5491
-92.8005,454.989,23.0069
-92.3222,455.566,23.4667
-91.8492,456.151,23.9174
-91.3817,456.742,24.3638
-90.9164,457.335,24.8065
-90.4512,457.929,25.2462
-89.9848,458.523,25.6832
-89.5163,459.117,26.1179
-89.0449,459.71,26.5504
-88.5702,460.301,26.9809
-88.0919,460.891,27.4094
-87.6096,461.478,27.8361
-87.1233,462.063,28.2609
-86.6384,462.651,28.693
-86.1534,463.242,29.1176
-85.6759,463.84,29.5482
-85.2021,464.445,29.9702
-84.7328,465.054,30.3882
-84.265,465.664,30.8027
-83.7969,466.276,31.2143
-83.3272,466.887,31.6234
-82.8552,467.497,32.0301
-82.3801,468.107,32.4347
-81.9015,468.714,32.8372
-81.4192,469.32,33.2377
-80.933,469.923,33.6362
-80.4481,470.529,34.0421
-79.9634,471.139,34.4403
-79.4804,471.751,34.8353
-78.9973,472.363,35.2273
-78.5125,472.975,35.6168
-78.0253,473.586,36.0038
-77.5351,474.196,36.3887
-77.0416,474.804,36.7713
-76.5443,475.41,37.1519
-76.0431,476.014,37.5304
-75.5379,476.616,37.9069
-75.0286,477.215,38.2813
-74.5152,477.813,38.6537
-74.0025,478.412,39.0335
-73.4901,479.016,39.4057
-72.9795,479.621,39.7747
-72.4687,480.227,40.1408
-71.9563,480.832,40.5042
-71.4417,481.437,40.8652
-70.9242,482.04,41.2238
-70.4034,482.641,41.5802
-69.8791,483.24,41.9342
-69.351,483.837,42.2861
-68.819,484.432,42.6358
-68.2831,485.025,42.9833
-67.7432,485.615,43.3286
-67.1992,486.203,43.6717
-66.6512,486.788,44.0125
-66.0991,487.37,44.3512
-65.543,487.95,44.6875
-64.9829,488.528,45.0216
-64.4187,489.103,45.3534
-63.8505,489.675,45.6828
-63.2783,490.244,46.0099
-62.7021,490.811,46.3347
-62.122,491.376,46.6571
-61.538,491.937,46.9771
-60.9501,492.496,47.2946
-60.3583,493.052,47.6098
-59.7627,493.605,47.9225
-59.1632,494.156,48.2327
-58.56,494.704,48.5405
-57.9529,495.249,48.8457
-57.3422,495.791,49.1484
-56.7309,496.336,49.4585
-56.1204,496.884,49.7612
-55.5119,497.435,50.0609
-54.9035,497.986,50.3577
-54.294,498.537,50.6517
-53.6827,499.086,50.9429
-53.0689,499.634,51.2314
-52.4335,500.178,51.5208
-51.8037,500.727,51.805
-51.1811,501.283,52.0855
-50.566,501.849,52.3723
-49.9583,502.423,52.6507
-49.3571,503.002,52.9257
-48.7629,503.589,53.2073
-48.1753,504.183,53.4811
-47.5937,504.781,53.7517
-47.015,505.382,54.0192
-46.4372,505.983,54.2839
-45.8588,506.583,54.546
-45.279,507.182,54.8054
-44.6969,507.779,55.0622
-44.1122,508.375,55.3165
-43.5134,508.982,55.577
-42.9215,509.594,55.8294
-42.3357,510.208,56.0794
-41.7532,510.822,56.327
-41.1721,511.434,56.5723
-40.5909,512.045,56.8153
-40.0086,512.654,57.056
-39.4244,513.26,57.2944
-38.8378,513.863,57.5305
-38.2484,514.464,57.7641
-37.6559,515.062,57.9951
-37.0602,515.657,58.2236
-36.461,516.249,58.4495
-35.8583,516.838,58.6727
-35.2521,517.424,58.8931
-34.6423,518.007,59.1109
-34.0289,518.588,59.3258
-33.412,519.165,59.5379
-32.7914,519.74,59.7471
-32.1673,520.312,59.9535
-31.5397,520.881,60.1571
-30.9085,521.447,60.3577
-30.274,522.01,60.5554
-29.6359,522.57,60.7502
-28.9944,523.127,60.9421
-28.3495,523.681,61.131
-27.7013,524.233,61.317
-27.0497,524.781,61.5
-26.3948,525.326,61.68
-25.7367,525.869,61.857
-25.0753,526.408,62.031
-24.4107,526.945,62.202
-23.7429,527.478,62.3699
-23.0719,528.009,62.5348
-22.3978,528.536,62.6966
-21.7206,529.061,62.8553
-21.0404,529.582,63.0109
-20.3571,530.1,63.1635
-19.6708,530.616,63.3129
-18.9815,531.128,63.4592
-18.2892,531.637,63.6024
-17.5941,532.143,63.7424
-16.896,532.645,63.8793
-16.1956,533.151,64.0232
-15.4974,533.66,64.1597
-14.7837,534.171,64.3193
-14.0789,534.699,64.472
-13.3868,535.239,64.6239
-12.7064,535.788,64.7779
-12.0342,536.343,64.9322
-11.3675,536.9,65.0858
-10.7041,537.458,65.2378
-10.0425,538.016,65.3876
-9.38122,538.573,65.535
-8.71944,539.128,65.6796
-8.05645,539.681,65.8212
-7.3917,540.231,65.9597
-6.7248,540.779,66.0951
-6.05552,541.323,66.2271
-5.38366,541.865,66.3558
-4.7091,542.403,66.4811
-4.03212,542.943,66.6135
-3.35798,543.487,66.7389
-2.68651,544.033,66.862
-2.01586,544.579,66.9824
-1.34489,545.125,67.0997
-0.672824,545.669,67.2139
0.000978158,546.211,67.3247
0.676782,546.751,67.4322
1.35469,547.294,67.5468
2.02923,547.841,67.6545
2.70078,548.39,67.76
3.37123,548.94,67.8628
4.04182,549.489,67.9625
4.71337,550.037,68.0592
5.38634,550.589,68.163
6.0584,551.152,68.2696
6.72014,551.725,68.371
7.37386,552.304,68.4713
8.02289,552.885,68.5699
8.66941,553.467,68.6663
9.31505,554.049,68.7599
9.96093,554.631,68.8508
10.6078,555.211,68.9385
11.2563,555.788,69.0231
11.9067,556.364,69.1043
12.5593,556.937,69.1822
13.2143,557.507,69.2566
13.8718,558.075,69.3274
14.5375,558.644,69.4037
15.2007,559.216,69.4738
15.8608,559.789,69.543
16.5199,560.367,69.6211
17.1725,560.955,69.7047
17.8323,561.552,69.7817
18.4742,562.161,69.8585
19.0999,562.782,69.9362
19.7149,563.41,70.0132
20.3227,564.042,70.0886
20.9261,564.676,70.1619
21.5273,565.311,70.2328
22.1276,565.944,70.301
22.7281,566.577,70.3662
23.3298,567.208,70.4285
23.9331,567.836,70.4875
24.5384,568.462,70.5433
25.1461,569.086,70.5957
25.7564,569.707,70.6446
26.3692,570.325,70.6901
26.9847,570.941,70.732
27.6031,571.554,70.7703
28.2242,572.164,70.8049
28.8481,572.772,70.8359
29.4748,573.376,70.8631
30.1042,573.978,70.8866
30.7552,574.577,70.9025
31.3995,575.179,70.9156
32.0358,575.787,70.9275
32.6795,576.415,70.9415
33.3081,577.049,70.9515
33.9258,577.689,70.9622
34.5368,578.335,70.9831
35.1362,578.987,71.0003
35.7271,579.642,71.0179
36.3131,580.304,71.0452
36.8891,580.97,71.0681
37.458,581.64,71.0909
38.0229,582.31,71.1122
38.5859,582.98,71.1315
39.1485,583.649,71.1483
39.7118,584.317,71.1621
40.2763,584.982,71.1728
40.8427,585.646,71.1801
41.4113,586.307,71.1839
41.9823,586.966,71.1841
42.587,587.628,71.1764
43.1856,588.315,71.1642
43.7602,589.011,71.1503
44.3179,589.714,71.1383
44.8642,590.419,71.1265
45.4031,591.124,71.1138
45.9374,591.834,71.1099
46.4615,592.547,71.1013
46.9782,593.261,71.0922
47.4907,593.975,71.0816
48.0012,594.689,71.0688
48.5112,595.401,71.0534
49.0218,596.111,71.035
49.5336,596.82,71.0134
50.0472,597.526,70.9885
50.5629,598.23,70.96
51.081,598.931,70.928
51.6017,599.63,70.8922
52.1249,600.326,70.8527
52.653,601.025,70.8186
53.1777,601.724,70.7794
53.7,602.423,70.7398
54.2215,603.122,70.6987
54.7432,603.82,70.6552
55.2659,604.517,70.6089
55.7901,605.212,70.5594
56.3161,605.905,70.5064
56.8443,606.596,70.4498
57.3748,607.285,70.3895
57.9076,607.972,70.3254
58.443,608.656,70.2574
59.0008,609.339,70.1788
59.5526,610.022,70.0993
60.0964,610.71,70.0206
60.6349,611.399,69.9414
61.1701,612.09,69.8607
61.7034,612.78,69.7779
62.237,613.475,69.7023
62.7629,614.174,69.6216
63.2836,614.874,69.54
63.8016,615.574,69.4566
64.3184,616.274,69.3707
64.849,616.986,69.2833
65.3698,617.701,69.1926
65.884,618.417,69.1037
66.3945,619.131,69.0151
66.9031,619.844,68.9258
67.4112,620.554,68.8351
67.9197,621.262,68.7422
68.4292,621.967,68.6468
68.9404,622.67,68.5484
69.4534,623.369,68.4467
69.9686,624.066,68.3416
70.486,624.761,68.2329
71.0057,625.452,68.1204
71.5277,626.141,68.004
72.0522,626.827,67.8838
72.5791,627.51,67.7596
73.1083,628.19,67.6313
73.64,628.868,67.499
74.174,629.543,67.3627
74.7103,630.215,67.2223
75.249,630.884,67.0779
75.7899,631.551,66.9294
76.333,632.214,66.7768
76.8784,632.875,66.6201
77.426,633.533,66.4594
77.9757,634.189,66.2946
78.5275,634.841,66.1259
79.0814,635.491,65.953
79.6374,636.138,65.7761
80.1954,636.782,65.5952
80.7554,637.423,65.4102
81.3173,638.061,65.2213
81.8812,638.696,65.0282
82.4469,639.329,64.8312
83.0146,639.958,64.6302
83.5841,640.584,64.4251
84.1554,641.208,64.216
84.7286,641.828,64.0029
85.3035,642.446,63.7858
85.8801,643.06,63.5647
86.4585,643.671,63.3396
87.0385,644.279,63.1105
87.6202,644.884,62.8774
88.2035,645.486,62.6403
88.7883,646.085,62.3992
89.3748,646.681,62.1542
89.9628,647.273,61.9051
90.5523,647.863,61.6522
91.1432,648.449,61.3952
91.7357,649.031,61.1342
92.3295,649.611,60.8693
92.9248,650.188,60.6005
93.5214,650.76,60.3277
94.1193,651.33,60.0509
94.7186,651.897,59.7703
95.3191,652.46,59.4856
95.9209,653.02,59.1971
96.5239,653.576,58.9046
97.1282,654.129,58.6082
97.7335,654.679,58.3079
98.34,655.225,58.0037
98.9476,655.768,57.6956
99.5563,656.307,57.3835
100.166,656.843,57.0676
100.777,657.376,56.7478
101.389,657.905,56.4241
102.001,658.43,56.0965
102.621,658.957,55.7722
103.236,659.485,55.4437
103.848,660.014,55.1154
104.459,660.543,54.7858
105.07,661.07,54.4541
105.68,661.596,54.1198
106.29,662.12,53.7824
106.901,662.64,53.4417
107.511,663.158,53.0976
108.123,663.672,52.7498
108.735,664.183,52.3984
109.348,664.691,52.0433
109.961,665.195,51.6845
110.575,665.695,51.3218
111.19,666.192,50.9554
111.805,666.685,50.5851
112.422,667.174,50.2111
113.038,667.66,49.8334
113.655,668.142,49.4518
114.273,668.62,49.0665
114.892,669.095,48.6774
115.51,669.565,48.2846
116.13,670.032,47.888
116.75,670.495,47.4877
117.37,670.954,47.0836
117.99,671.409,46.6759
118.611,671.861,46.2645
119.233,672.309,45.8494
119.854,672.752,45.4306
120.476,673.192,45.0081
121.098,673.629,44.582
121.721,674.061,44.1523
122.343,674.489,43.719
122.966,674.914,43.282
123.588,675.334,42.8414
124.211,675.751,42.3973
124.834,676.163,41.9496
125.457,676.572,41.4983
126.08,676.977,41.0435
126.718,677.39,40.5777
127.346,677.807,40.111
127.969,678.227,39.6462
128.588,678.647,39.1821
129.205,679.068,38.7177
129.819,679.486,38.2522
130.432,679.901,37.7851
131.045,680.314,37.3159
131.656,680.723,36.8444
132.267,681.128,36.37
132.878,681.529,35.8928
133.488,681.927,35.4126
134.098,682.321,34.9291
134.707,682.71,34.4424
135.316,683.096,33.9523
135.925,683.477,33.4588
136.533,683.854,32.9619
137.141,684.227,32.4616
137.764,684.607,31.9493
138.377,684.992,31.4361
138.985,685.38,30.9251
139.589,685.77,30.415
140.191,686.158,29.9049
140.79,686.544,29.394
141.388,686.928,28.8817
141.985,687.309,28.3675
142.58,687.686,27.851
143.175,688.059,27.3319
143.769,688.429,26.8101
144.363,688.795,26.2853
144.955,689.156,25.7574
145.547,689.513,25.2264
146.138,689.867,24.6921
146.729,690.216,24.1545
147.319,690.561,23.6137
147.908,690.901,23.0696
148.496,691.238,22.5221
149.084,691.57,21.9714
149.67,691.899,21.4173
150.256,692.223,20.86
150.841,692.543,20.2993
151.425,692.859,19.7355
152.008,693.17,19.1683
152.591,693.478,18.5979
153.172,693.781,18.0244
153.752,694.08,17.4475
154.331,694.375,16.8676
154.909,694.665,16.2844
155.486,694.952,15.6981
156.062,695.234,15.1087
156.637,695.513,14.5162
157.211,695.787,13.9207
157.783,696.056,13.322
158.354,696.322,12.7203
158.924,696.583,12.1156
159.493,696.841,11.5079
160.06,697.094,10.8972
160.635,697.349,10.288
161.202,697.608,9.67507
161.782,697.878,9.05058
162.351,698.158,8.4279
162.915,698.446,7.80911
163.475,698.738,7.19263
164.031,699.03,6.57717
164.585,699.323,5.96182
165.145,699.62,5.35042
165.698,699.922,4.73757
166.255,700.234,4.13085
166.804,700.554,3.52395
167.349,700.88,2.91919
167.89,701.21,2.31484
168.428,701.539,1.70977
168.963,701.868,1.10327
169.497,702.195,0.494798
170.029,702.519,-0.116065
170.559,702.841,-0.729456
171.088,703.158,-1.34565
171.615,703.473,-1.9647
172.141,703.783,-2.58672
172.665,704.089,-3.21173
173.188,704.391,-3.83984
173.709,704.689,-4.471
174.229,704.983,-5.10521
174.747,705.273,-5.74251
175.264,705.559,-6.38289
175.78,705.84,-7.02631
176.302,706.124,-7.66879
176.827,706.418,-8.31009
177.343,706.722,-8.95108
177.854,707.032,-9.58988
178.362,707.347,-10.2283
178.867,707.662,-10.8674
179.369,707.977,-11.5079
179.869,708.291,-12.1503
180.367,708.602,-12.7949
180.863,708.911,-13.442
181.358,709.216,-14.0918
181.851,709.518,-14.7443
182.342,709.816,-15.3996
182.831,710.11,-16.0579
183.319,710.4,-16.719
183.804,710.686,-17.383
184.289,710.969,-18.0499
184.771,711.247,-18.7198
185.252,711.521,-19.3925
185.731,711.79,-20.0683
186.208,712.056,-20.7468
186.684,712.318,-21.4282
187.157,712.575,-22.1124
187.629,712.829,-22.7995
188.099,713.078,-23.4894
188.567,713.323,-24.182
189.033,713.564,-24.8774
189.497,713.8,-25.5755
189.959,714.033,-26.2763
190.419,714.262,-26.9797
190.877,714.486,-27.6858
191.333,714.706,-28.3945
191.787,714.922,-29.1058
192.239,715.134,-29.8197
192.689,715.342,-30.5362
193.137,715.546,-31.2552
193.582,715.745,-31.9766
194.026,715.94,-32.7006
194.467,716.131,-33.427
194.906,716.318,-34.1559
195.342,716.501,-34.8871
195.776,716.68,-35.6208
196.208,716.854,-36.3568
196.638,717.025,-37.0951
197.066,717.191,-37.8358
197.49,717.353,-38.5787
197.923,717.516,-39.3221
198.349,717.684,-40.0677
198.771,717.854,-40.813
199.191,718.025,-41.559
199.608,718.196,-42.306
200.033,718.37,-43.0529
200.45,718.549,-43.8012
200.864,718.733,-44.5486
201.276,718.918,-45.2964
201.684,719.103,-46.0451
202.09,719.287,-46.7951
202.494,719.468,-47.5467
202.894,719.647,-48.3001
203.293,719.822,-49.0554
203.688,719.993,-49.8126
204.082,720.161,-50.5719
204.472,720.325,-51.3333
204.86,720.485,-52.0968
205.246,720.641,-52.8623
205.629,720.793,-53.63
206.009,720.941,-54.3997
206.386,721.085,-55.1715
206.761,721.224,-55.9453
207.133,721.36,-56.7211
207.503,721.491,-57.4989
207.87,721.618,-58.2787
208.234,721.741,-59.0604
208.595,721.86,-59.8441
208.954,721.975,-60.6296
209.309,722.085,-61.417
209.662,722.192,-62.2063
210.012,722.294,-62.9973
210.36,722.392,-63.7902
210.704,722.486,-64.5847
211.045,722.576,-65.3811
211.384,722.662,-66.179
211.72,722.744,-66.9787
212.052,722.822,-67.78
212.382,722.895,-68.5829
212.709,722.965,-69.3874
213.032,723.03,-70.1935
213.353,723.092,-71.0011
213.671,723.149,-71.8102
213.985,723.202,-72.6207
214.307,723.255,-73.4502
214.621,723.315,-74.2776
214.934,723.381,-75.1019
215.244,723.449,-75.924
215.552,723.517,-76.7446
215.857,723.584,-77.5643
216.17,723.655,-78.384
216.477,723.73,-79.2036
216.782,723.81,-80.0216
217.084,723.892,-80.8389
217.383,723.973,-81.6561
217.69,724.058,-82.4742
217.99,724.148,-83.2925
218.288,724.244,-84.1096
218.584,724.34,-84.9264
218.876,724.437,-85.7435
219.165,724.532,-86.5612
219.452,724.625,-87.3799
219.735,724.716,-88.1996
220.026,724.808,-89.021
220.32,724.91,-89.8606
220.607,725.026,-90.6947
220.893,725.154,-91.5236
221.177,725.287,-92.3489
221.458,725.422,-93.1717
221.737,725.558,-93.9931
222.014,725.694,-94.8138
222.288,725.827,-95.6343
222.559,725.958,-96.4552
222.827,726.085,-97.2768
223.093,726.209,-98.0991
223.355,726.33,-98.9226
223.614,726.446,-99.7472
223.87,726.559,-100.573
224.122,726.668,-101.4
224.371,726.773,-102.229
224.617,726.874,-103.059
224.86,726.971,-103.89
225.099,727.064,-104.723
225.335,727.153,-105.557
225.567,727.238,-106.392
225.796,727.319,-107.229
226.021,727.396,-108.066
226.243,727.469,-108.906
226.462,727.538,-109.746
226.677,727.604,-110.588
226.888,727.665,-111.43
227.096,727.723,-112.274
227.301,727.776,-113.119
227.502,727.826,-113.965
227.7,727.872,-114.812
227.893,727.914,-115.661
228.084,727.952,-116.51
228.271,727.987,-117.36
228.454,728.017,-118.211
228.633,728.044,-119.063
228.819,728.07,-119.922
228.999,728.103,-120.781
229.176,728.139,-121.639
229.351,728.177,-122.495
229.523,728.215,-123.352
229.693,728.251,-124.208
229.859,728.286,-125.064
230.021,728.317,-125.921
230.181,728.346,-126.778
230.337,728.372,-127.635
230.489,728.394,-128.493
230.638,728.413,-129.352
230.783,728.428,-130.211
230.924,728.44,-131.071
231.062,728.448,-131.931
231.196,728.452,-132.792
231.326,728.452,-133.654
231.453,728.449,-134.516
231.573,728.429,-135.392
231.69,728.416,-136.266
231.806,728.414,-137.139
231.92,728.417,-138.01
232.043,728.428,-138.883
232.162,728.446,-139.771
232.279,728.482,-140.653
232.398,728.532,-141.531
232.517,728.592,-142.405
232.636,728.657,-143.278
232.753,728.726,-144.148
232.867,728.795,-145.016
232.979,728.863,-145.883
233.089,728.93,-146.749
233.195,728.995,-147.615
233.298,729.057,-148.481
233.397,729.115,-149.347
233.493,729.17,-150.212
233.586,729.222,-151.078
233.675,729.27,-151.945
233.76,729.314,-152.811
233.841,729.354,-153.678
233.919,729.391,-154.546
233.993,729.423,-155.413
234.063,729.452,-156.281
234.129,729.477,-157.15
234.191,729.498,-158.018
234.25,729.516,-158.887
234.315,729.533,-159.76
234.373,729.555,-160.633
234.43,729.581,-161.504
234.484,729.608,-162.375
234.535,729.635,-163.246
234.583,729.66,-164.116
234.627,729.683,-164.986
234.668,729.704,-165.857
234.705,729.722,-166.727
234.738,729.737,-167.598
234.767,729.749,-168.469
234.793,729.757,-169.34
234.814,729.762,-170.211
234.836,729.766,-171.102
234.853,729.778,-171.989
234.869,729.796,-172.872
234.885,729.816,-173.753
234.899,729.838,-174.632
234.911,729.858,-175.509
234.92,729.877,-176.385
234.927,729.894,-177.259
234.93,729.908,-178.133
234.929,729.919,-179.006
234.925,729.927,-179.879
234.918,729.931,-180.751
234.917,729.935,-181.628
234.91,729.945,-182.503
234.901,729.958,-183.377
234.89,729.973,-184.25
234.876,729.987,-185.123
234.858,730.0,-185.995
234.848,730.014,-186.871
234.842,730.038,-187.751
234.833,730.075,-188.628
234.824,730.121,-189.502
234.814,730.171,-190.375
234.802,730.225,-191.247
234.787,730.278,-192.118
234.769,730.332,-192.989
234.748,730.384,-193.859
234.722,730.433,-194.729
234.694,730.481,-195.599
234.661,730.525,-196.469
234.624,730.567,-197.339
234.593,730.608,-198.213
234.557,730.655,-199.086
234.519,730.706,-199.957
234.478,730.758,-200.828
234.435,730.809,-201.698
234.388,730.86,-202.567
234.338,730.91,-203.436
234.284,730.957,-204.305
234.226,731.001,-205.173
234.164,731.043,-206.041
234.098,731.081,-206.909
234.028,731.117,-207.777
233.954,731.149,-208.644
233.875,731.179,-209.512
233.793,731.204,-210.378
233.706,731.227,-211.245
233.617,731.249,-212.132
233.524,731.279,-213.013
233.432,731.315,-213.892
233.35,731.356,-214.773
233.264,731.407,-215.65
233.18,731.465,-216.523
233.095,731.525,-217.395
233.009,731.587,-218.265
232.92,731.648,-219.133
232.828,731.709,-220.0
232.732,731.767,-220.866
232.634,731.823,-221.732
232.541,731.879,-222.602
232.443,731.941,-223.47
232.345,732.007,-224.336
232.244,732.075,-225.201
232.14,732.142,-226.065
232.033,732.209,-226.928
231.922,732.274,-227.791
231.808,732.337,-228.653
231.689,732.398,-229.514
231.567,732.455,-230.375
231.44,732.51,-231.235
231.309,732.562,-232.095
231.174,732.611,-232.955
231.034,732.657,-233.813
230.891,732.7,-234.671
230.743,732.74,-235.529
230.59,732.777,-236.386
230.444,732.812,-237.248
230.291,732.854,-238.109
230.138,732.899,-238.967
229.982,732.946,-239.825
229.824,732.993,-240.682
229.662,733.039,-241.537
229.497,733.084,-242.392
229.327,733.127,-243.246
229.154,733.167,-244.099
228.977,733.205,-244.952
228.796,733.24,-245.803
228.61,733.273,-246.654
228.42,733.302,-247.504
228.226,733.329,-248.353
228.038,733.354,-249.207
227.853,733.388,-250.066
227.667,733.434,-250.922
227.483,733.489,-251.776
227.297,733.548,-252.628
227.11,733.61,-253.479
226.921,733.673,-254.329
226.737,733.737,-255.184
226.55,733.81,-256.036
226.363,733.887,-256.887
226.174,733.967,-257.736
225.982,734.047,-258.584
225.787,734.127,-259.43
225.589,734.206,-260.276
225.387,734.283,-261.121
225.182,734.358,-261.964
224.981,734.433,-262.814
224.782,734.514,-263.67
224.583,734.607,-264.523
224.387,734.707,-265.373
224.191,734.811,-266.221
224.003,734.92,-267.078
223.804,735.029,-267.942
223.61,735.155,-268.801
223.422,735.297,-269.655
223.237,735.45,-270.505
223.053,735.608,-271.351
222.868,735.771,-272.195
222.682,735.935,-273.036
222.494,736.099,-273.876
222.303,736.262,-274.714
222.108,736.424,-275.55
221.911,736.583,-276.386
221.719,736.743,-277.227
221.522,736.908,-278.064
221.325,737.077,-278.9
221.127,737.247,-279.733
220.926,737.418,-280.565
220.721,737.588,-281.396
220.513,737.756,-282.227
220.302,737.922,-283.056
220.086,738.086,-283.884
219.866,738.247,-284.712
219.641,738.406,-285.539
219.413,738.562,-286.365
219.18,738.715,-287.191
218.942,738.865,-288.015
218.7,739.013,-288.839
218.454,739.158,-289.662
218.203,739.299,-290.484
217.948,739.438,-291.305
217.688,739.574,-292.125
217.424,739.707,-292.945
217.155,739.838,-293.763
216.882,739.965,-294.58
216.605,740.09,-295.396
216.323,740.212,-296.212
216.037,740.331,-297.026
215.746,740.447,-297.839
215.451,740.561,-298.65
215.152,740.671,-299.461
214.848,740.779,-300.27
214.54,740.884,-301.078
214.227,740.987,-301.885
213.907,741.09,-302.71
213.586,741.202,-303.529
213.267,741.319,-304.344
212.935,741.423,-305.168
212.607,741.533,-305.987
212.285,741.653,-306.804
211.967,741.778,-307.619
211.651,741.907,-308.431
211.344,742.038,-309.249
211.035,742.18,-310.062
210.729,742.326,-310.872
210.422,742.476,-311.68
210.115,742.626,-312.486
209.805,742.777,-313.29
209.501,742.928,-314.1
209.203,743.088,-314.914
208.906,743.261,-315.722
208.612,743.443,-316.528
208.319,743.629,-317.331
208.025,743.818,-318.132
207.729,744.007,-318.932
207.429,744.196,-319.73
207.127,744.384,-320.526
206.82,744.57,-321.321
206.51,744.755,-322.115
206.196,744.937,-322.907
205.877,745.117,-323.698
205.554,745.294,-324.488
205.235,745.47,-325.284
204.913,745.653,-326.076
204.59,745.839,-326.866
204.265,746.027,-327.655
203.938,746.215,-328.441
203.607,746.402,-329.226
203.273,746.589,-330.01
202.936,746.773,-330.792
202.574,746.943,-331.594
202.214,747.132,-332.387
201.858,747.332,-333.175
201.505,747.539,-333.959
201.136,747.708,-334.758
200.755,747.896,-335.541
200.387,748.105,-336.308
200.03,748.337,-337.062
199.676,748.586,-337.805
199.324,748.849,-338.538
198.97,749.121,-339.261
198.613,749.4,-339.976
198.251,749.685,-340.684
197.884,749.973,-341.385
197.523,750.269,-342.098
197.163,750.57,-342.818
196.803,750.872,-343.543
196.443,751.174,-344.271
196.082,751.474,-345.002
195.719,751.772,-345.734
195.355,752.067,-346.468
194.989,752.359,-347.202
194.621,752.648,-347.937
194.251,752.934,-348.672
193.878,753.217,-349.406
193.502,753.497,-350.14
193.122,753.774,-350.873
192.74,754.049,-351.606
192.353,754.321,-352.337
191.963,754.59,-353.067
191.57,754.857,-353.797
191.172,755.121,-354.525
190.77,755.382,-355.251
190.364,755.641,-355.976
189.954,755.897,-356.7
189.54,756.152,-357.422
189.122,756.403,-358.143
188.699,756.652,-358.862
188.272,756.899,-359.579
187.841,757.144,-360.295
187.406,757.386,-361.008
186.967,757.626,-361.72
186.523,757.863,-362.43
186.075,758.098,-363.139
185.623,758.331,-363.845
185.166,758.562,-364.549
184.706,758.79,-365.252
184.241,759.016,-365.952
183.772,759.239,-366.65
183.299,759.461,-367.347
182.822,759.68,-368.041
182.341,759.896,-368.733
181.855,760.111,-369.423
181.366,760.323,-370.11
180.872,760.533,-370.796
180.374,760.741,-371.479
179.873,760.946,-372.16
179.367,761.149,-372.838
178.857,761.35,-373.514
178.343,761.549,-374.188
177.825,761.745,-374.86
177.304,761.939,-375.529
176.778,762.131,-376.195
176.248,762.321,-376.86
175.715,762.508,-377.521
175.177,762.693,-378.18
174.636,762.876,-378.837
174.091,763.057,-379.491
173.541,763.235,-380.142
172.988,763.411,-380.791
172.432,763.585,-381.437
171.871,763.756,-382.08
171.307,763.926,-382.721
170.739,764.093,-383.358
170.167,764.258,-383.993
169.591,764.42,-384.626
169.012,764.58,-385.255
168.429,764.739,-385.882
167.842,764.894,-386.505
167.252,765.048,-387.126
166.658,765.2,-387.744
166.06,765.349,-388.359
165.459,765.496,-388.971
164.854,765.64,-389.58
164.246,765.783,-390.186
163.634,765.923,-390.789
163.018,766.062,-391.388
162.4,766.197,-391.985
161.777,766.331,-392.579
161.151,766.463,-393.169
160.522,766.592,-393.756
159.889,766.719,-394.34
159.257,766.845,-394.932
158.612,766.981,-395.536
157.974,767.132,-396.136
157.344,767.292,-396.736
156.718,767.457,-397.335
156.094,767.625,-397.932
155.471,767.794,-398.526
154.848,767.963,-399.118
154.224,768.131,-399.707
153.598,768.298,-400.292
152.97,768.464,-400.875
152.339,768.627,-401.455
151.705,768.788,-402.032
151.068,768.948,-402.605
150.428,769.105,-403.175
149.785,769.26,-403.741
149.141,769.412,-404.315
148.501,769.568,-404.895
147.864,769.735,-405.473
147.232,769.909,-406.052
146.601,770.087,-406.63
145.971,770.267,-407.206
145.339,770.448,-407.78
144.706,770.629,-408.351
144.053,770.804,-408.93
143.406,770.984,-409.505
142.765,771.169,-410.081
142.126,771.357,-410.656
141.488,771.546,-411.229
140.85,771.736,-411.8
140.212,771.926,-412.369
139.574,772.113,-412.944
138.937,772.305,-413.516
138.303,772.499,-414.087
137.669,772.695,-414.656
137.035,772.89,-415.223
136.399,773.085,-415.788
135.761,773.278,-416.35
135.121,773.47,-416.909
134.477,773.66,-417.465
133.831,773.849,-418.018
133.181,774.035,-418.567
132.529,774.219,-419.114
131.873,774.401,-419.656
131.214,774.581,-420.196
130.551,774.759,-420.732
129.885,774.935,-421.264
129.216,775.108,-421.793
128.543,775.28,-422.318
127.868,775.449,-422.84
127.189,775.616,-423.358
126.506,775.781,-423.873
125.821,775.944,-424.384
125.115,776.097,-424.893
124.412,776.257,-425.401
123.714,776.426,-425.908
123.018,776.602,-426.414
122.324,776.781,-426.919
121.63,776.962,-427.421
120.936,777.143,-427.92
120.24,777.325,-428.416
119.543,777.506,-428.909
118.843,777.685,-429.399
118.142,777.863,-429.885
117.438,778.039,-430.368
116.731,778.214,-430.847
116.022,778.386,-431.323
115.31,778.557,-431.795
114.593,778.712,-432.26
113.875,778.869,-432.724
113.159,779.033,-433.188
112.443,779.201,-433.652
111.726,779.372,-434.115
111.008,779.545,-434.575
110.288,779.719,-435.032
109.568,779.893,-435.497
108.848,780.076,-435.959
108.13,780.263,-436.419
107.415,780.453,-436.889
106.702,780.652,-437.356
105.992,780.858,-437.822
105.283,781.067,-438.287
104.574,781.277,-438.75
103.864,781.488,-439.21
103.152,781.698,-439.667
102.439,781.908,-440.12
101.723,782.117,-440.571
101.005,782.324,-441.018
100.284,782.529,-441.461
99.5603,782.732,-441.9
98.834,782.934,-442.336
98.105,783.133,-442.768
97.3733,783.331,-443.196
96.6388,783.526,-443.62
95.9015,783.72,-444.04
95.1615,783.911,-444.456
94.4187,784.1,-444.868
93.6733,784.288,-445.277
92.9251,784.473,-445.681
92.1744,784.657,-446.081
91.421,784.838,-446.477
90.665,785.018,-446.869
89.9064,785.195,-447.257
89.1453,785.371,-447.641
88.3818,785.544,-448.021
87.6157,785.716,-448.397
86.8472,785.885,-448.769
86.0762,786.053,-449.136
85.3029,786.219,-449.499
84.5272,786.382,-449.858
83.7329,786.548,-450.225
82.9441,786.723,-450.589
82.1598,786.902,-450.952
81.3784,787.084,-451.314
80.5987,787.266,-451.674
79.8195,787.448,-452.031
79.0402,787.629,-452.385
78.2602,787.809,-452.736
77.4791,787.988,-453.083
76.6967,788.164,-453.426
75.9127,788.339,-453.765
75.1269,788.512,-454.1
74.3391,788.683,-454.431
73.5494,788.852,-454.758
72.7578,789.019,-455.08
71.9642,789.184,-455.398
71.1684,789.347,-455.711
70.3707,789.509,-456.021
69.571,789.668,-456.325
68.7692,789.825,-456.625
67.9655,789.981,-456.921
67.1597,790.134,-457.212
66.3521,790.286,-457.499
65.5425,790.436,-457.781
64.7311,790.584,-458.059
63.9178,790.73,-458.333
63.1027,790.875,-458.601
62.2858,791.017,-458.866
61.4671,791.158,-459.125
60.6466,791.297,-459.381
59.8245,791.434,-459.631
59.0007,791.569,-459.877
58.1752,791.703,-460.119
57.3468,791.834,-460.367
56.518,791.972,-460.623
55.6936,792.123,-460.879
54.8731,792.281,-461.138
54.0546,792.444,-461.396
53.2371,792.61,-461.652
52.4197,792.777,-461.906
51.6018,792.944,-462.157
50.7832,793.111,-462.405
49.9636,793.277,-462.648
49.1428,793.443,-462.888
48.3206,793.607,-463.123
47.497,793.77,-463.354
46.6705,793.93,-463.592
45.8452,794.099,-463.827
45.0205,794.27,-464.072
44.1994,794.452,-464.316
43.3818,794.641,-464.561
42.5659,794.833,-464.806
41.7508,795.027,-465.049
40.9357,795.223,-465.289
40.12,795.418,-465.526
39.3035,795.613,-465.759
38.4859,795.808,-465.988
37.6671,796.001,-466.213
36.8469,796.193,-466.434
36.0236,796.383,-466.662
35.2021,796.58,-466.885
34.3825,796.781,-467.109
33.5637,796.984,-467.331
32.7449,797.188,-467.549
31.9256,797.393,-467.765
31.1056,797.596,-467.976
30.2845,797.799,-468.184
29.4622,798.001,-468.387
28.6387,798.202,-468.587
27.8139,798.401,-468.781
26.9878,798.599,-468.971
26.1602,798.796,-469.157
25.3291,798.99,-469.349
24.4998,799.192,-469.537
23.6725,799.397,-469.725
22.846,799.604,-469.911
22.0196,799.812,-470.094
21.1929,800.021,-470.274
20.3655,800.229,-470.451
19.5373,800.436,-470.623
18.7081,800.642,-470.791
17.8778,800.847,-470.954
17.0464,801.051,-471.113
16.2139,801.253,-471.267
15.3802,801.454,-471.417
14.5454,801.653,-471.562
13.7094,801.851,-471.702
12.8723,802.047,-471.837
12.034,802.242,-471.968
11.1947,802.435,-472.093
10.3544,802.626,-472.214
9.51295,802.816,-472.33
8.67053,803.005,-472.441
