0.0586964,0.0642226,0.283246
0.0586964,0.0642226,0.283246
0.0586964,0.0642226,0.283246
0.15974,0.13139,0.77198
0.15974,0.13139,0.77198
0.15974,0.13139,0.77198
0.295177,0.154302,1.39418
0.295177,0.154302,1.39418
0.295177,0.154302,1.39418
0.42722,0.116792,2.09115
0.42722,0.116792,2.09115
0.42722,0.116792,2.09115
0.554154,0.0282456,2.83569
0.554154,0.0282456,2.83569
0.554154,0.0282456,2.83569
0.682899,-0.105804,3.61148
0.682899,-0.105804,3.61148
0.682899,-0.105804,3.61148
0.823318,-0.280443,4.40717
0.823318,-0.280443,4.40717
0.823318,-0.280443,4.40717
0.985854,-0.490502,5.21403
0.985854,-0.490502,5.21403
0.985854,-0.490502,5.21403
1.17934,-0.73027,6.02528
1.17934,-0.73027,6.02528
1.17934,-0.73027,6.02528
1.41102,-0.993741,6.83522
1.41102,-0.993741,6.83522
1.41102,-0.993741,6.83522
1.68639,-1.27449,7.63895
1.68639,-1.27449,7.63895
1.68639,-1.27449,7.63895
2.00921,-1.56581,8.43232
2.00921,-1.56581,8.43232
2.00921,-1.56581,8.43232
2.38167,-1.86092,9.21181
2.38167,-1.86092,9.21181
2.38167,-1.86092,9.21181
2.80451,-2.15304,9.97446
2.80451,-2.15304,9.97446
2.80451,-2.15304,9.97446
3.2773,-2.4356,10.7179
3.2773,-2.4356,10.7179
3.2773,-2.4356,10.7179
3.79855,-2.70229,11.4402
3.79855,-2.70229,11.4402
3.79855,-2.70229,11.4402
4.36594,-2.94718,12.14
4.36594,-2.94718,12.14
4.36594,-2.94718,12.14
4.97643,-3.16478,12.8164
4.97643,-3.16478,12.8164
4.97643,-3.16478,12.8164
5.62641,-3.35004,13.4687
5.62641,-3.35004,13.4687
5.62641,-3.35004,13.4687
6.31178,-3.49839,14.0968
6.31178,-3.49839,14.0968
6.31178,-3.49839,14.0968
7.02656,-3.63598,14.7084
7.02656,-3.63598,14.7084
7.02656,-3.63598,14.7084
7.76903,-3.75963,15.3038
7.76903,-3.75963,15.3038
7.76903,-3.75963,15.3038
8.53675,-3.86383,15.883
8.53675,-3.86383,15.883
8.53675,-3.86383,15.883
9.31694,-3.94396,16.4486
9.31694,-3.94396,16.4486
9.31694,-3.94396,16.4486
10.1083,-3.99898,17.0053
10.1083,-3.99898,17.0053
10.1083,-3.99898,17.0053
10.9088,-4.02851,17.5547
10.9088,-4.02851,17.5547
10.9088,-4.02851,17.5547
11.7161,-4.03248,18.0978
11.7161,-4.03248,18.0978
11.7161,-4.03248,18.0978
12.5287,-4.01091,18.6351
12.5287,-4.01091,18.6351
12.5287,-4.01091,18.6351
13.345,-3.96386,19.1671
13.345,-3.96386,19.1671
13.345,-3.96386,19.1671
14.164,-3.89142,19.6937
14.164,-3.89142,19.6937
14.164,-3.89142,19.6937
14.9844,-3.79369,20.2149
14.9844,-3.79369,20.2149
14.9844,-3.79369,20.2149
15.8055,-3.67075,20.7306
15.8055,-3.67075,20.7306
15.8055,-3.67075,20.7306
16.6265,-3.52272,21.2405
16.6265,-3.52272,21.2405
16.6265,-3.52272,21.2405
17.4465,-3.3497,21.7446
17.4465,-3.3497,21.7446
17.4465,-3.3497,21.7446
18.2648,-3.1518,22.2425
18.2648,-3.1518,22.2425
18.2648,-3.1518,22.2425
19.0809,-2.92915,22.7338
19.0809,-2.92915,22.7338
19.0809,-2.92915,22.7338
19.894,-2.68191,23.2185
19.894,-2.68191,23.2185
19.894,-2.68191,23.2185
20.7036,-2.41021,23.6961
20.7036,-2.41021,23.6961
20.7036,-2.41021,23.6961
21.5091,-2.11424,24.1663
21.5091,-2.11424,24.1663
21.5091,-2.11424,24.1663
22.3097,-1.79418,24.6289
22.3097,-1.79418,24.6289
22.3097,-1.79418,24.6289
23.1051,-1.45024,25.0836
23.1051,-1.45024,25.0836
23.1051,-1.45024,25.0836
23.8945,-1.08266,25.5299
23.8945,-1.08266,25.5299
23.8945,-1.08266,25.5299
24.6775,-0.691656,25.9677
24.6775,-0.691656,25.9677
24.6775,-0.691656,25.9677
25.4534,-0.277508,26.3967
25.4534,-0.277508,26.3967
25.4534,-0.277508,26.3967
26.2218,0.159512,26.8164
26.2218,0.159512,26.8164
26.2218,0.159512,26.8164
26.9822,0.619102,27.2267
26.9822,0.619102,27.2267
26.9822,0.619102,27.2267
27.7338,1.10095,27.6272
27.7338,1.10095,27.6272
27.7338,1.10095,27.6272
28.4764,1.60473,28.0176
28.4764,1.60473,28.0176
28.4764,1.60473,28.0176
29.2092,2.1301,28.3977
29.2092,2.1301,28.3977
29.2092,2.1301,28.3977
29.932,2.67668,28.7671
29.932,2.67668,28.7671
29.932,2.67668,28.7671
30.644,3.2441,29.1256
30.644,3.2441,29.1256
30.644,3.2441,29.1256
31.345,3.83196,29.4729
31.345,3.83196,29.4729
31.345,3.83196,29.4729
32.0343,4.43986,29.8088
32.0343,4.43986,29.8088
32.0343,4.43986,29.8088
32.7115,5.06737,30.133
32.7115,5.06737,30.133
32.7115,5.06737,30.133
33.374,5.71273,30.4466
33.374,5.71273,30.4466
33.374,5.71273,30.4466
34.0222,6.37595,30.7502
34.0222,6.37595,30.7502
34.0222,6.37595,30.7502
34.6558,7.05622,31.0443
34.6558,7.05622,31.0443
34.6558,7.05622,31.0443
35.2749,7.75299,31.3286
35.2749,7.75299,31.3286
35.2749,7.75299,31.3286
35.8798,8.4656,31.6031
35.8798,8.4656,31.6031
35.8798,8.4656,31.6031
36.4703,9.19345,31.8676
36.4703,9.19345,31.8676
36.4703,9.19345,31.8676
37.0467,9.93594,32.1216
37.0467,9.93594,32.1216
37.0467,9.93594,32.1216
37.6089,10.6925,32.365
37.6089,10.6925,32.365
37.6089,10.6925,32.365
38.157,11.4626,32.5973
38.157,11.4626,32.5973
38.157,11.4626,32.5973
38.691,12.2457,32.8182
38.691,12.2457,32.8182
38.691,12.2457,32.8182
39.2092,13.0422,33.0278
39.2092,13.0422,33.0278
39.2092,13.0422,33.0278
39.7153,13.8473,33.226
39.7153,13.8473,33.226
39.7153,13.8473,33.226
40.2091,14.6613,33.4126
40.2091,14.6613,33.4126
40.2091,14.6613,33.4126
40.6904,15.4842,33.5867
40.6904,15.4842,33.5867
40.6904,15.4842,33.5867
41.1593,16.316,33.7475
41.1593,16.316,33.7475
41.1593,16.316,33.7475
41.6158,17.1564,33.8941
41.6158,17.1564,33.8941
41.6158,17.1564,33.8941
42.0601,18.0051,34.0257
42.0601,18.0051,34.0257
42.0601,18.0051,34.0257
42.4923,18.8618,34.1418
42.4923,18.8618,34.1418
42.4923,18.8618,34.1418
42.9126,19.7258,34.2419
42.9126,19.7258,34.2419
42.9126,19.7258,34.2419
43.3211,20.5969,34.3253
43.3211,20.5969,34.3253
43.3211,20.5969,34.3253
43.7181,21.4744,34.3918
43.7181,21.4744,34.3918
43.7181,21.4744,34.3918
44.1037,22.3578,34.441
44.1037,22.3578,34.441
44.1037,22.3578,34.441
44.478,23.2466,34.4727
44.478,23.2466,34.4727
44.478,23.2466,34.4727
44.8412,24.1402,34.4866
44.8412,24.1402,34.4866
44.8412,24.1402,34.4866
45.1935,25.0381,34.4824
45.1935,25.0381,34.4824
45.1935,25.0381,34.4824
45.5351,25.9398,34.4601
45.5351,25.9398,34.4601
45.5351,25.9398,34.4601
45.8659,26.8447,34.4195
45.8659,26.8447,34.4195
45.8659,26.8447,34.4195
46.1862,27.7523,34.3604
46.1862,27.7523,34.3604
46.1862,27.7523,34.3604
46.5015,28.6667,34.3007
46.5015,28.6667,34.3007
46.5015,28.6667,34.3007
46.8161,29.5876,34.2331
46.8161,29.5876,34.2331
46.8161,29.5876,34.2331
47.1282,30.514,34.1576
47.1282,30.514,34.1576
47.1282,30.514,34.1576
47.4363,31.445,34.0744
47.4363,31.445,34.0744
47.4363,31.445,34.0744
47.7393,32.3798,33.9838
47.7393,32.3798,33.9838
47.7393,32.3798,33.9838
48.0379,33.3192,33.8907
48.0379,33.3192,33.8907
48.0379,33.3192,33.8907
48.3326,34.2627,33.7933
48.3326,34.2627,33.7933
48.3326,34.2627,33.7933
48.6226,35.2096,33.692
48.6226,35.2096,33.692
48.6226,35.2096,33.692
48.9069,36.1597,33.587
48.9069,36.1597,33.587
48.9069,36.1597,33.587
49.185,37.1125,33.4786
49.185,37.1125,33.4786
49.185,37.1125,33.4786
49.4564,38.0677,33.367
49.4564,38.0677,33.367
49.4564,38.0677,33.367
49.7208,39.0252,33.2524
49.7208,39.0252,33.2524
49.7208,39.0252,33.2524
49.9778,39.9847,33.1349
49.9778,39.9847,33.1349
49.9778,39.9847,33.1349
50.2273,40.9463,33.0146
50.2273,40.9463,33.0146
50.2273,40.9463,33.0146
50.4689,41.9097,32.8917
50.4689,41.9097,32.8917
50.4689,41.9097,32.8917
50.7026,42.8749,32.7663
50.7026,42.8749,32.7663
50.7026,42.8749,32.7663
50.9282,43.8418,32.6383
50.9282,43.8418,32.6383
50.9282,43.8418,32.6383
51.1456,44.8103,32.5079
51.1456,44.8103,32.5079
51.1456,44.8103,32.5079
51.3548,45.7803,32.3751
51.3548,45.7803,32.3751
51.3548,45.7803,32.3751
51.5557,46.7518,32.2399
51.5557,46.7518,32.2399
51.5557,46.7518,32.2399
51.7482,47.7246,32.1024
51.7482,47.7246,32.1024
51.7482,47.7246,32.1024
51.9324,48.6987,31.9626
51.9324,48.6987,31.9626
51.9324,48.6987,31.9626
52.1082,49.6741,31.8204
52.1082,49.6741,31.8204
52.1082,49.6741,31.8204
52.2757,50.6506,31.676
52.2757,50.6506,31.676
52.2757,50.6506,31.676
52.4347,51.6281,31.5292
52.4347,51.6281,31.5292
52.4347,51.6281,31.5292
52.5852,52.6067,31.3802
52.5852,52.6067,31.3802
52.5852,52.6067,31.3802
52.7274,53.5861,31.2289
52.7274,53.5861,31.2289
52.7274,53.5861,31.2289
52.8612,54.5664,31.0753
52.8612,54.5664,31.0753
52.8612,54.5664,31.0753
52.9865,55.5474,30.9195
52.9865,55.5474,30.9195
52.9865,55.5474,30.9195
53.1035,56.529,30.7614
53.1035,56.529,30.7614
53.1035,56.529,30.7614
53.212,57.5113,30.601
53.212,57.5113,30.601
53.212,57.5113,30.601
53.3121,58.4941,30.4384
53.3121,58.4941,30.4384
53.3121,58.4941,30.4384
53.4039,59.4773,30.2734
53.4039,59.4773,30.2734
53.4039,59.4773,30.2734
53.4874,60.4612,30.1069
53.4874,60.4612,30.1069
53.4874,60.4612,30.1069
53.5629,61.4456,29.9385
53.5629,61.4456,29.9385
53.5629,61.4456,29.9385
53.6302,62.4306,29.7683
53.6302,62.4306,29.7683
53.6302,62.4306,29.7683
53.6895,63.4159,29.5962
53.6895,63.4159,29.5962
53.6895,63.4159,29.5962
53.7406,64.4014,29.4223
53.7406,64.4014,29.4223
53.7406,64.4014,29.4223
53.7835,65.3871,29.2466
53.7835,65.3871,29.2466
53.7835,65.3871,29.2466
53.8183,66.3728,29.0691
53.8183,66.3728,29.0691
53.8183,66.3728,29.0691
53.8449,67.3585,28.8898
53.8449,67.3585,28.8898
53.8449,67.3585,28.8898
53.8632,68.3441,28.7087
53.8632,68.3441,28.7087
53.8632,68.3441,28.7087
53.8734,69.3295,28.5258
53.8734,69.3295,28.5258
53.8734,69.3295,28.5258
53.8753,70.3146,28.3411
53.8753,70.3146,28.3411
53.8753,70.3146,28.3411
53.8691,71.2993,28.1547
53.8691,71.2993,28.1547
53.8691,71.2993,28.1547
53.8546,72.2837,27.9664
53.8546,72.2837,27.9664
53.8546,72.2837,27.9664
53.832,73.2675,27.7763
53.832,73.2675,27.7763
53.832,73.2675,27.7763
53.8011,74.2508,27.5845
53.8011,74.2508,27.5845
53.8011,74.2508,27.5845
53.762,75.2334,27.3908
53.762,75.2334,27.3908
53.762,75.2334,27.3908
53.7148,76.2154,27.1953
53.7148,76.2154,27.1953
53.7148,76.2154,27.1953
53.6593,77.1965,26.998
53.6593,77.1965,26.998
53.6593,77.1965,26.998
53.5957,78.1767,26.7989
53.5957,78.1767,26.7989
53.5957,78.1767,26.7989
53.5239,79.1561,26.598
53.5239,79.1561,26.598
53.5239,79.1561,26.598
53.4387,80.1331,26.3938
53.4387,80.1331,26.3938
53.4387,80.1331,26.3938
53.3406,81.1077,26.1834
53.3406,81.1077,26.1834
53.3406,81.1077,26.1834
53.2313,82.0794,25.9649
53.2313,82.0794,25.9649
53.2313,82.0794,25.9649
53.1124,83.048,25.7372
53.1124,83.048,25.7372
53.1124,83.048,25.7372
52.9848,84.0136,25.4999
52.9848,84.0136,25.4999
52.9848,84.0136,25.4999
52.8496,84.9761,25.2531
52.8496,84.9761,25.2531
52.8496,84.9761,25.2531
52.7072,85.9355,24.9969
52.7072,85.9355,24.9969
52.7072,85.9355,24.9969
52.5581,86.8918,24.7316
52.5581,86.8918,24.7316
52.5581,86.8918,24.7316
52.4027,87.8449,24.4575
52.4027,87.8449,24.4575
52.4027,87.8449,24.4575
52.2412,88.7947,24.1749
52.2412,88.7947,24.1749
52.2412,88.7947,24.1749
52.0739,89.7414,23.8839
52.0739,89.7414,23.8839
52.0739,89.7414,23.8839
51.9009,90.6846,23.5848
51.9009,90.6846,23.5848
51.9009,90.6846,23.5848
51.7223,91.6245,23.2777
51.7223,91.6245,23.2777
51.7223,91.6245,23.2777
51.5383,92.5608,22.9628
51.5383,92.5608,22.9628
51.5383,92.5608,22.9628
51.3489,93.4936,22.6401
51.3489,93.4936,22.6401
51.3489,93.4936,22.6401
51.1543,94.4227,22.3098
51.1543,94.4227,22.3098
51.1543,94.4227,22.3098
50.9546,95.348,21.9719
50.9546,95.348,21.9719
50.9546,95.348,21.9719
50.7497,96.2695,21.6263
50.7497,96.2695,21.6263
50.7497,96.2695,21.6263
50.5398,97.187,21.2733
50.5398,97.187,21.2733
50.5398,97.187,21.2733
50.325,98.1006,20.9128
50.325,98.1006,20.9128
50.325,98.1006,20.9128
50.1053,99.0101,20.545
50.1053,99.0101,20.545
50.1053,99.0101,20.545
49.8809,99.9154,20.1696
49.8809,99.9154,20.1696
49.8809,99.9154,20.1696
49.6518,100.817,19.7869
49.6518,100.817,19.7869
49.6518,100.817,19.7869
49.418,101.713,19.3968
49.418,101.713,19.3968
49.418,101.713,19.3968
49.1797,102.606,18.9993
49.1797,102.606,18.9993
49.1797,102.606,18.9993
48.9369,103.493,18.5944
48.9369,103.493,18.5944
48.9369,103.493,18.5944
48.6897,104.377,18.1821
48.6897,104.377,18.1821
48.6897,104.377,18.1821
48.4382,105.255,17.7624
48.4382,105.255,17.7624
48.4382,105.255,17.7624
48.1825,106.129,17.3354
48.1825,106.129,17.3354
48.1825,106.129,17.3354
47.9226,106.998,16.9009
47.9226,106.998,16.9009
47.9226,106.998,16.9009
47.6586,107.862,16.4592
47.6586,107.862,16.4592
47.6586,107.862,16.4592
47.3907,108.72,16.01
47.3907,108.72,16.01
47.3907,108.72,16.01
47.1188,109.574,15.5536
47.1188,109.574,15.5536
47.1188,109.574,15.5536
46.8431,110.423,15.0897
46.8431,110.423,15.0897
46.8431,110.423,15.0897
46.5636,111.266,14.6186
46.5636,111.266,14.6186
46.5636,111.266,14.6186
46.2805,112.104,14.1401
46.2805,112.104,14.1401
46.2805,112.104,14.1401
45.9939,112.936,13.6543
45.9939,112.936,13.6543
45.9939,112.936,13.6543
45.7038,113.763,13.1613
45.7038,113.763,13.1613
45.7038,113.763,13.1613
45.4102,114.585,12.6609
45.4102,114.585,12.6609
45.4102,114.585,12.6609
45.1134,115.4,12.1533
45.1134,115.4,12.1533
45.1134,115.4,12.1533
44.8133,116.21,11.6384
44.8133,116.21,11.6384
44.8133,116.21,11.6384
44.5102,117.014,11.1163
44.5102,117.014,11.1163
44.5102,117.014,11.1163
44.2039,117.813,10.587
44.2039,117.813,10.587
44.2039,117.813,10.587
43.8948,118.605,10.0505
43.8948,118.605,10.0505
43.8948,118.605,10.0505
43.5828,119.391,9.50685
43.5828,119.391,9.50685
43.5828,119.391,9.50685
43.268,120.172,8.95603
43.268,120.172,8.95603
43.268,120.172,8.95603
42.9506,120.946,8.39811
42.9506,120.946,8.39811
42.9506,120.946,8.39811
42.6306,121.713,7.83308
42.6306,121.713,7.83308
42.6306,121.713,7.83308
42.308,122.475,7.26098
42.308,122.475,7.26098
42.308,122.475,7.26098
41.9832,123.23,6.68184
41.9832,123.23,6.68184
41.9832,123.23,6.68184
41.656,123.979,6.09568
41.656,123.979,6.09568
41.656,123.979,6.09568
41.3266,124.721,5.50252
41.3266,124.721,5.50252
41.3266,124.721,5.50252
40.9951,125.456,4.90242
40.9951,125.456,4.90242
40.9951,125.456,4.90242
40.6615,126.185,4.29538
40.6615,126.185,4.29538
40.6615,126.185,4.29538
40.3261,126.908,3.68145
40.3261,126.908,3.68145
40.3261,126.908,3.68145
39.9888,127.623,3.06065
39.9888,127.623,3.06065
39.9888,127.623,3.06065
39.6498,128.332,2.43304
39.6498,128.332,2.43304
39.6498,128.332,2.43304
39.3092,129.034,1.79862
39.3092,129.034,1.79862
39.3092,129.034,1.79862
38.967,129.729,1.15746
38.967,129.729,1.15746
38.967,129.729,1.15746
38.6233,130.417,0.509571
38.6233,130.417,0.509571
38.6233,130.417,0.509571
38.2784,131.098,-0.144989
38.2784,131.098,-0.144989
38.2784,131.098,-0.144989
37.9321,131.772,-0.806196
37.9321,131.772,-0.806196
37.9321,131.772,-0.806196
37.5847,132.438,-1.47401
37.5847,132.438,-1.47401
37.5847,132.438,-1.47401
37.2363,133.098,-2.14837
37.2363,133.098,-2.14837
37.2363,133.098,-2.14837
36.8869,133.75,-2.82926
36.8869,133.75,-2.82926
36.8869,133.75,-2.82926
36.5366,134.395,-3.51662
36.5366,134.395,-3.51662
36.5366,134.395,-3.51662
36.1855,135.033,-4.21042
36.1855,135.033,-4.21042
36.1855,135.033,-4.21042
35.8338,135.663,-4.9106
35.8338,135.663,-4.9106
35.8338,135.663,-4.9106
35.4815,136.286,-5.61712
35.4815,136.286,-5.61712
35.4815,136.286,-5.61712
35.1287,136.901,-6.32995
35.1287,136.901,-6.32995
35.1287,136.901,-6.32995
34.7755,137.509,-7.04902
34.7755,137.509,-7.04902
34.7755,137.509,-7.04902
34.4221,138.109,-7.77429
34.4221,138.109,-7.77429
34.4221,138.109,-7.77429
34.0684,138.701,-8.50571
34.0684,138.701,-8.50571
34.0684,138.701,-8.50571
33.7147,139.286,-9.24323
33.7147,139.286,-9.24323
33.7147,139.286,-9.24323
33.361,139.863,-9.98679
33.361,139.863,-9.98679
33.361,139.863,-9.98679
33.0073,140.433,-10.7364
33.0073,140.433,-10.7364
33.0073,140.433,-10.7364
32.6539,140.994,-11.4919
32.6539,140.994,-11.4919
32.6539,140.994,-11.4919
32.3008,141.548,-12.2533
32.3008,141.548,-12.2533
32.3008,141.548,-12.2533
31.948,142.094,-13.0205
31.948,142.094,-13.0205
31.948,142.094,-13.0205
31.5958,142.632,-13.7935
31.5958,142.632,-13.7935
31.5958,142.632,-13.7935
31.2442,143.163,-14.5722
31.2442,143.163,-14.5722
31.2442,143.163,-14.5722
30.8932,143.685,-15.3567
30.8932,143.685,-15.3567
30.8932,143.685,-15.3567
30.543,144.199,-16.1467
30.543,144.199,-16.1467
30.543,144.199,-16.1467
30.1937,144.705,-16.9422
30.1937,144.705,-16.9422
30.1937,144.705,-16.9422
29.8454,145.203,-17.7433
29.8454,145.203,-17.7433
29.8454,145.203,-17.7433
29.4982,145.693,-18.5498
29.4982,145.693,-18.5498
29.4982,145.693,-18.5498
29.1521,146.175,-19.3617
29.1521,146.175,-19.3617
29.1521,146.175,-19.3617
28.8073,146.649,-20.1789
28.8073,146.649,-20.1789
28.8073,146.649,-20.1789
28.4638,147.115,-21.0013
28.4638,147.115,-21.0013
28.4638,147.115,-21.0013
28.1219,147.572,-21.8289
28.1219,147.572,-21.8289
28.1219,147.572,-21.8289
27.7814,148.021,-22.6616
27.7814,148.021,-22.6616
27.7814,148.021,-22.6616
27.4427,148.462,-23.4994
27.4427,148.462,-23.4994
27.4427,148.462,-23.4994
27.1056,148.895,-24.3422
27.1056,148.895,-24.3422
27.1056,148.895,-24.3422
26.7704,149.32,-25.1899
26.7704,149.32,-25.1899
26.7704,149.32,-25.1899
26.4372,149.736,-26.0424
26.4372,149.736,-26.0424
26.4372,149.736,-26.0424
26.1059,150.144,-26.8998
26.1059,150.144,-26.8998
26.1059,150.144,-26.8998
25.7768,150.543,-27.7618
25.7768,150.543,-27.7618
25.7768,150.543,-27.7618
25.4499,150.935,-28.6285
25.4499,150.935,-28.6285
25.4499,150.935,-28.6285
25.1254,151.317,-29.4998
25.1254,151.317,-29.4998
25.1254,151.317,-29.4998
24.8032,151.692,-30.3757
24.8032,151.692,-30.3757
24.8032,151.692,-30.3757
24.4835,152.058,-31.2559
24.4835,152.058,-31.2559
24.4835,152.058,-31.2559
24.1664,152.416,-32.1405
24.1664,152.416,-32.1405
24.1664,152.416,-32.1405
23.852,152.766,-33.0295
23.852,152.766,-33.0295
23.852,152.766,-33.0295
23.5404,153.107,-33.9226
23.5404,153.107,-33.9226
23.5404,153.107,-33.9226
23.2316,153.439,-34.8199
23.2316,153.439,-34.8199
23.2316,153.439,-34.8199
22.9258,153.763,-35.7213
22.9258,153.763,-35.7213
22.9258,153.763,-35.7213
22.623,154.079,-36.6267
22.623,154.079,-36.6267
22.623,154.079,-36.6267
22.3234,154.387,-37.536
22.3234,154.387,-37.536
22.3234,154.387,-37.536
22.027,154.686,-38.4492
22.027,154.686,-38.4492
22.027,154.686,-38.4492
21.7339,154.976,-39.3661
21.7339,154.976,-39.3661
21.7339,154.976,-39.3661
21.4442,155.259,-40.2867
21.4442,155.259,-40.2867
21.4442,155.259,-40.2867
21.158,155.532,-41.211
21.158,155.532,-41.211
21.158,155.532,-41.211
20.8754,155.798,-42.1388
20.8754,155.798,-42.1388
20.8754,155.798,-42.1388
20.5964,156.055,-43.0701
20.5964,156.055,-43.0701
20.5964,156.055,-43.0701
20.3212,156.303,-44.0048
20.3212,156.303,-44.0048
20.3212,156.303,-44.0048
20.0499,156.544,-44.9427
20.0499,156.544,-44.9427
20.0499,156.544,-44.9427
19.7824,156.775,-45.8839
19.7824,156.775,-45.8839
19.7824,156.775,-45.8839
19.519,156.999,-46.8283
19.519,156.999,-46.8283
19.519,156.999,-46.8283
19.2596,157.214,-47.7757
19.2596,157.214,-47.7757
19.2596,157.214,-47.7757
19.0045,157.421,-48.7261
19.0045,157.421,-48.7261
19.0045,157.421,-48.7261
18.7536,157.619,-49.6794
18.7536,157.619,-49.6794
18.7536,157.619,-49.6794
18.507,157.81,-50.6356
18.507,157.81,-50.6356
18.507,157.81,-50.6356
18.2649,157.991,-51.5945
18.2649,157.991,-51.5945
18.2649,157.991,-51.5945
18.0273,158.165,-52.556
18.0273,158.165,-52.556
18.0273,158.165,-52.556
17.7942,158.33,-53.5201
17.7942,158.33,-53.5201
17.7942,158.33,-53.5201
17.5659,158.487,-54.4867
17.5659,158.487,-54.4867
17.5659,158.487,-54.4867
17.3423,158.636,-55.4557
17.3423,158.636,-55.4557
17.3423,158.636,-55.4557
17.1235,158.777,-56.4271
17.1235,158.777,-56.4271
17.1235,158.777,-56.4271
16.9096,158.909,-57.4006
16.9096,158.909,-57.4006
16.9096,158.909,-57.4006
16.7007,159.034,-58.3764
16.7007,159.034,-58.3764
16.7007,159.034,-58.3764
16.4968,159.15,-59.3542
16.4968,159.15,-59.3542
16.4968,159.15,-59.3542
16.2981,159.258,-60.334
16.2981,159.258,-60.334
16.2981,159.258,-60.334
16.1046,159.358,-61.3156
16.1046,159.358,-61.3156
16.1046,159.358,-61.3156
15.9163,159.45,-62.2991
15.9163,159.45,-62.2991
15.9163,159.45,-62.2991
15.7334,159.534,-63.2844
15.7334,159.534,-63.2844
15.7334,159.534,-63.2844
15.556,159.609,-64.2712
15.556,159.609,-64.2712
15.556,159.609,-64.2712
15.384,159.677,-65.2596
15.384,159.677,-65.2596
15.384,159.677,-65.2596
15.2177,159.737,-66.2495
15.2177,159.737,-66.2495
15.2177,159.737,-66.2495
15.0569,159.79,-67.2408
15.0569,159.79,-67.2408
15.0569,159.79,-67.2408
14.9019,159.834,-68.2333
14.9019,159.834,-68.2333
14.9019,159.834,-68.2333
14.7527,159.87,-69.2271
14.7527,159.87,-69.2271
14.7527,159.87,-69.2271
14.6093,159.899,-70.2219
14.6093,159.899,-70.2219
14.6093,159.899,-70.2219
14.4718,159.92,-71.2178
14.4718,159.92,-71.2178
14.4718,159.92,-71.2178
14.3403,159.933,-72.2147
14.3403,159.933,-72.2147
14.3403,159.933,-72.2147
14.2149,159.939,-73.2123
14.2149,159.939,-73.2123
14.2149,159.939,-73.2123
14.0955,159.937,-74.2108
14.0955,159.937,-74.2108
14.0955,159.937,-74.2108
13.9824,159.927,-75.2099
13.9824,159.927,-75.2099
13.9824,159.927,-75.2099
13.8755,159.91,-76.2096
13.8755,159.91,-76.2096
13.8755,159.91,-76.2096
13.7748,159.886,-77.2098
13.7748,159.886,-77.2098
13.7748,159.886,-77.2098
13.6806,159.854,-78.2105
13.6806,159.854,-78.2105
13.6806,159.854,-78.2105
13.5928,159.814,-79.2114
13.5928,159.814,-79.2114
13.5928,159.814,-79.2114
13.5114,159.767,-80.2126
13.5114,159.767,-80.2126
13.5114,159.767,-80.2126
13.4366,159.713,-81.2139
13.4366,159.713,-81.2139
13.4366,159.713,-81.2139
13.3684,159.652,-82.2152
13.3684,159.652,-82.2152
13.3684,159.652,-82.2152
13.3069,159.584,-83.2166
13.3069,159.584,-83.2166
13.3069,159.584,-83.2166
13.252,159.508,-84.2178
13.252,159.508,-84.2178
13.252,159.508,-84.2178
13.2039,159.425,-85.2188
13.2039,159.425,-85.2188
13.2039,159.425,-85.2188
13.1627,159.336,-86.2195
13.1627,159.336,-86.2195
13.1627,159.336,-86.2195
13.1283,159.239,-87.2198
13.1283,159.239,-87.2198
13.1283,159.239,-87.2198
13.1008,159.135,-88.2196
13.1008,159.135,-88.2196
13.1008,159.135,-88.2196
13.0804,159.025,-89.2189
13.0804,159.025,-89.2189
13.0804,159.025,-89.2189
13.0669,158.908,-90.2175
13.0669,158.908,-90.2175
13.0669,158.908,-90.2175
13.0605,158.784,-91.2153
13.0605,158.784,-91.2153
13.0605,158.784,-91.2153
13.0612,158.653,-92.2124
13.0612,158.653,-92.2124
13.0612,158.653,-92.2124
13.0691,158.516,-93.2085
13.0691,158.516,-93.2085
13.0691,158.516,-93.2085
13.0842,158.372,-94.2036
13.0842,158.372,-94.2036
13.0842,158.372,-94.2036
13.1065,158.221,-95.1976
13.1065,158.221,-95.1976
13.1065,158.221,-95.1976
13.1362,158.065,-96.1904
13.1362,158.065,-96.1904
13.1362,158.065,-96.1904
13.1732,157.901,-97.182
13.1732,157.901,-97.182
13.1732,157.901,-97.182
13.2176,157.732,-98.1721
13.2176,157.732,-98.1721
13.2176,157.732,-98.1721
13.2693,157.556,-99.1609
13.2693,157.556,-99.1609
13.2693,157.556,-99.1609
13.3286,157.374,-100.148
13.3286,157.374,-100.148
13.3286,157.374,-100.148
13.3953,157.187,-101.134
13.3953,157.187,-101.134
13.3953,157.187,-101.134
13.4696,156.993,-102.118
13.4696,156.993,-102.118
13.4696,156.993,-102.118
13.5515,156.793,-103.1
13.5515,156.793,-103.1
13.5515,156.793,-103.1
13.641,156.587,-104.08
13.641,156.587,-104.08
13.641,156.587,-104.08
13.7381,156.375,-105.058
13.7381,156.375,-105.058
13.7381,156.375,-105.058
13.8429,156.158,-106.034
13.8429,156.158,-106.034
13.8429,156.158,-106.034
13.9554,155.935,-107.008
13.9554,155.935,-107.008
13.9554,155.935,-107.008
14.0756,155.707,-107.98
14.0756,155.707,-107.98
14.0756,155.707,-107.98
14.2036,155.473,-108.95
14.2036,155.473,-108.95
14.2036,155.473,-108.95
14.3394,155.233,-109.917
14.3394,155.233,-109.917
14.3394,155.233,-109.917
14.483,154.988,-110.881
14.483,154.988,-110.881
14.483,154.988,-110.881
14.6345,154.738,-111.844
14.6345,154.738,-111.844
14.6345,154.738,-111.844
14.7938,154.483,-112.803
14.7938,154.483,-112.803
14.7938,154.483,-112.803
14.961,154.222,-113.76
14.961,154.222,-113.76
14.961,154.222,-113.76
15.1362,153.957,-114.714
15.1362,153.957,-114.714
15.1362,153.957,-114.714
15.3193,153.686,-115.665
15.3193,153.686,-115.665
15.3193,153.686,-115.665
15.5103,153.411,-116.613
15.5103,153.411,-116.613
15.5103,153.411,-116.613
15.7094,153.131,-117.558
15.7094,153.131,-117.558
15.7094,153.131,-117.558
15.9164,152.846,-118.5
15.9164,152.846,-118.5
15.9164,152.846,-118.5
16.1315,152.557,-119.438
16.1315,152.557,-119.438
16.1315,152.557,-119.438
16.3545,152.263,-120.374
16.3545,152.263,-120.374
16.3545,152.263,-120.374
16.5857,151.964,-121.306
16.5857,151.964,-121.306
16.5857,151.964,-121.306
16.8249,151.662,-122.234
16.8249,151.662,-122.234
16.8249,151.662,-122.234
17.0721,151.355,-123.159
17.0721,151.355,-123.159
17.0721,151.355,-123.159
17.3274,151.043,-124.081
17.3274,151.043,-124.081
17.3274,151.043,-124.081
17.5909,150.728,-124.999
17.5909,150.728,-124.999
17.5909,150.728,-124.999
17.8624,150.408,-125.913
17.8624,150.408,-125.913
17.8624,150.408,-125.913
18.1421,150.085,-126.823
18.1421,150.085,-126.823
18.1421,150.085,-126.823
18.4298,149.758,-127.729
18.4298,149.758,-127.729
18.4298,149.758,-127.729
18.7257,149.427,-128.631
18.7257,149.427,-128.631
18.7257,149.427,-128.631
19.0297,149.092,-129.53
19.0297,149.092,-129.53
19.0297,149.092,-129.53
19.3419,148.754,-130.424
19.3419,148.754,-130.424
19.3419,148.754,-130.424
19.6621,148.412,-131.313
19.6621,148.412,-131.313
19.6621,148.412,-131.313
19.9906,148.067,-132.199
19.9906,148.067,-132.199
19.9906,148.067,-132.199
20.3271,147.719,-133.08
20.3271,147.719,-133.08
20.3271,147.719,-133.08
20.6718,147.368,-133.957
20.6718,147.368,-133.957
20.6718,147.368,-133.957
21.0246,147.013,-134.829
21.0246,147.013,-134.829
21.0246,147.013,-134.829
21.3855,146.655,-135.697
21.3855,146.655,-135.697
21.3855,146.655,-135.697
21.7545,146.295,-136.56
21.7545,146.295,-136.56
21.7545,146.295,-136.56
22.1317,145.931,-137.418
22.1317,145.931,-137.418
22.1317,145.931,-137.418
22.5169,145.565,-138.272
22.5169,145.565,-138.272
22.5169,145.565,-138.272
22.9103,145.196,-139.121
22.9103,145.196,-139.121
22.9103,145.196,-139.121
23.3117,144.825,-139.965
23.3117,144.825,-139.965
23.3117,144.825,-139.965
23.7212,144.451,-140.804
23.7212,144.451,-140.804
23.7212,144.451,-140.804
24.1388,144.075,-141.637
24.1388,144.075,-141.637
24.1388,144.075,-141.637
24.5645,143.696,-142.466
24.5645,143.696,-142.466
24.5645,143.696,-142.466
24.9981,143.316,-143.29
24.9981,143.316,-143.29
24.9981,143.316,-143.29
25.4398,142.933,-144.108
25.4398,142.933,-144.108
25.4398,142.933,-144.108
25.8895,142.549,-144.921
25.8895,142.549,-144.921
25.8895,142.549,-144.921
26.3472,142.162,-145.729
26.3472,142.162,-145.729
26.3472,142.162,-145.729
26.8128,141.774,-146.531
26.8128,141.774,-146.531
26.8128,141.774,-146.531
27.2864,141.384,-147.328
27.2864,141.384,-147.328
27.2864,141.384,-147.328
27.768,140.993,-148.119
27.768,140.993,-148.119
27.768,140.993,-148.119
28.2574,140.6,-148.905
28.2574,140.6,-148.905
28.2574,140.6,-148.905
28.7547,140.205,-149.685
28.7547,140.205,-149.685
28.7547,140.205,-149.685
29.2599,139.81,-150.459
29.2599,139.81,-150.459
29.2599,139.81,-150.459
29.7729,139.413,-151.227
29.7729,139.413,-151.227
29.7729,139.413,-151.227
30.2937,139.015,-151.99
30.2937,139.015,-151.99
30.2937,139.015,-151.99
30.8223,138.617,-152.747
30.8223,138.617,-152.747
30.8223,138.617,-152.747
31.3586,138.217,-153.498
31.3586,138.217,-153.498
31.3586,138.217,-153.498
31.9026,137.817,-154.243
31.9026,137.817,-154.243
31.9026,137.817,-154.243
32.4544,137.415,-154.981
32.4544,137.415,-154.981
32.4544,137.415,-154.981
33.0137,137.014,-155.714
33.0137,137.014,-155.714
33.0137,137.014,-155.714
33.5807,136.612,-156.441
33.5807,136.612,-156.441
33.5807,136.612,-156.441
34.1553,136.209,-157.161
34.1553,136.209,-157.161
34.1553,136.209,-157.161
34.7375,135.806,-157.875
34.7375,135.806,-157.875
34.7375,135.806,-157.875
35.3271,135.404,-158.583
35.3271,135.404,-158.583
35.3271,135.404,-158.583
35.9242,135.001,-159.285
35.9242,135.001,-159.285
35.9242,135.001,-159.285
36.5288,134.598,-159.98
36.5288,134.598,-159.98
36.5288,134.598,-159.98
37.1407,134.195,-160.669
37.1407,134.195,-160.669
37.1407,134.195,-160.669
37.76,133.792,-161.351
37.76,133.792,-161.351
37.76,133.792,-161.351
38.3866,133.39,-162.027
38.3866,133.39,-162.027
38.3866,133.39,-162.027
39.0205,132.988,-162.696
39.0205,132.988,-162.696
39.0205,132.988,-162.696
39.6616,132.587,-163.359
39.6616,132.587,-163.359
39.6616,132.587,-163.359
40.3114,132.187,-164.015
40.3114,132.187,-164.015
40.3114,132.187,-164.015
40.9692,131.79,-164.663
40.9692,131.79,-164.663
40.9692,131.79,-164.663
41.6355,131.394,-165.303
41.6355,131.394,-165.303
41.6355,131.394,-165.303
42.3102,130.999,-165.934
42.3102,130.999,-165.934
42.3102,130.999,-165.934
42.9934,130.605,-166.556
42.9934,130.605,-166.556
42.9934,130.605,-166.556
43.6849,130.212,-167.168
43.685,130.213,-167.168
43.6849,130.213,-167.168
44.3848,129.821,-167.771
44.3848,129.821,-167.771
44.3848,129.821,-167.771
45.0929,129.43,-168.365
45.0929,129.431,-168.365
45.0929,129.431,-168.365
45.8091,129.041,-168.948
45.8091,129.041,-168.948
45.8091,129.041,-168.948
46.5334,128.653,-169.521
46.5335,128.653,-169.521
46.5334,128.653,-169.522
47.2658,128.265,-170.085
47.2658,128.265,-170.085
47.2657,128.265,-170.085
48.006,127.879,-170.638
48.006,127.879,-170.638
48.0059,127.879,-170.638
48.754,127.494,-171.18
48.754,127.494,-171.18
48.7539,127.494,-171.18
49.5098,127.109,-171.712
49.5098,127.109,-171.712
49.5097,127.109,-171.713
50.2732,126.726,-172.234
50.2733,126.726,-172.234
50.2731,126.726,-172.234
51.0442,126.344,-172.744
51.0442,126.344,-172.744
51.044,126.344,-172.745
51.8226,125.963,-173.244
51.8227,125.964,-173.244
51.8225,125.963,-173.244
52.6084,125.584,-173.733
52.6084,125.584,-173.733
52.6082,125.584,-173.733
53.4014,125.206,-174.211
53.4015,125.206,-174.211
53.4012,125.206,-174.211
54.2015,124.829,-174.678
54.2016,124.829,-174.677
54.2013,124.829,-174.678
55.0087,124.453,-175.133
55.0088,124.453,-175.133
55.0085,124.453,-175.133
55.8227,124.08,-175.577
55.8228,124.08,-175.577
55.8225,124.08,-175.577
56.6435,123.707,-176.01
56.6436,123.707,-176.01
56.6433,123.707,-176.01
57.471,123.337,-176.431
57.4711,123.337,-176.431
57.4708,123.337,-176.432
58.305,122.968,-176.841
58.3051,122.968,-176.841
58.3047,122.968,-176.841
59.1454,122.601,-177.239
59.1455,122.601,-177.239
59.1451,122.601,-177.239
59.9921,122.237,-177.626
59.9922,122.237,-177.625
59.9918,122.237,-177.626
60.8449,121.874,-178.0
60.845,121.874,-178.0
60.8446,121.874,-178.001
61.7036,121.514,-178.363
61.7038,121.514,-178.363
61.7034,121.514,-178.364
62.5683,121.155,-178.714
62.5685,121.155,-178.713
62.568,121.155,-178.715
63.4387,120.8,-179.053
63.4389,120.8,-179.052
63.4383,120.8,-179.054
64.3146,120.446,-179.38
64.3148,120.446,-179.379
64.3143,120.446,-179.381
65.196,120.096,-179.695
65.1962,120.096,-179.694
65.1957,120.096,-179.696
66.0827,119.748,-179.998
66.0829,119.748,-179.997
66.0823,119.748,-179.999
66.9745,119.403,-180.289
66.9747,119.403,-180.288
66.9741,119.403,-180.289
67.8713,119.06,-180.567
67.8715,119.06,-180.566
67.8709,119.061,-180.568
68.7729,118.721,-180.833
68.7731,118.721,-180.832
68.7725,118.721,-180.834
69.6792,118.385,-181.087
69.6795,118.385,-181.086
69.6788,118.385,-181.088
70.59,118.052,-181.329
70.5903,118.052,-181.328
70.5896,118.052,-181.33
71.5053,117.722,-181.558
71.5056,117.722,-181.557
71.5048,117.723,-181.559
72.4247,117.396,-181.775
72.425,117.396,-181.774
72.4243,117.396,-181.776
73.3482,117.073,-181.98
73.3485,117.073,-181.978
73.3478,117.073,-181.981
74.2756,116.754,-182.172
74.2759,116.754,-182.17
74.2751,116.754,-182.173
75.2067,116.439,-182.351
75.2071,116.438,-182.35
75.2063,116.439,-182.353
76.1415,116.127,-182.518
76.1418,116.127,-182.517
76.141,116.127,-182.52
77.0796,115.819,-182.673
77.08,115.819,-182.671
77.0792,115.819,-182.674
78.021,115.515,-182.815
78.0214,115.515,-182.813
78.0206,115.515,-182.816
78.9656,115.215,-182.944
78.9659,115.215,-182.942
78.9651,115.215,-182.946
79.913,114.919,-183.061
79.9134,114.919,-183.059
79.9125,114.919,-183.063
80.8632,114.627,-183.165
80.8636,114.627,-183.164
80.8628,114.628,-183.167
81.8161,114.34,-183.257
81.8164,114.34,-183.255
81.8156,114.34,-183.259
82.7713,114.057,-183.336
82.7717,114.057,-183.334
82.7708,114.057,-183.339
83.7289,113.779,-183.403
83.7292,113.779,-183.401
83.7284,113.779,-183.405
84.6885,113.505,-183.457
84.6889,113.505,-183.455
84.688,113.505,-183.46
85.6501,113.236,-183.499
85.6505,113.236,-183.496
85.6496,113.236,-183.501
86.6134,112.971,-183.528
86.6138,112.971,-183.525
86.613,112.972,-183.53
87.5784,112.712,-183.544
87.5788,112.712,-183.541
87.578,112.712,-183.547
88.5448,112.457,-183.548
88.5452,112.457,-183.545
88.5444,112.457,-183.551
89.5125,112.207,-183.539
89.5129,112.207,-183.536
89.5121,112.208,-183.542
90.4813,111.963,-183.518
90.4817,111.963,-183.515
90.4809,111.963,-183.521
91.451,111.723,-183.484
91.4514,111.723,-183.481
91.4506,111.724,-183.488
92.4215,111.489,-183.438
92.4218,111.489,-183.435
92.4211,111.489,-183.442
93.3925,111.26,-183.38
93.3929,111.26,-183.376
93.3922,111.26,-183.383
94.364,111.036,-183.309
94.3644,111.036,-183.305
94.3637,111.037,-183.312
95.3358,110.818,-183.225
95.3361,110.818,-183.222
95.3354,110.819,-183.229
96.3076,110.606,-183.129
96.3079,110.605,-183.126
96.3073,110.606,-183.133
97.2794,110.399,-183.021
97.2796,110.399,-183.018
97.2791,110.399,-183.025
98.2509,110.197,-182.901
98.2511,110.197,-182.897
98.2506,110.198,-182.905
99.2219,110.002,-182.768
99.2222,110.002,-182.764
99.2217,110.002,-182.772
100.192,109.812,-182.623
100.193,109.812,-182.619
100.192,109.813,-182.628
101.162,109.628,-182.466
101.162,109.628,-182.462
101.162,109.629,-182.471
102.131,109.451,-182.297
102.131,109.45,-182.293
102.131,109.451,-182.302
103.099,109.279,-182.116
103.099,109.278,-182.111
103.099,109.279,-182.121
104.065,109.113,-181.922
104.065,109.113,-181.918
104.065,109.114,-181.927
105.03,108.953,-181.717
105.03,108.953,-181.712
105.03,108.954,-181.722
105.993,108.8,-181.5
105.993,108.8,-181.495
105.993,108.801,-181.505
106.955,108.653,-181.271
106.955,108.652,-181.266
106.955,108.654,-181.276
107.915,108.512,-181.03
107.915,108.512,-181.025
107.915,108.513,-181.036
108.872,108.378,-180.777
108.872,108.377,-180.772
108.872,108.379,-180.783
109.828,108.25,-180.513
109.827,108.249,-180.507
109.828,108.251,-180.519
110.78,108.128,-180.237
110.78,108.128,-180.231
110.781,108.129,-180.243
111.731,108.014,-179.949
111.731,108.013,-179.944
111.731,108.015,-179.956
112.678,107.906,-179.65
112.678,107.905,-179.645
112.679,107.906,-179.657
113.623,107.804,-179.34
113.622,107.804,-179.334
113.623,107.805,-179.347
114.564,107.709,-179.018
114.564,107.709,-179.012
114.565,107.71,-179.025
115.502,107.621,-178.685
115.502,107.621,-178.679
115.503,107.622,-178.692
116.437,107.54,-178.341
116.437,107.54,-178.335
116.438,107.541,-178.348
117.368,107.466,-177.986
117.368,107.465,-177.979
117.369,107.467,-177.993
118.296,107.399,-177.619
118.295,107.398,-177.613
118.297,107.4,-177.627
119.219,107.338,-177.242
119.219,107.338,-177.235
119.22,107.339,-177.25
120.139,107.285,-176.854
120.138,107.284,-176.847
120.14,107.286,-176.862
121.054,107.239,-176.455
121.053,107.238,-176.448
121.055,107.24,-176.463
121.965,107.2,-176.046
121.964,107.199,-176.038
121.966,107.201,-176.054
122.871,107.168,-175.626
122.87,107.167,-175.618
122.872,107.169,-175.634
123.772,107.143,-175.195
123.771,107.142,-175.187
123.774,107.144,-175.204
124.669,107.125,-174.754
124.668,107.124,-174.746
124.671,107.126,-174.763
125.561,107.115,-174.303
125.56,107.114,-174.295
125.562,107.116,-174.312
126.447,107.112,-173.841
126.446,107.111,-173.833
126.449,107.113,-173.851
127.329,107.116,-173.37
127.327,107.115,-173.361
127.33,107.117,-173.379
128.204,107.128,-172.889
128.203,107.127,-172.88
128.206,107.129,-172.898
129.074,107.147,-172.397
129.073,107.146,-172.388
129.076,107.148,-172.407
129.939,107.173,-171.896
129.937,107.172,-171.887
129.941,107.174,-171.906
130.797,107.207,-171.385
130.795,107.206,-171.376
130.799,107.208,-171.396
131.649,107.248,-170.865
131.647,107.247,-170.856
131.652,107.25,-170.876
132.496,107.297,-170.335
132.493,107.296,-170.326
132.498,107.298,-170.346
133.335,107.353,-169.796
133.333,107.353,-169.787
133.338,107.355,-169.807
134.168,107.417,-169.248
134.166,107.416,-169.238
134.171,107.419,-169.259
134.995,107.489,-168.691
134.993,107.488,-168.681
134.998,107.49,-168.702
135.815,107.568,-168.125
135.812,107.567,-168.115
135.818,107.569,-168.136
136.628,107.654,-167.55
136.625,107.654,-167.54
136.631,107.656,-167.562
137.433,107.749,-166.966
137.431,107.748,-166.956
137.437,107.75,-166.978
138.232,107.851,-166.374
138.229,107.85,-166.363
138.236,107.852,-166.386
139.023,107.96,-165.773
139.02,107.959,-165.762
139.027,107.962,-165.786
139.807,108.077,-165.164
139.804,108.076,-165.153
139.811,108.079,-165.177
140.583,108.202,-164.547
140.58,108.201,-164.536
140.587,108.204,-164.56
141.352,108.335,-163.922
141.348,108.333,-163.911
141.356,108.336,-163.935
142.112,108.475,-163.289
142.108,108.474,-163.277
142.116,108.477,-163.302
142.865,108.623,-162.648
142.861,108.621,-162.636
142.869,108.624,-162.661
143.609,108.778,-162.0
143.605,108.777,-161.988
143.614,108.78,-162.013
144.345,108.941,-161.344
144.341,108.94,-161.331
144.35,108.943,-161.357
145.073,109.112,-160.68
145.068,109.111,-160.668
145.078,109.114,-160.694
145.792,109.291,-160.01
145.787,109.29,-159.997
145.797,109.293,-160.024
146.503,109.477,-159.332
146.498,109.476,-159.319
146.508,109.479,-159.346
147.204,109.671,-158.648
147.2,109.67,-158.635
147.21,109.673,-158.662
147.897,109.873,-157.956
147.892,109.872,-157.943
147.903,109.875,-157.971
148.581,110.082,-157.258
148.576,110.081,-157.245
148.587,110.085,-157.273
149.256,110.299,-156.554
149.251,110.298,-156.54
149.263,110.302,-156.569
149.922,110.524,-155.843
149.916,110.523,-155.829
149.928,110.526,-155.858
150.578,110.757,-155.126
150.573,110.755,-155.112
150.585,110.759,-155.142
151.225,110.997,-154.403
151.219,110.995,-154.389
151.232,110.999,-154.419
151.863,111.244,-153.674
151.857,111.243,-153.66
151.87,111.246,-153.69
152.491,111.499,-152.94
152.484,111.498,-152.925
152.498,111.502,-152.956
153.109,111.762,-152.2
153.102,111.761,-152.185
153.116,111.765,-152.216
153.717,112.033,-151.454
153.71,112.031,-151.439
153.725,112.035,-151.471
154.315,112.311,-150.704
154.308,112.309,-150.689
154.323,112.313,-150.72
154.903,112.596,-149.948
154.896,112.594,-149.932
154.912,112.599,-149.965
155.481,112.889,-149.187
155.474,112.887,-149.172
155.49,112.892,-149.204
156.049,113.19,-148.421
156.042,113.188,-148.406
156.058,113.192,-148.439
156.607,113.498,-147.651
156.599,113.496,-147.635
156.616,113.5,-147.669
157.154,113.813,-146.877
157.146,113.811,-146.861
157.163,113.816,-146.894
157.69,114.136,-146.098
157.682,114.134,-146.082
157.7,114.139,-146.116
158.217,114.466,-145.315
158.208,114.464,-145.298
158.226,114.469,-145.333
158.732,114.804,-144.528
158.723,114.802,-144.511
158.742,114.806,-144.546
159.236,115.148,-143.737
159.227,115.146,-143.72
159.247,115.151,-143.755
159.73,115.501,-142.943
159.721,115.499,-142.926
159.741,115.504,-142.961
160.213,115.86,-142.145
160.204,115.858,-142.128
160.224,115.863,-142.164
160.685,116.227,-141.344
160.675,116.224,-141.327
160.696,116.23,-141.363
161.146,116.601,-140.54
161.136,116.598,-140.522
161.157,116.604,-140.559
161.595,116.981,-139.732
161.585,116.979,-139.715
161.607,116.985,-139.752
162.034,117.37,-138.923
162.023,117.367,-138.905
162.046,117.373,-138.942
162.461,117.765,-138.11
162.45,117.762,-138.092
162.474,117.768,-138.13
162.877,118.167,-137.295
162.866,118.164,-137.277
162.89,118.17,-137.315
163.282,118.576,-136.478
163.27,118.573,-136.46
163.294,118.579,-136.498
163.675,118.992,-135.658
163.663,118.989,-135.64
163.688,118.995,-135.679
164.056,119.415,-134.837
164.044,119.412,-134.819
164.07,119.418,-134.858
164.426,119.844,-134.014
164.414,119.842,-133.996
164.44,119.848,-134.035
164.784,120.281,-133.19
164.772,120.278,-133.171
164.799,120.284,-133.21
165.131,120.724,-132.364
165.118,120.721,-132.345
165.146,120.728,-132.385
165.466,121.174,-131.537
165.453,121.171,-131.518
165.481,121.178,-131.558
165.789,121.631,-130.708
165.776,121.628,-130.689
165.804,121.634,-130.729
166.101,122.094,-129.879
166.087,122.091,-129.86
166.116,122.097,-129.9
166.4,122.563,-129.049
166.386,122.56,-129.03
166.416,122.567,-129.071
166.688,123.039,-128.219
166.674,123.036,-128.2
166.704,123.043,-128.241
166.963,123.522,-127.388
166.949,123.519,-127.369
166.98,123.526,-127.41
167.227,124.01,-126.557
167.212,124.007,-126.538
167.244,124.014,-126.579
167.479,124.505,-125.726
167.464,124.502,-125.707
167.496,124.51,-125.748
167.718,125.007,-124.896
167.703,125.003,-124.876
167.736,125.011,-124.918
167.946,125.514,-124.065
167.93,125.511,-124.045
167.964,125.518,-124.088
168.161,126.028,-123.235
168.145,126.024,-123.215
168.179,126.032,-123.258
168.365,126.547,-122.406
168.348,126.544,-122.386
168.383,126.551,-122.429
168.556,127.073,-121.578
168.539,127.069,-121.557
168.575,127.077,-121.6
168.735,127.604,-120.75
168.718,127.6,-120.73
168.754,127.608,-120.773
168.902,128.141,-119.924
168.885,128.137,-119.904
168.921,128.146,-119.947
169.056,128.684,-119.1
169.039,128.68,-119.079
169.076,128.689,-119.123
169.199,129.232,-118.276
169.181,129.228,-118.255
169.219,129.237,-118.3
169.329,129.786,-117.455
169.311,129.782,-117.434
169.35,129.791,-117.478
169.447,130.346,-116.635
169.429,130.342,-116.614
169.468,130.351,-116.659
169.553,130.911,-115.818
169.534,130.907,-115.797
169.574,130.916,-115.841
169.647,131.482,-115.003
169.628,131.477,-114.981
169.668,131.487,-115.026
169.728,132.058,-114.19
169.709,132.053,-114.168
169.75,132.063,-114.213
169.797,132.639,-113.38
169.777,132.634,-113.358
169.82,132.644,-113.403
169.854,133.225,-112.572
169.834,133.22,-112.55
169.877,133.23,-112.596
169.898,133.816,-111.767
169.878,133.811,-111.746
169.922,133.821,-111.791
169.931,134.412,-110.966
169.91,134.407,-110.944
169.955,134.418,-110.99
169.951,135.013,-110.168
169.93,135.008,-110.146
169.975,135.019,-110.192
169.959,135.619,-109.373
169.938,135.614,-109.351
169.984,135.625,-109.397
169.955,136.23,-108.582
169.933,136.225,-108.56
169.98,136.235,-108.606
169.939,136.845,-107.794
169.917,136.84,-107.772
169.964,136.851,-107.819
169.91,137.465,-107.011
169.888,137.459,-106.989
169.936,137.471,-107.035
169.87,138.089,-106.232
169.847,138.084,-106.209
169.896,138.095,-106.256
169.817,138.718,-105.456
169.794,138.712,-105.434
169.844,138.724,-105.481
169.753,139.351,-104.686
169.729,139.345,-104.663
169.78,139.357,-104.71
169.676,139.988,-103.92
169.652,139.982,-103.897
169.703,139.994,-103.944
169.587,140.629,-103.158
169.563,140.623,-103.136
169.615,140.636,-103.183
169.486,141.274,-102.402
169.462,141.269,-102.379
169.515,141.281,-102.426
169.374,141.924,-101.65
169.349,141.918,-101.628
169.403,141.931,-101.675
169.249,142.577,-100.904
169.224,142.571,-100.882
169.279,142.584,-100.929
169.113,143.234,-100.163
169.088,143.227,-100.141
169.143,143.241,-100.188
168.965,143.894,-99.4282
168.939,143.888,-99.4055
168.995,143.901,-99.4529
168.805,144.558,-98.6987
168.779,144.552,-98.676
168.835,144.566,-98.7234
168.633,145.226,-97.975
168.607,145.219,-97.9523
168.664,145.233,-97.9997
168.45,145.897,-97.2573
168.423,145.89,-97.2346
168.481,145.904,-97.2821
168.255,146.571,-96.5458
168.228,146.564,-96.5231
168.287,146.579,-96.5705
168.049,147.249,-95.8406
168.021,147.242,-95.8178
168.081,147.256,-95.8654
167.831,147.929,-95.1419
167.803,147.922,-95.1191
167.863,147.937,-95.1666
167.601,148.613,-94.4497
167.573,148.605,-94.4269
167.634,148.621,-94.4745
167.361,149.299,-93.7644
167.332,149.292,-93.7416
167.394,149.307,-93.7891
167.108,149.988,-93.0859
167.08,149.981,-93.0631
167.142,149.996,-93.1106
166.845,150.68,-92.4145
166.816,150.672,-92.3917
166.879,150.688,-92.4391
166.571,151.374,-91.7502
166.541,151.367,-91.7274
166.605,151.383,-91.7749
166.285,152.071,-91.0934
166.255,152.063,-91.0706
166.32,152.08,-91.1179
165.988,152.771,-90.4439
165.958,152.763,-90.4212
166.024,152.78,-90.4685
165.681,153.472,-89.8021
165.65,153.464,-89.7794
165.716,153.481,-89.8267
165.362,154.176,-89.1681
165.331,154.168,-89.1454
165.398,154.185,-89.1926
165.033,154.882,-88.5419
165.001,154.874,-88.5193
165.069,154.891,-88.5663
164.693,155.59,-87.9238
164.661,155.581,-87.9012
164.73,155.6,-87.9482
164.342,156.3,-87.3139
164.31,156.291,-87.2912
164.379,156.309,-87.3381
163.981,157.011,-86.7122
163.948,157.002,-86.6896
164.019,157.021,-86.7364
163.609,157.724,-86.1189
163.576,157.715,-86.0964
163.647,157.734,-86.143
163.227,158.439,-85.5342
163.193,158.43,-85.5117
163.265,158.449,-85.5582
162.834,159.155,-84.9582
162.801,159.146,-84.9357
162.873,159.166,-84.9821
162.432,159.873,-84.3909
162.398,159.863,-84.3685
162.471,159.884,-84.4148
162.019,160.592,-83.8326
161.984,160.582,-83.8103
162.059,160.603,-83.8564
161.596,161.312,-83.2834
161.561,161.302,-83.2611
161.636,161.323,-83.307
161.163,162.033,-82.7433
161.128,162.023,-82.7211
161.204,162.044,-82.7669
160.721,162.755,-82.2125
160.685,162.745,-82.1903
160.762,162.766,-82.2359
160.268,163.478,-81.6911
160.233,163.467,-81.669
160.31,163.489,-81.7144
159.806,164.201,-81.1792
159.77,164.19,-81.1572
159.848,164.213,-81.2024
159.335,164.925,-80.6769
159.299,164.914,-80.655
159.377,164.937,-80.7001
158.854,165.65,-80.1844
158.818,165.639,-80.1626
158.897,165.662,-80.2074
158.364,166.375,-79.7017
158.327,166.364,-79.68
158.407,166.387,-79.7246
157.865,167.1,-79.229
157.828,167.089,-79.2074
157.908,167.113,-79.2518
157.357,167.826,-78.7664
157.319,167.814,-78.7448
157.401,167.838,-78.789
156.839,168.551,-78.3139
156.801,168.54,-78.2924
156.884,168.564,-78.3364
156.313,169.277,-77.8717
156.275,169.265,-77.8503
156.358,169.29,-77.894
155.778,170.002,-77.4398
155.74,169.99,-77.4186
155.823,170.016,-77.462
155.235,170.728,-77.0185
155.196,170.715,-76.9973
155.28,170.741,-77.0405
154.683,171.452,-76.6077
154.644,171.44,-76.5866
154.729,171.466,-76.6295
154.123,172.177,-76.2075
154.083,172.164,-76.1866
154.169,172.191,-76.2292
153.554,172.901,-75.8181
153.514,172.888,-75.7973
153.601,172.915,-75.8396
152.978,173.624,-75.4395
152.937,173.611,-75.4188
153.025,173.638,-75.4609
152.393,174.346,-75.0719
152.352,174.333,-75.0513
152.44,174.361,-75.093
151.801,175.068,-74.7152
151.76,175.055,-74.6948
151.848,175.083,-74.7362
151.201,175.789,-74.3697
151.159,175.775,-74.3494
151.249,175.803,-74.3905
150.593,176.508,-74.0353
150.551,176.494,-74.0152
150.641,176.523,-74.0559
149.978,177.226,-73.7122
149.936,177.213,-73.6922
150.027,177.242,-73.7326
149.355,177.943,-73.4004
149.313,177.929,-73.3805
149.404,177.959,-73.4206
148.726,178.659,-73.1
148.683,178.645,-73.0803
148.775,178.675,-73.12
148.089,179.373,-72.8111
148.046,179.359,-72.7915
148.139,179.389,-72.8309
147.445,180.086,-72.5338
147.402,180.071,-72.5143
147.495,180.102,-72.5533
146.795,180.797,-72.268
146.751,180.782,-72.2487
146.845,180.813,-72.2873
146.138,181.506,-72.0139
146.094,181.49,-71.9948
146.189,181.522,-72.0331
145.474,182.213,-71.7716
145.43,182.197,-71.7527
145.526,182.23,-71.7905
144.805,182.918,-71.5411
144.76,182.902,-71.5223
144.856,182.935,-71.5597
144.129,183.621,-71.3224
144.084,183.605,-71.3038
144.181,183.638,-71.3409
143.447,184.321,-71.1157
143.402,184.305,-71.0973
143.499,184.339,-71.1339
142.759,185.02,-70.9209
142.714,185.003,-70.9027
142.811,185.038,-70.9389
142.065,185.716,-70.7382
142.02,185.699,-70.7201
142.118,185.734,-70.7559
141.366,186.409,-70.5675
141.32,186.392,-70.5497
141.419,186.428,-70.585
140.661,187.1,-70.409
140.615,187.083,-70.3913
140.715,187.119,-70.4262
139.951,187.788,-70.2626
139.905,187.771,-70.2452
140.005,187.807,-70.2796
139.236,188.473,-70.1285
139.19,188.455,-70.1112
139.29,188.492,-70.1452
138.516,189.155,-70.0066
138.47,189.138,-69.9895
138.571,189.175,-70.023
137.791,189.834,-69.897
137.744,189.817,-69.8801
137.846,189.854,-69.9131
137.062,190.511,-69.7997
137.015,190.492,-69.783
137.117,190.531,-69.8156
136.328,191.183,-69.7148
136.28,191.165,-69.6983
136.383,191.204,-69.7304
135.589,191.853,-69.6423
135.542,191.834,-69.626
135.645,191.874,-69.6576
134.847,192.519,-69.5822
134.799,192.5,-69.5661
134.903,192.54,-69.5972
134.1,193.182,-69.5345
134.052,193.163,-69.5187
134.156,193.203,-69.5493
133.35,193.841,-69.4993
133.301,193.821,-69.4837
133.406,193.862,-69.5138
132.595,194.496,-69.4766
132.547,194.477,-69.4613
132.652,194.518,-69.4908
131.838,195.148,-69.4664
131.789,195.128,-69.4513
131.894,195.17,-69.4803
131.077,195.795,-69.4688
131.027,195.775,-69.4539
131.134,195.818,-69.4824
130.312,196.439,-69.4837
130.263,196.419,-69.469
130.369,196.462,-69.497
129.545,197.079,-69.5111
129.495,197.058,-69.4966
129.602,197.102,-69.5241
128.774,197.714,-69.5511
128.725,197.693,-69.5369
128.832,197.738,-69.5638
128.001,198.345,-69.6037
127.951,198.324,-69.5897
128.059,198.369,-69.6161
127.226,198.972,-69.6688
127.176,198.951,-69.6551
127.284,198.996,-69.6809
126.448,199.595,-69.7466
126.397,199.573,-69.7331
126.506,199.619,-69.7583
125.667,200.213,-69.8369
125.617,200.191,-69.8236
125.726,200.237,-69.8483
124.885,200.826,-69.9398
124.834,200.804,-69.9267
124.944,200.851,-69.9509
124.101,201.435,-70.0552
124.05,201.412,-70.0424
124.16,201.46,-70.066
123.315,202.039,-70.1832
123.264,202.016,-70.1707
123.374,202.064,-70.1937
122.527,202.638,-70.3238
122.476,202.614,-70.3115
122.587,202.663,-70.334
121.738,203.232,-70.4769
121.687,203.208,-70.4649
121.798,203.258,-70.4868
120.948,203.821,-70.6425
120.897,203.797,-70.6308
121.008,203.847,-70.6521
120.157,204.404,-70.8215
120.105,204.38,-70.81
120.217,204.431,-70.8307
119.365,204.981,-71.0146
119.313,204.957,-71.0033
119.425,205.008,-71.0235
118.572,205.553,-71.2219
118.52,205.528,-71.2109
118.632,205.58,-71.2305
117.78,206.119,-71.4435
117.728,206.095,-71.4328
117.84,206.147,-71.4518
116.989,206.681,-71.6794
116.936,206.656,-71.6689
117.049,206.709,-71.6873
116.198,207.238,-71.9293
116.145,207.213,-71.9191
116.258,207.267,-71.9368
115.408,207.791,-72.1931
115.356,207.765,-72.1831
115.469,207.82,-72.2003
114.62,208.339,-72.4706
114.567,208.313,-72.461
114.68,208.368,-72.4776
113.833,208.881,-72.7618
113.78,208.855,-72.7524
113.894,208.911,-72.7684
113.048,209.42,-73.0665
112.995,209.393,-73.0574
113.108,209.449,-73.0727
112.264,209.953,-73.3845
112.212,209.926,-73.3757
112.325,209.983,-73.3904
111.483,210.481,-73.7158
111.43,210.454,-73.7072
111.544,210.512,-73.7214
110.704,211.004,-74.0602
110.651,210.977,-74.0519
110.765,211.035,-74.0654
109.928,211.523,-74.4176
109.875,211.495,-74.4096
109.989,211.554,-74.4225
109.154,212.036,-74.788
109.101,212.008,-74.7803
109.215,212.067,-74.7926
108.383,212.544,-75.1713
108.33,212.515,-75.1638
108.444,212.576,-75.1755
107.615,213.046,-75.5673
107.561,213.018,-75.5601
107.676,213.079,-75.5712
106.85,213.544,-75.976
106.797,213.515,-75.9691
106.911,213.576,-75.9796
106.088,214.036,-76.3973
106.035,214.007,-76.3907
106.15,214.068,-76.4006
105.33,214.522,-76.8312
105.277,214.493,-76.8248
105.392,214.555,-76.8341
104.576,215.003,-77.2775
104.522,214.973,-77.2714
104.637,215.037,-77.28
103.826,215.479,-77.7362
103.772,215.449,-77.7303
103.887,215.512,-77.7384
103.079,215.949,-78.2071
103.026,215.918,-78.2016
103.14,215.983,-78.209
102.337,216.413,-78.6902
102.284,216.382,-78.6849
102.398,216.447,-78.6918
101.599,216.871,-79.1855
101.546,216.84,-79.1804
101.661,216.906,-79.1866
100.866,217.324,-79.6927
100.813,217.292,-79.6879
100.927,217.359,-79.6935
100.138,217.771,-80.2118
100.085,217.739,-80.2074
100.199,217.806,-80.2124
99.4148,218.212,-80.7428
99.3612,218.18,-80.7386
99.4758,218.247,-80.743
98.6966,218.647,-81.2855
98.643,218.614,-81.2816
98.7575,218.683,-81.2854
97.9837,219.076,-81.8398
97.9302,219.043,-81.8361
98.0446,219.112,-81.8394
97.2763,219.499,-82.4057
97.2228,219.466,-82.4023
97.3371,219.536,-82.4049
96.5746,219.916,-82.9829
96.5211,219.883,-82.9798
96.6353,219.953,-82.9818
95.8786,220.327,-83.5715
95.8252,220.293,-83.5686
95.9393,220.364,-83.57
95.1887,220.732,-84.1713
95.1353,220.698,-84.1686
95.2493,220.77,-84.1695
94.5049,221.13,-84.7821
94.4516,221.096,-84.7798
94.5654,221.169,-84.78
93.8275,221.523,-85.4039
93.7742,221.488,-85.4019
93.8879,221.561,-85.4015
93.1565,221.909,-86.0366
93.1033,221.874,-86.0348
93.2168,221.948,-86.0339
92.4922,222.289,-86.68
92.4391,222.254,-86.6784
92.5524,222.328,-86.677
91.8348,222.662,-87.3341
91.7817,222.627,-87.3327
91.8948,222.702,-87.3307
91.1843,223.03,-87.9986
91.1313,222.994,-87.9975
91.2442,223.07,-87.9949
90.5409,223.391,-88.6735
90.488,223.355,-88.6726
90.6007,223.431,-88.6695
89.9049,223.745,-89.3586
89.8521,223.709,-89.358
89.9645,223.786,-89.3543
89.2763,224.093,-90.0538
89.2236,224.057,-90.0534
89.3357,224.134,-90.0492
88.6553,224.435,-90.759
88.6027,224.398,-90.7589
88.7146,224.476,-90.7541
88.042,224.77,-91.474
87.9896,224.733,-91.4741
88.1012,224.811,-91.4689
87.4367,225.098,-92.1987
87.3844,225.061,-92.1991
87.4957,225.14,-92.1933
86.8394,225.42,-92.933
86.7872,225.383,-92.9336
86.8983,225.463,-92.9273
86.2504,225.736,-93.6767
86.1983,225.698,-93.6776
86.309,225.779,-93.6707
85.6697,226.045,-94.4296
85.6178,226.006,-94.4308
85.7281,226.088,-94.4234
85.0976,226.347,-95.1917
85.0458,226.308,-95.1931
85.1558,226.391,-95.1852
84.534,226.643,-95.9628
84.4824,226.604,-95.9644
84.592,226.687,-95.956
83.9793,226.932,-96.7427
83.9278,226.893,-96.7445
84.037,226.976,-96.7357
83.4334,227.215,-97.5313
83.3821,227.175,-97.5334
83.491,227.259,-97.524
82.8967,227.49,-98.3284
82.8455,227.45,-98.3307
82.954,227.535,-98.3209
82.3691,227.759,-99.1339
82.3181,227.719,-99.1364
82.4262,227.805,-99.1261
81.8509,228.022,-99.9476
81.8001,227.981,-99.9503
81.9077,228.067,-99.9396
81.3421,228.278,-100.769
81.2915,228.237,-100.772
81.3987,228.324,-100.761
80.8429,228.527,-101.599
80.7925,228.486,-101.602
80.8993,228.573,-101.591
80.3535,228.769,-102.437
80.3032,228.728,-102.44
80.4095,228.816,-102.428
79.8739,229.005,-103.281
79.8238,228.963,-103.285
79.9296,229.052,-103.272
79.4042,229.234,-104.134
79.3544,229.192,-104.138
79.4597,229.281,-104.125
78.9446,229.457,-104.993
78.895,229.414,-104.997
78.9999,229.504,-104.984
78.4953,229.672,-105.86
78.4459,229.629,-105.864
78.5502,229.72,-105.851
78.0562,229.881,-106.734
78.0071,229.838,-106.738
78.1109,229.929,-106.724
77.6276,230.083,-107.614
77.5787,230.04,-107.619
77.682,230.132,-107.604
77.2096,230.279,-108.501
77.1609,230.235,-108.506
77.2636,230.328,-108.491
76.8022,230.468,-109.394
76.7537,230.424,-109.399
76.8559,230.517,-109.384
76.4056,230.65,-110.294
76.3573,230.606,-110.299
76.459,230.699,-110.283
76.0198,230.826,-111.199
75.9718,230.781,-111.205
76.0729,230.875,-111.188
75.645,230.994,-112.111
75.5973,230.95,-112.116
75.6978,231.044,-112.1
75.2813,231.157,-113.028
75.2339,231.111,-113.033
75.3337,231.207,-113.017
74.9288,231.312,-113.95
74.8816,231.267,-113.956
74.9809,231.363,-113.939
74.5875,231.461,-114.878
74.5406,231.415,-114.884
74.6392,231.512,-114.867
74.2576,231.604,-115.811
74.211,231.557,-115.817
74.309,231.655,-115.799
73.9392,231.739,-116.749
73.8929,231.693,-116.755
73.9902,231.791,-116.737
73.6323,231.869,-117.692
73.5862,231.822,-117.698
73.6829,231.92,-117.68
73.337,231.991,-118.639
73.2913,231.944,-118.646
73.3873,232.043,-118.627
73.0535,232.107,-119.591
73.008,232.06,-119.597
73.1033,232.16,-119.579
72.7817,232.217,-120.547
72.7365,232.169,-120.553
72.8312,232.27,-120.534
72.5218,232.32,-121.507
72.477,232.272,-121.513
72.5709,232.373,-121.494
72.2739,232.417,-122.47
72.2293,232.369,-122.477
72.3226,232.47,-122.458
72.0379,232.507,-123.438
71.9937,232.459,-123.445
72.0863,232.561,-123.425
71.8142,232.591,-124.409
71.7704,232.542,-124.416
71.8622,232.644,-124.396
71.6029,232.668,-125.383
71.5594,232.619,-125.39
71.6504,232.722,-125.37
71.4041,232.739,-126.36
71.3609,232.69,-126.367
71.4512,232.793,-126.347
71.2179,232.803,-127.34
71.175,232.754,-127.347
71.2646,232.858,-127.327
71.0444,232.862,-128.323
71.0018,232.812,-128.33
71.0906,232.916,-128.309
70.8836,232.914,-129.308
70.8414,232.864,-129.316
70.9294,232.969,-129.295
70.7355,232.96,-130.296
70.6937,232.91,-130.303
70.7809,233.015,-130.282
70.6002,233.0,-131.285
70.5587,232.95,-131.293
70.6452,233.056,-131.272
70.4778,233.034,-132.277
70.4367,232.984,-132.285
70.5223,233.09,-132.264
70.3682,233.063,-133.27
70.3275,233.012,-133.278
70.4123,233.119,-133.257
70.2716,233.085,-134.265
70.2312,233.034,-134.273
70.3152,233.142,-134.252
70.1879,233.102,-135.261
70.1478,233.05,-135.269
70.231,233.159,-135.248
70.1171,233.113,-136.259
70.0774,233.061,-136.267
70.1598,233.17,-136.245
70.0593,233.118,-137.257
70.0201,233.066,-137.265
70.1016,233.175,-137.243
70.0146,233.117,-138.256
69.9757,233.065,-138.264
70.0564,233.175,-138.242
69.983,233.111,-139.255
69.9444,233.059,-139.263
70.0243,233.169,-139.241
69.9644,233.1,-140.255
69.9262,233.047,-140.262
70.0053,233.158,-140.241
69.9589,233.082,-141.254
69.9211,233.03,-141.262
69.9993,233.141,-141.241
69.9665,233.06,-142.254
69.9292,233.007,-142.262
70.0065,233.118,-142.24
69.9873,233.032,-143.253
69.9504,232.978,-143.261
70.0268,233.09,-143.239
70.0213,232.998,-144.252
69.9847,232.945,-144.26
70.0603,233.057,-144.238
70.0684,232.959,-145.25
70.0322,232.906,-145.258
70.1069,233.019,-145.236
70.1287,232.915,-146.247
70.0929,232.862,-146.255
70.1667,232.975,-146.233
70.2022,232.866,-147.243
70.1668,232.812,-147.25
70.2397,232.926,-147.229
70.2889,232.812,-148.237
70.2539,232.758,-148.245
70.3259,232.872,-148.224
70.3888,232.753,-149.23
70.3542,232.698,-149.238
70.4253,232.813,-149.217
70.5018,232.689,-150.222
70.4677,232.634,-150.229
70.5379,232.749,-150.208
70.6281,232.619,-151.211
70.5944,232.564,-151.219
70.6637,232.68,-151.198
70.7676,232.545,-152.198
70.7343,232.49,-152.206
70.8026,232.606,-152.185
70.9202,232.466,-153.183
70.8873,232.411,-153.191
70.9547,232.527,-153.17
71.086,232.383,-154.166
71.0535,232.327,-154.173
71.12,232.444,-154.153
71.2649,232.294,-155.146
71.2329,232.239,-155.153
71.2985,232.356,-155.133
71.457,232.202,-156.122
71.4254,232.146,-156.13
71.49,232.263,-156.11
71.6622,232.104,-157.096
71.631,232.048,-157.103
71.6947,232.166,-157.083
71.8804,232.002,-158.066
71.8497,231.946,-158.073
71.9125,232.064,-158.054
72.1118,231.896,-159.033
72.0814,231.84,-159.04
72.1433,231.958,-159.021
72.3561,231.785,-159.997
72.3262,231.729,-160.003
72.3872,231.848,-159.984
72.6135,231.671,-160.956
72.584,231.614,-160.962
72.644,231.733,-160.944
72.8838,231.552,-161.911
72.8548,231.495,-161.917
72.9138,231.614,-161.899
73.167,231.429,-162.862
73.1384,231.372,-162.868
73.1966,231.491,-162.85
73.4632,231.302,-163.808
73.435,231.244,-163.815
73.4922,231.364,-163.797
73.7721,231.171,-164.75
73.7444,231.113,-164.756
73.8007,231.234,-164.739
74.0939,231.036,-165.687
74.0666,230.978,-165.693
74.1219,231.099,-165.676
74.4284,230.897,-166.619
74.4016,230.84,-166.625
74.4559,230.96,-166.609
74.7756,230.755,-167.546
74.7492,230.697,-167.552
74.8026,230.818,-167.535
75.1355,230.609,-168.467
75.1095,230.551,-168.473
75.162,230.673,-168.457
75.5079,230.459,-169.383
75.4824,230.401,-169.388
75.5339,230.523,-169.373
75.8929,230.307,-170.293
75.8678,230.248,-170.298
75.9184,230.37,-170.283
76.2903,230.15,-171.197
76.2657,230.092,-171.202
76.3153,230.214,-171.188
76.7002,229.991,-172.095
76.6759,229.932,-172.1
76.7246,230.055,-172.086
77.1223,229.828,-172.987
77.0985,229.769,-172.991
77.1463,229.892,-172.978
77.5567,229.662,-173.872
77.5334,229.603,-173.876
77.5802,229.726,-173.863
78.0033,229.493,-174.75
77.9804,229.434,-174.754
78.0263,229.558,-174.742
78.4621,229.321,-175.622
78.4395,229.262,-175.625
78.4845,229.386,-175.614
78.9328,229.146,-176.486
78.9107,229.087,-176.49
78.9548,229.211,-176.479
79.4155,228.969,-177.344
79.3938,228.91,-177.347
79.437,229.034,-177.336
79.91,228.789,-178.194
79.8888,228.73,-178.197
79.931,228.854,-178.187
80.4164,228.606,-179.037
80.3956,228.547,-179.039
80.4369,228.671,-179.03
80.9344,228.421,-179.871
80.914,228.361,-179.874
80.9544,228.486,-179.865
81.464,228.233,-180.698
81.4441,228.174,-180.7
81.4835,228.298,-180.692
82.0052,228.043,-181.517
81.9856,227.983,-181.519
82.0242,228.108,-181.511
82.5577,227.851,-182.328
82.5386,227.791,-182.33
82.5762,227.916,-182.323
83.1216,227.656,-183.131
83.1029,227.597,-183.132
83.1396,227.722,-183.125
83.6966,227.46,-183.925
83.6783,227.4,-183.925
83.7142,227.525,-183.92
84.2828,227.262,-184.71
84.2649,227.202,-184.71
84.2999,227.327,-184.705
84.88,227.061,-185.486
84.8625,227.001,-185.487
84.8966,227.126,-185.482
85.4881,226.859,-186.254
85.471,226.799,-186.254
85.5042,226.924,-186.25
86.1069,226.655,-187.012
86.0902,226.596,-187.012
86.1225,226.721,-187.009
86.7364,226.45,-187.762
86.7201,226.39,-187.761
86.7516,226.516,-187.759
87.3765,226.243,-188.501
87.3606,226.183,-188.5
87.3912,226.309,-188.499
88.027,226.035,-189.232
88.0115,225.975,-189.23
88.0412,226.101,-189.229
88.6878,225.826,-189.952
88.6727,225.766,-189.95
88.7016,225.891,-189.95
89.3588,225.615,-190.663
89.344,225.555,-190.66
89.3721,225.68,-190.661
90.0398,225.403,-191.363
90.0255,225.343,-191.361
90.0527,225.469,-191.363
90.7308,225.19,-192.054
90.7169,225.13,-192.051
90.7433,225.256,-192.054
91.4316,224.977,-192.734
91.418,224.916,-192.731
91.4437,225.042,-192.734
92.1421,224.762,-193.404
92.1289,224.702,-193.4
92.1537,224.827,-193.405
92.8622,224.547,-194.064
92.8493,224.486,-194.059
92.8733,224.612,-194.065
93.5916,224.331,-194.713
93.5791,224.271,-194.708
93.6024,224.396,-194.714
94.3303,224.114,-195.351
94.3182,224.054,-195.346
94.3407,224.18,-195.353
95.0782,223.898,-195.978
95.0664,223.837,-195.972
95.0881,223.963,-195.98
95.835,223.68,-196.594
95.8236,223.62,-196.588
95.8446,223.745,-196.597
96.6007,223.463,-197.199
96.5897,223.402,-197.193
96.6099,223.528,-197.202
97.3751,223.245,-197.793
97.3644,223.185,-197.786
97.3839,223.31,-197.797
98.1581,223.027,-198.375
98.1477,222.967,-198.368
98.1665,223.093,-198.38
98.9495,222.81,-198.946
98.9394,222.75,-198.939
98.9575,222.875,-198.951
99.7491,222.592,-199.506
99.7394,222.532,-199.497
99.7567,222.657,-199.511
100.557,222.375,-200.053
100.547,222.315,-200.045
100.564,222.44,-200.059
101.373,222.158,-200.589
101.363,222.098,-200.58
101.379,222.223,-200.596
102.196,221.942,-201.113
102.187,221.882,-201.104
102.203,222.007,-201.121
103.027,221.726,-201.626
103.019,221.666,-201.616
103.033,221.79,-201.633
103.866,221.51,-202.125
103.857,221.45,-202.115
103.871,221.575,-202.133
104.711,221.296,-202.613
104.703,221.236,-202.602
104.716,221.361,-202.621
105.562,221.084,-203.087
105.555,221.024,-203.076
105.567,221.149,-203.097
106.42,220.873,-203.549
106.413,220.813,-203.537
106.425,220.937,-203.559
107.285,220.663,-203.997
107.278,220.603,-203.985
107.29,220.728,-204.008
108.157,220.455,-204.432
108.15,220.395,-204.419
108.161,220.519,-204.443
109.035,220.248,-204.852
109.029,220.188,-204.839
109.039,220.312,-204.864
109.92,220.042,-205.258
109.914,219.982,-205.244
109.924,220.106,-205.271
110.811,219.838,-205.65
110.805,219.778,-205.636
110.815,219.902,-205.663
111.708,219.635,-206.027
111.703,219.576,-206.012
111.711,219.699,-206.041
112.612,219.435,-206.39
112.606,219.375,-206.375
112.614,219.498,-206.404
113.521,219.236,-206.738
113.515,219.176,-206.722
113.523,219.299,-206.753
114.435,219.039,-207.072
114.43,218.979,-207.055
114.437,219.102,-207.087
115.355,218.843,-207.391
115.35,218.784,-207.374
115.357,218.907,-207.407
116.28,218.65,-207.694
116.276,218.591,-207.677
116.282,218.714,-207.711
117.21,218.459,-207.983
117.206,218.4,-207.965
117.212,218.522,-208.001
118.145,218.27,-208.257
118.141,218.211,-208.239
118.147,218.333,-208.275
119.085,218.084,-208.516
119.081,218.025,-208.497
119.086,218.147,-208.535
120.029,217.899,-208.76
120.025,217.841,-208.741
120.03,217.962,-208.78
120.977,217.717,-208.989
120.973,217.659,-208.969
120.978,217.78,-209.009
121.929,217.538,-209.203
121.925,217.479,-209.183
121.929,217.6,-209.224
122.884,217.361,-209.402
122.881,217.303,-209.381
122.885,217.423,-209.423
123.843,217.186,-209.586
123.84,217.128,-209.564
123.844,217.249,-209.607
124.805,217.015,-209.754
124.802,216.957,-209.731
124.806,217.077,-209.776
125.771,216.846,-209.907
125.767,216.788,-209.884
125.771,216.907,-209.93
126.739,216.679,-210.045
126.735,216.622,-210.021
126.739,216.741,-210.068
127.709,216.516,-210.167
127.706,216.458,-210.143
127.709,216.577,-210.191
128.682,216.356,-210.274
128.679,216.298,-210.25
128.682,216.417,-210.299
129.657,216.198,-210.366
129.654,216.141,-210.341
129.656,216.259,-210.392
130.633,216.044,-210.442
130.63,215.987,-210.417
130.633,216.105,-210.469
131.611,215.893,-210.503
131.609,215.836,-210.477
131.611,215.953,-210.53
132.591,215.745,-210.549
132.588,215.688,-210.522
132.59,215.805,-210.577
133.571,215.6,-210.579
133.569,215.544,-210.552
133.571,215.66,-210.607
134.553,215.459,-210.594
134.55,215.402,-210.566
134.552,215.519,-210.623
135.535,215.321,-210.594
135.532,215.265,-210.565
135.534,215.381,-210.623
136.517,215.186,-210.578
136.514,215.13,-210.548
136.516,215.246,-210.608
137.499,215.055,-210.546
137.497,215.0,-210.517
137.499,215.115,-210.577
138.481,214.928,-210.499
138.479,214.872,-210.469
138.481,214.987,-210.531
139.463,214.804,-210.437
139.461,214.749,-210.407
139.463,214.863,-210.469
140.445,214.684,-210.36
140.442,214.629,-210.329
140.444,214.743,-210.393
141.425,214.568,-210.267
141.422,214.513,-210.235
141.424,214.627,-210.301
142.404,214.456,-210.159
142.402,214.401,-210.127
142.404,214.514,-210.193
143.382,214.347,-210.036
143.379,214.293,-210.003
143.382,214.405,-210.071
144.358,214.242,-209.898
144.356,214.188,-209.864
144.358,214.3,-209.933
145.333,214.142,-209.744
145.33,214.088,-209.71
145.332,214.199,-209.78
146.305,214.045,-209.575
146.302,213.991,-209.541
146.305,214.102,-209.612
147.275,213.953,-209.391
147.272,213.899,-209.356
147.275,214.01,-209.429
148.242,213.864,-209.193
148.239,213.811,-209.157
148.242,213.921,-209.23
149.207,213.78,-208.979
149.204,213.727,-208.942
149.207,213.836,-209.017
150.168,213.7,-208.75
150.165,213.647,-208.713
150.169,213.756,-208.789
151.126,213.624,-208.506
151.123,213.572,-208.469
151.127,213.68,-208.546
152.081,213.553,-208.248
152.078,213.5,-208.21
152.082,213.608,-208.288
153.032,213.486,-207.975
153.028,213.434,-207.937
153.033,213.541,-208.016
153.979,213.423,-207.687
153.975,213.371,-207.648
153.98,213.478,-207.729
154.921,213.365,-207.385
154.918,213.313,-207.346
154.923,213.42,-207.427
155.859,213.311,-207.069
155.855,213.26,-207.029
155.861,213.366,-207.111
156.793,213.262,-206.738
156.789,213.211,-206.697
156.794,213.316,-206.781
157.721,213.218,-206.392
157.717,213.167,-206.351
157.723,213.271,-206.436
158.644,213.178,-206.033
158.64,213.127,-205.991
158.646,213.231,-206.077
159.562,213.142,-205.659
159.557,213.092,-205.617
159.564,213.195,-205.704
160.474,213.111,-205.271
160.469,213.061,-205.229
160.477,213.164,-205.317
161.381,213.085,-204.87
161.375,213.036,-204.827
161.383,213.138,-204.916
162.281,213.064,-204.455
162.275,213.015,-204.411
162.284,213.117,-204.501
163.174,213.048,-204.026
163.169,212.998,-203.982
163.178,213.1,-204.073
164.062,213.036,-203.583
164.056,212.987,-203.539
164.065,213.088,-203.631
164.942,213.029,-203.127
164.936,212.98,-203.082
164.946,213.081,-203.176
165.816,213.027,-202.658
165.809,212.979,-202.613
165.82,213.078,-202.707
166.682,213.03,-202.176
166.675,212.982,-202.13
166.687,213.081,-202.225
167.541,213.038,-201.68
167.534,212.99,-201.634
167.546,213.088,-201.73
168.392,213.051,-201.172
168.385,213.003,-201.125
168.397,213.101,-201.222
169.235,213.068,-200.651
169.228,213.021,-200.603
169.241,213.118,-200.702
170.071,213.091,-200.117
170.063,213.044,-200.069
170.077,213.141,-200.169
170.898,213.119,-199.571
170.89,213.072,-199.522
170.904,213.168,-199.623
171.716,213.151,-199.012
171.708,213.105,-198.963
171.723,213.2,-199.065
172.526,213.189,-198.441
172.518,213.143,-198.392
172.533,213.238,-198.494
173.327,213.232,-197.858
173.318,213.186,-197.809
173.334,213.28,-197.912
174.119,213.28,-197.263
174.11,213.234,-197.214
174.127,213.327,-197.318
174.902,213.333,-196.657
174.892,213.287,-196.607
174.91,213.38,-196.712
175.675,213.391,-196.039
175.665,213.345,-195.988
175.683,213.438,-196.094
176.438,213.454,-195.409
176.428,213.409,-195.358
176.447,213.5,-195.465
177.192,213.522,-194.769
177.181,213.477,-194.717
177.201,213.568,-194.825
177.935,213.595,-194.117
177.925,213.551,-194.065
177.945,213.641,-194.173
178.669,213.674,-193.454
178.658,213.63,-193.402
178.679,213.719,-193.511
179.392,213.757,-192.781
179.38,213.713,-192.728
179.403,213.803,-192.838
180.104,213.846,-192.097
180.092,213.802,-192.044
180.115,213.891,-192.155
180.806,213.94,-191.402
180.793,213.897,-191.349
180.818,213.984,-191.461
181.496,214.039,-190.698
181.484,213.996,-190.644
181.509,214.083,-190.757
182.176,214.143,-189.983
182.163,214.1,-189.929
182.189,214.187,-190.042
182.844,214.252,-189.259
182.831,214.21,-189.204
182.857,214.296,-189.318
183.501,214.366,-188.525
183.487,214.324,-188.47
183.515,214.41,-188.585
184.146,214.486,-187.782
184.132,214.444,-187.727
184.161,214.529,-187.842
184.78,214.61,-187.029
184.765,214.569,-186.974
184.795,214.653,-187.09
185.401,214.74,-186.268
185.386,214.699,-186.212
185.417,214.783,-186.329
186.011,214.875,-185.497
185.995,214.834,-185.441
186.027,214.917,-185.559
186.608,215.015,-184.718
186.592,214.975,-184.662
186.625,215.057,-184.78
187.193,215.16,-183.931
187.176,215.12,-183.874
187.21,215.201,-183.993
187.765,215.31,-183.135
187.748,215.27,-183.078
187.783,215.351,-183.198
188.325,215.465,-182.332
188.308,215.426,-182.274
188.343,215.506,-182.394
188.872,215.626,-181.52
188.854,215.586,-181.463
188.891,215.666,-181.583
189.406,215.791,-180.701
189.388,215.752,-180.643
189.425,215.831,-180.765
189.927,215.961,-179.875
189.908,215.923,-179.817
189.947,216.001,-179.939
190.435,216.137,-179.042
190.415,216.098,-178.983
190.455,216.176,-179.106
190.93,216.317,-178.201
190.909,216.279,-178.143
190.95,216.356,-178.266
191.411,216.502,-177.354
191.39,216.464,-177.296
191.432,216.541,-177.419
191.878,216.692,-176.501
191.857,216.655,-176.442
191.9,216.731,-176.566
192.332,216.887,-175.641
192.31,216.85,-175.582
192.355,216.925,-175.706
192.772,217.087,-174.775
192.75,217.05,-174.716
192.796,217.125,-174.841
193.198,217.292,-173.904
193.176,217.256,-173.844
193.222,217.33,-173.969
193.611,217.502,-173.027
193.587,217.466,-172.967
193.635,217.539,-173.092
194.009,217.717,-172.145
193.985,217.68,-172.084
194.034,217.753,-172.21
194.393,217.936,-171.257
194.368,217.9,-171.197
194.418,217.972,-171.323
194.762,218.16,-170.365
194.737,218.125,-170.304
194.789,218.196,-170.431
195.117,218.389,-169.468
195.092,218.354,-169.407
195.145,218.425,-169.534
195.458,218.623,-168.566
195.432,218.588,-168.506
195.486,218.658,-168.633
195.784,218.861,-167.661
195.758,218.826,-167.6
195.813,218.896,-167.727
196.096,219.104,-166.752
196.069,219.07,-166.691
196.125,219.139,-166.818
196.393,219.352,-165.839
196.365,219.317,-165.777
196.423,219.386,-165.905
196.675,219.604,-164.922
196.647,219.57,-164.861
196.706,219.638,-164.989
196.943,219.861,-164.002
196.914,219.827,-163.941
196.974,219.895,-164.069
197.195,220.122,-163.08
197.166,220.089,-163.019
197.227,220.156,-163.147
197.433,220.388,-162.155
197.403,220.354,-162.093
197.465,220.421,-162.222
197.656,220.658,-161.227
197.625,220.625,-161.165
197.688,220.691,-161.294
197.863,220.932,-160.297
197.832,220.9,-160.235
197.897,220.965,-160.364
198.056,221.211,-159.365
198.024,221.179,-159.304
198.09,221.244,-159.432
198.233,221.494,-158.432
198.201,221.462,-158.37
198.268,221.526,-158.499
198.395,221.782,-157.496
198.362,221.75,-157.435
198.431,221.814,-157.564
198.542,222.073,-156.56
198.509,222.041,-156.499
198.578,222.105,-156.628
198.674,222.369,-155.623
198.64,222.337,-155.561
198.711,222.4,-155.69
198.79,222.669,-154.685
198.756,222.637,-154.623
198.828,222.7,-154.753
198.892,222.972,-153.747
198.856,222.941,-153.685
198.93,223.003,-153.814
198.978,223.28,-152.808
198.942,223.249,-152.746
199.017,223.311,-152.875
199.048,223.592,-151.869
199.012,223.561,-151.808
199.088,223.622,-151.937
199.104,223.907,-150.931
199.066,223.877,-150.869
199.144,223.938,-150.998
199.144,224.227,-149.993
199.106,224.197,-149.932
199.185,224.257,-150.06
199.168,224.55,-149.056
199.13,224.52,-148.995
199.21,224.58,-149.123
199.177,224.877,-148.12
199.139,224.847,-148.059
199.22,224.906,-148.187
199.171,225.207,-147.185
199.132,225.178,-147.124
199.215,225.237,-147.252
199.15,225.542,-146.252
199.11,225.512,-146.191
199.194,225.57,-146.319
199.113,225.879,-145.32
199.073,225.85,-145.259
199.158,225.908,-145.387
199.061,226.22,-144.391
199.02,226.191,-144.33
199.107,226.249,-144.457
198.994,226.565,-143.463
198.952,226.536,-143.402
199.04,226.593,-143.53
198.911,226.913,-142.539
198.869,226.884,-142.478
198.958,226.941,-142.605
198.814,227.264,-141.616
198.771,227.235,-141.556
198.861,227.292,-141.683
198.701,227.618,-140.697
198.657,227.59,-140.637
198.749,227.646,-140.763
198.573,227.976,-139.781
198.528,227.948,-139.721
198.621,228.003,-139.847
198.429,228.336,-138.869
198.385,228.308,-138.809
198.479,228.364,-138.934
198.271,228.7,-137.96
198.226,228.672,-137.9
198.321,228.727,-138.025
198.098,229.066,-137.055
198.052,229.039,-136.995
198.149,229.093,-137.12
197.91,229.436,-136.155
197.863,229.409,-136.095
197.961,229.463,-136.22
197.706,229.808,-135.258
197.659,229.781,-135.199
197.758,229.835,-135.323
197.488,230.183,-134.367
197.44,230.156,-134.307
197.541,230.21,-134.431
197.255,230.561,-133.48
197.207,230.534,-133.421
197.309,230.587,-133.544
197.008,230.941,-132.598
196.959,230.914,-132.539
197.062,230.967,-132.662
196.745,231.324,-131.722
196.696,231.297,-131.663
196.8,231.35,-131.786
196.469,231.709,-130.851
196.418,231.683,-130.793
196.524,231.735,-130.915
196.177,232.097,-129.986
196.126,232.071,-129.928
196.233,232.122,-130.05
195.871,232.487,-129.128
195.82,232.461,-129.07
195.928,232.512,-129.19
195.551,232.879,-128.275
195.499,232.853,-128.217
195.609,232.904,-128.338
195.217,233.273,-127.429
195.164,233.247,-127.372
195.275,233.299,-127.491
194.868,233.67,-126.59
194.815,233.644,-126.533
194.927,233.695,-126.652
194.506,234.068,-125.757
194.452,234.043,-125.7
194.565,234.093,-125.819
194.129,234.469,-124.932
194.075,234.443,-124.875
194.189,234.493,-124.993
193.739,234.871,-124.114
193.684,234.845,-124.058
193.799,234.895,-124.175
193.334,235.275,-123.304
193.279,235.249,-123.248
193.396,235.299,-123.364
192.917,235.681,-122.501
192.861,235.655,-122.446
192.978,235.705,-122.561
192.485,236.088,-121.707
192.429,236.063,-121.652
192.548,236.112,-121.767
192.04,236.497,-120.921
191.983,236.472,-120.866
192.104,236.521,-120.98
191.582,236.907,-120.143
191.525,236.882,-120.088
191.646,236.931,-120.202
191.111,237.319,-119.374
191.053,237.294,-119.32
191.175,237.343,-119.432
190.627,237.732,-118.614
190.568,237.707,-118.56
190.692,237.756,-118.671
190.129,238.146,-117.862
190.07,238.121,-117.809
190.195,238.17,-117.92
189.619,238.562,-117.12
189.56,238.537,-117.067
189.686,238.585,-117.177
189.097,238.978,-116.388
189.037,238.953,-116.335
189.164,239.002,-116.444
188.562,239.396,-115.665
188.501,239.371,-115.613
188.629,239.419,-115.721
188.014,239.814,-114.952
187.953,239.789,-114.9
188.082,239.837,-115.007
187.455,240.233,-114.249
187.393,240.208,-114.197
187.523,240.257,-114.304
186.883,240.653,-113.556
186.821,240.628,-113.505
186.952,240.676,-113.611
186.299,241.073,-112.874
186.237,241.049,-112.823
186.369,241.097,-112.928
185.704,241.495,-112.202
185.641,241.47,-112.151
185.774,241.518,-112.255
185.097,241.916,-111.541
185.034,241.891,-111.491
185.168,241.94,-111.594
184.479,242.338,-110.891
184.415,242.313,-110.841
184.55,242.362,-110.943
183.849,242.76,-110.251
183.785,242.736,-110.202
183.921,242.784,-110.303
183.208,243.183,-109.624
183.143,243.158,-109.575
183.281,243.206,-109.675
182.557,243.606,-109.007
182.491,243.581,-108.959
182.629,243.629,-109.058
181.894,244.029,-108.403
181.829,244.004,-108.355
181.968,244.052,-108.453
181.221,244.451,-107.81
181.155,244.427,-107.763
181.295,244.475,-107.859
180.538,244.874,-107.229
180.472,244.849,-107.182
180.612,244.897,-107.278
179.845,245.297,-106.66
179.778,245.272,-106.613
179.919,245.32,-106.708
179.141,245.719,-106.103
179.074,245.694,-106.057
179.216,245.742,-106.151
178.428,246.141,-105.558
178.36,246.116,-105.513
178.504,246.164,-105.606
177.705,246.562,-105.027
177.637,246.537,-104.982
177.781,246.586,-105.074
176.973,246.983,-104.508
176.904,246.958,-104.464
177.049,247.007,-104.554
176.231,247.404,-104.001
176.162,247.379,-103.958
176.308,247.427,-104.047
175.48,247.823,-103.508
175.411,247.798,-103.465
175.558,247.847,-103.553
174.721,248.242,-103.028
174.651,248.217,-102.985
174.798,248.266,-103.072
173.952,248.661,-102.56
173.882,248.635,-102.519
174.031,248.684,-102.604
173.176,249.078,-102.107
173.105,249.053,-102.065
173.254,249.102,-102.15
172.391,249.494,-101.666
172.32,249.469,-101.626
172.47,249.518,-101.709
171.598,249.909,-101.24
171.527,249.884,-101.199
171.677,249.933,-101.282
170.797,250.323,-100.827
170.726,250.298,-100.787
170.877,250.347,-100.868
169.989,250.736,-100.427
169.917,250.71,-100.388
170.069,250.76,-100.468
169.173,251.147,-100.042
169.101,251.122,-100.004
169.254,251.172,-100.082
168.35,251.558,-99.6709
168.278,251.532,-99.6329
168.431,251.582,-99.7103
167.52,251.966,-99.3138
167.448,251.94,-99.2763
167.602,251.991,-99.3524
166.684,252.373,-98.9708
166.611,252.347,-98.934
166.765,252.398,-99.0089
165.841,252.779,-98.6422
165.767,252.752,-98.606
165.923,252.803,-98.6796
164.991,253.182,-98.328
164.918,253.156,-98.2923
165.073,253.207,-98.3647
164.136,253.584,-98.0283
164.062,253.558,-97.9932
164.218,253.609,-98.0643
163.275,253.984,-97.7431
163.2,253.958,-97.7087
163.357,254.009,-97.7784
162.408,254.382,-97.4727
162.333,254.355,-97.4388
162.491,254.408,-97.5072
161.535,254.778,-97.2169
161.46,254.751,-97.1836
161.619,254.804,-97.2508
160.658,255.172,-96.9759
160.583,255.145,-96.9433
160.741,255.198,-97.0091
159.776,255.564,-96.7498
159.7,255.537,-96.7178
159.859,255.59,-96.7824
158.888,255.953,-96.5387
158.813,255.926,-96.5073
158.972,255.979,-96.5705
157.997,256.34,-96.3425
157.921,256.313,-96.3117
158.081,256.367,-96.3736
157.101,256.725,-96.1614
157.025,256.698,-96.1312
157.186,256.752,-96.1918
156.202,257.108,-95.9954
156.125,257.08,-95.9658
156.286,257.134,-96.0251
155.298,257.487,-95.8446
155.222,257.459,-95.8156
155.383,257.514,-95.8735
154.391,257.864,-95.7089
154.315,257.836,-95.6805
154.476,257.892,-95.7372
153.481,258.239,-95.5885
153.404,258.211,-95.5607
153.566,258.266,-95.616
152.568,258.611,-95.4834
152.491,258.582,-95.4562
152.653,258.638,-95.5102
151.652,258.979,-95.3935
151.575,258.951,-95.367
151.737,259.007,-95.4196
150.733,259.346,-95.319
150.656,259.317,-95.2931
150.819,259.373,-95.3444
149.813,259.709,-95.2598
149.735,259.679,-95.2346
149.898,259.737,-95.2845
148.89,260.069,-95.2161
148.812,260.039,-95.1915
148.975,260.097,-95.2401
147.965,260.425,-95.1877
147.888,260.396,-95.1638
148.051,260.454,-95.211
147.039,260.779,-95.1748
146.961,260.749,-95.1515
147.125,260.808,-95.1973
146.111,261.13,-95.1773
146.034,261.1,-95.1546
146.197,261.159,-95.1991
145.183,261.477,-95.1952
145.105,261.447,-95.1731
145.269,261.506,-95.2163
144.253,261.821,-95.2285
144.176,261.79,-95.2071
144.339,261.85,-95.2489
143.323,262.161,-95.2773
143.246,262.131,-95.2565
143.41,262.191,-95.297
142.393,262.498,-95.3415
142.315,262.467,-95.3213
142.479,262.528,-95.3605
141.463,262.832,-95.4212
141.385,262.8,-95.4016
141.549,262.862,-95.4394
140.532,263.161,-95.5162
140.454,263.13,-95.4972
140.619,263.192,-95.5337
139.603,263.487,-95.6266
139.525,263.456,-95.6083
139.689,263.518,-95.6434
138.673,263.81,-95.7524
138.595,263.778,-95.7346
138.76,263.841,-95.7685
137.745,264.129,-95.8935
137.667,264.096,-95.8764
137.831,264.16,-95.9089
136.818,264.443,-96.0499
136.74,264.411,-96.0334
136.904,264.475,-96.0646
135.892,264.754,-96.2215
135.814,264.722,-96.2057
135.978,264.786,-96.2355
134.968,265.061,-96.4084
134.89,265.029,-96.3932
135.054,265.094,-96.4217
134.046,265.364,-96.6105
133.968,265.331,-96.5959
134.132,265.397,-96.6231
133.126,265.663,-96.8277
133.048,265.63,-96.8138
133.212,265.696,-96.8396
132.208,265.958,-97.06
132.13,265.925,-97.0467
132.294,265.991,-97.0713
131.293,266.249,-97.3074
131.215,266.215,-97.2947
131.379,266.282,-97.3179
130.381,266.536,-97.5697
130.303,266.501,-97.5576
130.466,266.569,-97.5795
129.472,266.818,-97.847
129.394,266.783,-97.8355
129.557,266.852,-97.8561
128.566,267.096,-98.1391
128.488,267.061,-98.1282
128.651,267.13,-98.1475
127.663,267.37,-98.446
127.586,267.334,-98.4356
127.749,267.404,-98.4537
126.765,267.639,-98.7676
126.688,267.603,-98.7578
126.85,267.674,-98.7746
125.871,267.904,-99.1038
125.794,267.868,-99.0947
125.955,267.939,-99.1102
124.98,268.164,-99.4546
124.904,268.128,-99.446
125.065,268.2,-99.4603
124.095,268.42,-99.8198
124.018,268.384,-99.8119
124.179,268.456,-99.8249
123.214,268.672,-100.199
123.138,268.635,-100.192
123.298,268.708,-100.204
122.338,268.918,-100.593
122.262,268.881,-100.587
122.422,268.955,-100.597
121.468,269.161,-101.001
121.391,269.123,-100.995
121.552,269.197,-101.005
120.602,269.398,-101.424
120.527,269.36,-101.418
120.686,269.435,-101.426
119.743,269.631,-101.86
119.667,269.593,-101.855
119.826,269.669,-101.862
118.889,269.859,-102.31
118.814,269.821,-102.305
118.973,269.897,-102.311
118.042,270.082,-102.774
117.967,270.044,-102.77
118.125,270.121,-102.774
117.201,270.301,-103.251
117.126,270.262,-103.248
117.284,270.34,-103.251
