0.05154656,-0.02424883,1.000725
0.05154656,-0.02424883,1.000725
0.05154656,-0.02424883,1.000725
0.1464632,-0.05051622,1.995659
0.1464632,-0.05051622,1.995659
0.1464632,-0.05051622,1.995659
0.2879204,-0.07903059,2.986691
0.2879204,-0.07903059,2.986691
0.2879204,-0.07903059,2.986691
0.4657503,-0.1102928,3.963845
0.4657503,-0.1102928,3.963845
0.4657503,-0.1102928,3.963845
0.6971645,-0.143877,4.934639
0.6971645,-0.143877,4.934639
0.6971645,-0.143877,4.934639
0.9715689,-0.1802237,5.887651
0.9715689,-0.1802237,5.887651
0.9715689,-0.1802237,5.887651
1.288079,-0.2184877,6.826202
1.288079,-0.2184877,6.826202
1.288079,-0.2184877,6.826202
1.651331,-0.254729,7.743952
1.651331,-0.254729,7.743952
1.651331,-0.254729,7.743952
2.050498,-0.2919528,8.64624
2.050498,-0.2919528,8.64624
2.050498,-0.2919528,8.64624
2.488685,-0.3309237,9.527392
2.488685,-0.3309237,9.527392
2.488685,-0.3309237,9.527392
2.966292,-0.3697385,10.38417
2.966292,-0.3697385,10.38417
2.966292,-0.3697385,10.38417
3.483068,-0.4086031,11.2156
3.483068,-0.4086031,11.2156
3.483068,-0.4086031,11.2156
4.03669,-0.4439735,12.01878
4.03669,-0.4439735,12.01878
4.03669,-0.4439735,12.01878
4.631439,-0.4790227,12.79006
4.631439,-0.4790227,12.79006
4.631439,-0.4790227,12.79006
5.252124,-0.5136186,13.53058
5.252124,-0.5136186,13.53058
5.252124,-0.5136186,13.53058
5.913461,-0.5462713,14.23731
5.913461,-0.5462713,14.23731
5.913461,-0.5462713,14.23731
6.602643,-0.5777429,14.91216
6.602643,-0.5777429,14.91216
6.602643,-0.5777429,14.91216
7.315983,-0.6091556,15.55483
7.315983,-0.6091556,15.55483
7.315983,-0.6091556,15.55483
8.059654,-0.636292,16.155
8.059654,-0.636292,16.155
8.059654,-0.636292,16.155
8.824947,-0.6652783,16.72174
8.824947,-0.6652783,16.72174
8.824947,-0.6652783,16.72174
9.617499,-0.6938755,17.24835
9.617499,-0.6938755,17.24835
9.617499,-0.6938755,17.24835
10.43572,-0.7209802,17.73582
10.43572,-0.7209802,17.73582
10.43572,-0.7209802,17.73582
11.27339,-0.7448949,18.18861
11.27339,-0.7448949,18.18861
11.27339,-0.7448949,18.18861
12.13844,-0.7707228,18.60541
12.13844,-0.7707228,18.60541
12.13844,-0.7707228,18.60541
13.02386,-0.7968987,18.98486
13.02386,-0.7968987,18.98486
13.02386,-0.7968987,18.98486
13.92282,-0.8194983,19.33529
13.92282,-0.8194983,19.33529
13.92282,-0.8194983,19.33529
14.84567,-0.8398217,19.65558
14.84567,-0.8398217,19.65558
14.84567,-0.8398217,19.65558
15.78819,-0.859011,19.94858
15.78819,-0.859011,19.94858
15.78819,-0.859011,19.94858
16.74609,-0.8779579,20.20959
16.74609,-0.8779579,20.20959
16.74609,-0.8779579,20.20959
17.71096,-0.8926428,20.4429
17.71096,-0.8926428,20.4429
17.71096,-0.8926428,20.4429
18.69074,-0.9066816,20.64544
18.69074,-0.9066816,20.64544
18.69074,-0.9066816,20.64544
19.69166,-0.9204752,20.81649
19.69166,-0.9204752,20.81649
19.69166,-0.9204752,20.81649
20.70872,-0.9323174,20.9589
20.70872,-0.9323174,20.9589
20.70872,-0.9323174,20.9589
21.74157,-0.9423525,21.0745
21.74157,-0.9423525,21.0745
21.74157,-0.9423525,21.0745
22.79076,-0.948405,21.16118
22.79076,-0.948405,21.16118
22.79076,-0.948405,21.16118
23.85365,-0.951047,21.21468
23.85365,-0.951047,21.21468
23.85365,-0.951047,21.21468
24.93112,-0.9519265,21.24069
24.93112,-0.9519265,21.24069
24.93112,-0.9519265,21.24069
26.02348,-0.9509506,21.24027
26.02348,-0.9509506,21.24027
26.02348,-0.9509506,21.24027
27.12723,-0.9489508,21.21564
27.12723,-0.9489508,21.21564
27.12723,-0.9489508,21.21564
28.24249,-0.9456288,21.16969
28.24249,-0.9456288,21.16969
28.24249,-0.9456288,21.16969
29.37022,-0.9414386,21.10741
29.37022,-0.9414386,21.10741
29.37022,-0.9414386,21.10741
30.50291,-0.9363594,21.0296
30.50291,-0.9363594,21.0296
30.50291,-0.9363594,21.0296
31.64196,-0.9296868,20.93984
31.64196,-0.9296868,20.93984
31.64196,-0.9296868,20.93984
32.78682,-0.9216773,20.83696
32.78682,-0.9216773,20.83696
32.78682,-0.9216773,20.83696
33.94232,-0.9117462,20.71859
33.94232,-0.9117462,20.71859
33.94232,-0.9117462,20.71859
35.11473,-0.9007201,20.58533
35.11473,-0.9007201,20.58533
35.11473,-0.9007201,20.58533
36.30912,-0.8891584,20.43698
36.30912,-0.8891584,20.43698
36.30912,-0.8891584,20.43698
37.5268,-0.8781568,20.2789
37.5268,-0.8781568,20.2789
37.5268,-0.8781568,20.2789
38.76733,-0.8670199,20.11085
38.76733,-0.8670199,20.11085
38.76733,-0.8670199,20.11085
40.02403,-0.8564479,19.93253
40.02403,-0.8564479,19.93253
40.02403,-0.8564479,19.93253
41.3055,-0.8460362,19.74648
41.3055,-0.8460362,19.74648
41.3055,-0.8460362,19.74648
42.60679,-0.837548,19.55065
42.60679,-0.837548,19.55065
42.60679,-0.837548,19.55065
43.93278,-0.8295496,19.34786
43.93278,-0.8295496,19.34786
43.93278,-0.8295496,19.34786
45.28137,-0.8187903,19.13753
45.28137,-0.8187903,19.13753
45.28137,-0.8187903,19.13753
46.6485,-0.8059921,18.92231
46.6485,-0.8059921,18.92231
46.6485,-0.8059921,18.92231
48.03559,-0.790753,18.69944
48.03559,-0.790753,18.69944
48.03559,-0.790753,18.69944
49.44201,-0.776593,18.47318
49.44201,-0.776593,18.47318
49.44201,-0.776593,18.47318
50.87125,-0.7612088,18.23994
50.87125,-0.7612088,18.23994
50.87125,-0.7612088,18.23994
52.31634,-0.7488661,18.00571
52.31634,-0.7488661,18.00571
52.31634,-0.7488661,18.00571
53.78414,-0.7385593,17.76822
53.78414,-0.7385593,17.76822
53.78414,-0.7385593,17.76822
55.27561,-0.7282464,17.52865
55.27561,-0.7282464,17.52865
55.27561,-0.7282464,17.52865
56.7869,-0.7193216,17.28947
56.7869,-0.7193216,17.28947
56.7869,-0.7193216,17.28947
58.3197,-0.7090229,17.04698
58.3197,-0.7090229,17.04698
58.3197,-0.7090229,17.04698
59.87004,-0.6982294,16.80555
59.87004,-0.6982294,16.80555
59.87004,-0.6982294,16.80555
61.44932,-0.6898538,16.56009
61.44932,-0.6898538,16.56009
61.44932,-0.6898538,16.56009
63.04564,-0.682234,16.31483
63.04564,-0.682234,16.31483
63.04564,-0.682234,16.31483
64.66146,-0.6742945,16.06555
64.66146,-0.6742945,16.06555
64.66146,-0.6742945,16.06555
66.29273,-0.665932,15.81429
66.29273,-0.665932,15.81429
66.29273,-0.665932,15.81429
67.93358,-0.6566595,15.56429
67.93358,-0.6566595,15.56429
67.93358,-0.6566595,15.56429
69.59146,-0.6495479,15.31065
69.59146,-0.6495479,15.31065
69.59146,-0.6495479,15.31065
71.26348,-0.6455501,15.06048
71.26348,-0.6455501,15.06048
71.26348,-0.6455501,15.06048
72.94957,-0.6411509,14.80708
72.94957,-0.6411509,14.80708
72.94957,-0.6411509,14.80708
74.65679,-0.6351425,14.55382
74.65679,-0.6351425,14.55382
74.65679,-0.6351425,14.55382
76.37583,-0.6266393,14.29583
76.37583,-0.6266393,14.29583
76.37583,-0.6266393,14.29583
78.11207,-0.6192733,14.03765
78.11207,-0.6192733,14.03765
78.11207,-0.6192733,14.03765
79.86417,-0.6121849,13.77611
79.86417,-0.6121849,13.77611
79.86417,-0.6121849,13.77611
81.62656,-0.6069533,13.51471
81.62656,-0.6069533,13.51471
81.62656,-0.6069533,13.51471
83.40315,-0.6037449,13.2493
83.40315,-0.6037449,13.2493
83.40315,-0.6037449,13.2493
85.19377,-0.601808,12.98
85.19377,-0.601808,12.98
85.19377,-0.601808,12.98
87.00538,-0.5994816,12.70711
87.00538,-0.5994816,12.70711
87.00538,-0.5994816,12.70711
88.82747,-0.5948763,12.42843
88.82747,-0.5948763,12.42843
88.82747,-0.5948763,12.42843
90.66661,-0.5892579,12.14861
90.66661,-0.5892579,12.14861
90.66661,-0.5892579,12.14861
92.51613,-0.5822604,11.86127
92.51613,-0.5822604,11.86127
92.51613,-0.5822604,11.86127
94.38417,-0.576158,11.56935
94.38417,-0.576158,11.56935
94.38417,-0.576158,11.56935
96.26377,-0.5690865,11.26751
96.26377,-0.5690865,11.26751
96.26377,-0.5690865,11.26751
98.15387,-0.5670654,10.95901
98.15387,-0.5670654,10.95901
98.15387,-0.5670654,10.95901
100.0527,-0.5652429,10.63988
100.0527,-0.5652429,10.63988
100.0527,-0.5652429,10.63988
101.9553,-0.5641477,10.30991
101.9553,-0.5641477,10.30991
101.9553,-0.5641477,10.30991
103.8698,-0.5624452,9.966128
103.8698,-0.5624452,9.966128
103.8698,-0.5624452,9.966128
105.791,-0.5643553,9.611618
105.791,-0.5643553,9.611618
105.791,-0.5643553,9.611618
107.7248,-0.5687973,9.246382
107.7248,-0.5687973,9.246382
107.7248,-0.5687973,9.246382
109.6683,-0.5717942,8.871585
109.6683,-0.5717942,8.871585
109.6683,-0.5717942,8.871585
111.6206,-0.5733449,8.486629
111.6206,-0.5733449,8.486629
111.6206,-0.5733449,8.486629
113.5815,-0.5728043,8.086921
113.5815,-0.5728043,8.086921
113.5815,-0.5728043,8.086921
115.5478,-0.570538,7.674193
115.5478,-0.570538,7.674193
115.5478,-0.570538,7.674193
117.5182,-0.5680584,7.246929
117.5182,-0.5680584,7.246929
117.5182,-0.5680584,7.246929
119.4963,-0.5658779,6.808278
119.4963,-0.5658779,6.808278
119.4963,-0.5658779,6.808278
121.4861,-0.5645652,6.351224
121.4861,-0.5645652,6.351224
121.4861,-0.5645652,6.351224
123.4817,-0.5636678,5.883248
123.4817,-0.5636678,5.883248
123.4817,-0.5636678,5.883248
125.4794,-0.5607338,5.403529
125.4794,-0.5607338,5.403529
125.4794,-0.5607338,5.403529
127.4889,-0.5591517,4.911013
127.4889,-0.5591517,4.911013
127.4889,-0.5591517,4.911013
129.5004,-0.5556139,4.402279
129.5004,-0.5556139,4.402279
129.5004,-0.5556139,4.402279
131.5233,-0.5494115,3.880107
131.5233,-0.5494115,3.880107
131.5233,-0.5494115,3.880107
133.5486,-0.5427542,3.348158
133.5486,-0.5427542,3.348158
133.5486,-0.5427542,3.348158
135.5837,-0.5360354,2.806947
135.5837,-0.5360354,2.806947
135.5837,-0.5360354,2.806947
137.625,-0.5295973,2.257989
137.625,-0.5295973,2.257989
137.625,-0.5295973,2.257989
139.6797,-0.5224538,1.699296
139.6797,-0.5224538,1.699296
139.6797,-0.5224538,1.699296
141.7304,-0.5179993,1.132152
141.7304,-0.5179993,1.132152
141.7304,-0.5179993,1.132152
143.7927,-0.5127373,0.5515872
143.7927,-0.5127373,0.5515872
143.7927,-0.5127373,0.5515872
145.8618,-0.5061993,-0.0413721
145.8618,-0.5061993,-0.0413721
145.8618,-0.5061993,-0.0413721
147.9305,-0.5006247,-0.6449311
147.9305,-0.5006247,-0.6449311
147.9305,-0.5006247,-0.6449311
150.0068,-0.4959689,-1.261108
150.0068,-0.4959689,-1.261108
150.0068,-0.4959689,-1.261108
152.0968,-0.4898301,-1.892338
152.0968,-0.4898301,-1.892338
152.0968,-0.4898301,-1.892338
154.1812,-0.4829921,-2.533182
154.1812,-0.4829921,-2.533182
154.1812,-0.4829921,-2.533182
156.2753,-0.4753909,-3.187653
156.2753,-0.4753909,-3.187653
156.2753,-0.4753909,-3.187653
158.3734,-0.467684,-3.851462
158.3734,-0.467684,-3.851462
158.3734,-0.467684,-3.851462
160.4737,-0.4608735,-4.525316
160.4737,-0.4608735,-4.525316
160.4737,-0.4608735,-4.525316
162.5875,-0.4555311,-5.211974
162.5875,-0.4555311,-5.211974
162.5875,-0.4555311,-5.211974
164.7037,-0.4525483,-5.908582
164.7037,-0.4525483,-5.908582
164.7037,-0.4525483,-5.908582
166.8257,-0.4495307,-6.614701
166.8257,-0.4495307,-6.614701
166.8257,-0.4495307,-6.614701
168.9537,-0.4456125,-7.331463
168.9537,-0.4456125,-7.331463
168.9537,-0.4456125,-7.331463
171.0871,-0.4416744,-8.063072
171.0871,-0.4416744,-8.063072
171.0871,-0.4416744,-8.063072
173.2245,-0.4365523,-8.806086
173.2245,-0.4365523,-8.806086
173.2245,-0.4365523,-8.806086
175.3665,-0.4294089,-9.557829
175.3665,-0.4294089,-9.557829
175.3665,-0.4294089,-9.557829
177.5169,-0.420933,-10.31827
177.5169,-0.420933,-10.31827
177.5169,-0.420933,-10.31827
179.6714,-0.4118277,-11.0856
179.6714,-0.4118277,-11.0856
179.6714,-0.4118277,-11.0856
181.8303,-0.4043634,-11.86225
181.8303,-0.4043634,-11.86225
181.8303,-0.4043634,-11.86225
183.9969,-0.3985802,-12.64986
183.9969,-0.3985802,-12.64986
183.9969,-0.3985802,-12.64986
186.1699,-0.3990509,-13.44797
186.1699,-0.3990509,-13.44797
186.1699,-0.3990509,-13.44797
188.344,-0.4000549,-14.25545
188.344,-0.4000549,-14.25545
188.344,-0.4000549,-14.25545
190.5195,-0.4013833,-15.07493
190.5195,-0.4013833,-15.07493
190.5195,-0.4013833,-15.07493
192.7087,-0.4038655,-15.90879
192.7087,-0.4038655,-15.90879
192.7087,-0.4038655,-15.90879
194.901,-0.4035663,-16.75316
194.901,-0.4035663,-16.75316
194.901,-0.4035663,-16.75316
197.093,-0.4021162,-17.60738
197.093,-0.4021162,-17.60738
197.093,-0.4021162,-17.60738
199.2958,-0.4006638,-18.47484
199.2958,-0.4006638,-18.47484
199.2958,-0.4006638,-18.47484
201.4804,-0.4011965,-19.34449
201.4804,-0.4011965,-19.34449
201.4804,-0.4011965,-19.34449
203.6882,-0.4030819,-20.23459
203.6882,-0.4030819,-20.23459
203.6882,-0.4030819,-20.23459
205.877,-0.4061955,-21.12723
205.877,-0.4061955,-21.12723
205.877,-0.4061955,-21.12723
208.0748,-0.408323,-22.03665
208.0748,-0.408323,-22.03665
208.0748,-0.408323,-22.03665
210.2746,-0.4072563,-22.95396
210.2746,-0.4072563,-22.95396
210.2746,-0.4072563,-22.95396
212.4744,-0.4051777,-23.87896
212.4744,-0.4051777,-23.87896
212.4744,-0.4051777,-23.87896
214.6697,-0.4036944,-24.80688
214.6697,-0.4036944,-24.80688
214.6697,-0.4036944,-24.80688
216.8716,-0.4053455,-25.7452
216.8716,-0.4053455,-25.7452
216.8716,-0.4053455,-25.7452
219.0854,-0.4089666,-26.69513
219.0854,-0.4089666,-26.69513
219.0854,-0.4089666,-26.69513
221.2752,-0.4145729,-27.6423
221.2752,-0.4145729,-27.6423
221.2752,-0.4145729,-27.6423
223.4748,-0.4227878,-28.5989
223.4748,-0.4227878,-28.5989
223.4748,-0.4227878,-28.5989
225.6743,-0.432373,-29.5663
225.6743,-0.432373,-29.5663
225.6743,-0.432373,-29.5663
227.8686,-0.4418329,-30.54211
227.8686,-0.4418329,-30.54211
227.8686,-0.4418329,-30.54211
230.0656,-0.4485622,-31.5245
230.0656,-0.4485622,-31.5245
230.0656,-0.4485622,-31.5245
232.2584,-0.4502008,-32.51137
232.2584,-0.4502008,-32.51137
232.2584,-0.4502008,-32.51137
234.4478,-0.4516442,-33.50409
234.4478,-0.4516442,-33.50409
234.4478,-0.4516442,-33.50409
236.6402,-0.4545615,-34.50713
236.6402,-0.4545615,-34.50713
236.6402,-0.4545615,-34.50713
238.8266,-0.456504,-35.51552
238.8266,-0.456504,-35.51552
238.8266,-0.456504,-35.51552
241.0098,-0.4583595,-36.53355
241.0098,-0.4583595,-36.53355
241.0098,-0.4583595,-36.53355
243.1866,-0.4598154,-37.55871
243.1866,-0.4598154,-37.55871
243.1866,-0.4598154,-37.55871
245.3571,-0.4618584,-38.59114
245.3571,-0.4618584,-38.59114
245.3571,-0.4618584,-38.59114
247.5244,-0.461475,-39.63198
247.5244,-0.461475,-39.63198
247.5244,-0.461475,-39.63198
249.6839,-0.461446,-40.68364
249.6839,-0.461446,-40.68364
249.6839,-0.461446,-40.68364
251.8424,-0.4628392,-41.74631
251.8424,-0.4628392,-41.74631
251.8424,-0.4628392,-41.74631
253.9896,-0.4623208,-42.81371
253.9896,-0.4623208,-42.81371
253.9896,-0.4623208,-42.81371
256.1425,-0.4599411,-43.89031
256.1425,-0.4599411,-43.89031
256.1425,-0.4599411,-43.89031
258.2951,-0.4566041,-44.97777
258.2951,-0.4566041,-44.97777
258.2951,-0.4566041,-44.97777
260.4446,-0.451586,-46.07408
260.4446,-0.451586,-46.07408
260.4446,-0.451586,-46.07408
262.5925,-0.4468931,-47.18398
262.5925,-0.4468931,-47.18398
262.5925,-0.4468931,-47.18398
264.734,-0.4443228,-48.30007
264.734,-0.4443228,-48.30007
264.734,-0.4443228,-48.30007
266.892,-0.442692,-49.43452
266.892,-0.442692,-49.43452
266.892,-0.442692,-49.43452
269.0255,-0.4394885,-50.56793
269.0255,-0.4394885,-50.56793
269.0255,-0.4394885,-50.56793
271.1744,-0.4357941,-51.72041
271.1744,-0.4357941,-51.72041
271.1744,-0.4357941,-51.72041
273.3318,-0.4312748,-52.88771
273.3318,-0.4312748,-52.88771
273.3318,-0.4312748,-52.88771
275.487,-0.4244063,-54.06212
275.487,-0.4244063,-54.06212
275.487,-0.4244063,-54.06212
277.658,-0.4182424,-55.25311
277.658,-0.4182424,-55.25311
277.658,-0.4182424,-55.25311
279.8273,-0.4128268,-56.45514
279.8273,-0.4128268,-56.45514
279.8273,-0.4128268,-56.45514
282.0168,-0.4105826,-57.67414
282.0168,-0.4105826,-57.67414
282.0168,-0.4105826,-57.67414
284.1885,-0.4095589,-58.89251
284.1885,-0.4095589,-58.89251
284.1885,-0.4095589,-58.89251
286.3724,-0.4079618,-60.12956
286.3724,-0.4079618,-60.12956
286.3724,-0.4079618,-60.12956
288.5702,-0.4045488,-61.38495
288.5702,-0.4045488,-61.38495
288.5702,-0.4045488,-61.38495
290.7704,-0.3986685,-62.64929
290.7704,-0.3986685,-62.64929
290.7704,-0.3986685,-62.64929
292.9827,-0.3908822,-63.92341
292.9827,-0.3908822,-63.92341
292.9827,-0.3908822,-63.92341
295.1953,-0.3821466,-65.20624
295.1953,-0.3821466,-65.20624
295.1953,-0.3821466,-65.20624
297.4212,-0.3713999,-66.50521
297.4212,-0.3713999,-66.50521
297.4212,-0.3713999,-66.50521
299.6423,-0.3587114,-67.80874
299.6423,-0.3587114,-67.80874
299.6423,-0.3587114,-67.80874
301.8763,-0.3470056,-69.1256
301.8763,-0.3470056,-69.1256
301.8763,-0.3470056,-69.1256
304.1141,-0.3372516,-70.4517
304.1141,-0.3372516,-70.4517
304.1141,-0.3372516,-70.4517
306.3593,-0.3307952,-71.79168
306.3593,-0.3307952,-71.79168
306.3593,-0.3307952,-71.79168
308.6134,-0.3233356,-73.14403
308.6134,-0.3233356,-73.14403
308.6134,-0.3233356,-73.14403
310.8714,-0.3126191,-74.51245
310.8714,-0.3126191,-74.51245
310.8714,-0.3126191,-74.51245
313.1301,-0.2971879,-75.90012
313.1301,-0.2971879,-75.90012
313.1301,-0.2971879,-75.90012
315.3852,-0.2796424,-77.30725
315.3852,-0.2796424,-77.30725
315.3852,-0.2796424,-77.30725
317.6383,-0.2578412,-78.72988
317.6383,-0.2578412,-78.72988
317.6383,-0.2578412,-78.72988
319.8954,-0.2381554,-80.17271
319.8954,-0.2381554,-80.17271
319.8954,-0.2381554,-80.17271
322.1579,-0.2197853,-81.63211
322.1579,-0.2197853,-81.63211
322.1579,-0.2197853,-81.63211
324.412,-0.2016825,-83.10009
324.412,-0.2016825,-83.10009
324.412,-0.2016825,-83.10009
326.6626,-0.1825361,-84.57972
326.6626,-0.1825361,-84.57972
326.6626,-0.1825361,-84.57972
328.9055,-0.1608324,-86.06826
328.9055,-0.1608324,-86.06826
328.9055,-0.1608324,-86.06826
331.1477,-0.1383913,-87.57051
331.1477,-0.1383913,-87.57051
331.1477,-0.1383913,-87.57051
333.384,-0.1125608,-89.08675
333.384,-0.1125608,-89.08675
333.384,-0.1125608,-89.08675
335.6133,-0.08455148,-90.61426
335.6133,-0.08455148,-90.61426
335.6133,-0.08455148,-90.61426
337.8389,-0.05242768,-92.15154
337.8389,-0.05242768,-92.15154
337.8389,-0.05242768,-92.15154
340.056,-0.01599584,-93.70014
340.056,-0.01599584,-93.70014
340.056,-0.01599584,-93.70014
342.2752,0.02333862,-95.26502
342.2752,0.02333862,-95.26502
342.2752,0.02333862,-95.26502
344.4892,0.0633751,-96.83616
344.4892,0.0633751,-96.83616
344.4892,0.0633751,-96.83616
346.701,0.1024766,-98.41195
346.701,0.1024766,-98.41195
346.701,0.1024766,-98.41195
348.9103,0.1402984,-99.99813
348.9103,0.1402984,-99.99813
348.9103,0.1402984,-99.99813
351.1094,0.1754218,-101.5909
351.1094,0.1754218,-101.5909
351.1094,0.1754218,-101.5909
353.3107,0.2141195,-103.2033
353.3107,0.2141195,-103.2033
353.3107,0.2141195,-103.2033
355.4996,0.2539708,-104.817
355.4996,0.2539708,-104.817
355.4996,0.2539708,-104.817
357.6809,0.2903191,-106.4411
357.6809,0.2903191,-106.4411
357.6809,0.2903191,-106.4411
359.867,0.3297903,-108.0781
359.867,0.3297903,-108.0781
359.867,0.3297903,-108.0781
362.0386,0.3801369,-109.7167
362.0386,0.3801369,-109.7167
362.0386,0.3801369,-109.7167
364.2051,0.433594,-111.3631
364.2051,0.433594,-111.3631
364.2051,0.433594,-111.3631
366.3626,0.4855505,-113.0176
366.3626,0.4855505,-113.0176
366.3626,0.4855505,-113.0176
368.5148,0.5357534,-114.6817
368.5148,0.5357534,-114.6817
368.5148,0.5357534,-114.6817
370.6543,0.5857535,-116.3494
370.6543,0.5857535,-116.3494
370.6543,0.5857535,-116.3494
372.7925,0.6347512,-118.0262
372.7925,0.6347512,-118.0262
372.7925,0.6347512,-118.0262
374.9322,0.6806409,-119.7055
374.9322,0.6806409,-119.7055
374.9322,0.6806409,-119.7055
377.0444,0.7141844,-121.3733
377.0444,0.7141844,-121.3733
377.0444,0.7141844,-121.3733
379.1489,0.732239,-123.0734
379.1489,0.732239,-123.0734
379.1489,0.732239,-123.0734
381.246,0.7514499,-124.7861
381.246,0.7514499,-124.7861
381.246,0.7514499,-124.7861
383.3531,0.7912642,-126.4979
383.3531,0.7912642,-126.4979
383.3531,0.7912642,-126.4979
385.4625,0.8581189,-128.2062
385.4625,0.8581189,-128.2062
385.4625,0.8581189,-128.2062
387.5638,0.9375737,-129.914
387.5638,0.9375737,-129.914
387.5638,0.9375737,-129.914
389.6489,1.01544,-131.6273
389.6489,1.01544,-131.6273
389.6489,1.01544,-131.6273
391.7168,1.088896,-133.3507
391.7168,1.088896,-133.3507
391.7168,1.088896,-133.3507
393.78,1.154913,-135.0831
393.78,1.154913,-135.0831
393.78,1.154913,-135.0831
395.8385,1.214067,-136.8244
395.8385,1.214067,-136.8244
395.8385,1.214067,-136.8244
397.8934,1.272858,-138.5702
397.8934,1.272858,-138.5702
397.8934,1.272858,-138.5702
399.9429,1.334967,-140.3176
399.9429,1.334967,-140.3176
399.9429,1.334967,-140.3176
401.9775,1.399861,-142.0688
401.9775,1.399861,-142.0688
401.9775,1.399861,-142.0688
404.0132,1.46395,-143.8398
404.0132,1.46395,-143.8398
404.0132,1.46395,-143.8398
406.0396,1.53057,-145.6094
406.0396,1.53057,-145.6094
406.0396,1.53057,-145.6094
408.0639,1.596786,-147.3861
408.0639,1.596786,-147.3861
408.0639,1.596786,-147.3861
410.0865,1.665192,-149.1653
410.0865,1.665192,-149.1653
410.0865,1.665192,-149.1653
412.0999,1.73948,-150.9391
412.0999,1.73948,-150.9391
412.0999,1.73948,-150.9391
414.1199,1.820766,-152.7256
414.1199,1.820766,-152.7256
414.1199,1.820766,-152.7256
416.1297,1.902123,-154.5063
416.1297,1.902123,-154.5063
416.1297,1.902123,-154.5063
418.1369,1.980352,-156.2858
418.1369,1.980352,-156.2858
418.1369,1.980352,-156.2858
420.1401,2.051261,-158.0701
420.1401,2.051261,-158.0701
420.1401,2.051261,-158.0701
422.1413,2.117805,-159.8579
422.1413,2.117805,-159.8579
422.1413,2.117805,-159.8579
424.1424,2.186326,-161.6509
424.1424,2.186326,-161.6509
424.1424,2.186326,-161.6509
426.1357,2.256082,-163.4423
426.1357,2.256082,-163.4423
426.1357,2.256082,-163.4423
428.1288,2.325413,-165.2378
428.1288,2.325413,-165.2378
428.1288,2.325413,-165.2378
430.1109,2.396912,-167.032
430.1109,2.396912,-167.032
430.1109,2.396912,-167.032
432.0961,2.47181,-168.831
432.0961,2.47181,-168.831
432.0961,2.47181,-168.831
434.0721,2.549279,-170.628
434.0721,2.549279,-170.628
434.0721,2.549279,-170.628
436.0531,2.650572,-172.4221
436.0531,2.650572,-172.4221
436.0531,2.650572,-172.4221
438.042,2.755615,-174.2029
438.042,2.755615,-174.2029
438.042,2.755615,-174.2029
440.03,2.84391,-175.9705
440.03,2.84391,-175.9705
440.03,2.84391,-175.9705
442.0339,2.921911,-177.7475
442.0339,2.921911,-177.7475
442.0339,2.921911,-177.7475
444.0392,3.006852,-179.52
444.0392,3.006852,-179.52
444.0392,3.006852,-179.52
446.046,3.098726,-181.2884
446.046,3.098726,-181.2884
446.046,3.098726,-181.2884
448.0532,3.192574,-183.0447
448.0532,3.192574,-183.0447
448.0532,3.192574,-183.0447
450.064,3.278015,-184.7916
450.064,3.278015,-184.7916
450.064,3.278015,-184.7916
452.0924,3.358861,-186.5327
452.0924,3.358861,-186.5327
452.0924,3.358861,-186.5327
454.1251,3.436998,-188.2652
454.1251,3.436998,-188.2652
454.1251,3.436998,-188.2652
456.158,3.516788,-189.9924
456.158,3.516788,-189.9924
456.158,3.516788,-189.9924
458.1873,3.593514,-191.7203
458.1873,3.593514,-191.7203
458.1873,3.593514,-191.7203
460.2152,3.669483,-193.4519
460.2152,3.669483,-193.4519
460.2152,3.669483,-193.4519
462.2462,3.750848,-195.183
462.2462,3.750848,-195.183
462.2462,3.750848,-195.183
464.2791,3.835891,-196.9059
464.2791,3.835891,-196.9059
464.2791,3.835891,-196.9059
466.3135,3.921999,-198.6214
466.3135,3.921999,-198.6214
466.3135,3.921999,-198.6214
468.3509,4.004216,-200.3376
468.3509,4.004216,-200.3376
468.3509,4.004216,-200.3376
470.3839,4.079549,-202.0483
470.3839,4.079549,-202.0483
470.3839,4.079549,-202.0483
472.4259,4.154116,-203.7656
472.4259,4.154116,-203.7656
472.4259,4.154116,-203.7656
474.4683,4.23021,-205.4787
474.4683,4.23021,-205.4787
474.4683,4.23021,-205.4787
476.5113,4.309712,-207.1855
476.5113,4.309712,-207.1855
476.5113,4.309712,-207.1855
478.5558,4.389454,-208.8868
478.5558,4.389454,-208.8868
478.5558,4.389454,-208.8868
480.606,4.471449,-210.5886
480.606,4.471449,-210.5886
480.606,4.471449,-210.5886
482.6545,4.555624,-212.2853
482.6545,4.555624,-212.2853
482.6545,4.555624,-212.2853
484.7071,4.640076,-213.9826
484.7071,4.640076,-213.9826
484.7071,4.640076,-213.9826
486.7577,4.720801,-215.677
486.7577,4.720801,-215.677
486.7577,4.720801,-215.677
488.8066,4.799764,-217.3707
488.8066,4.799764,-217.3707
488.8066,4.799764,-217.3707
490.8629,4.88093,-219.0659
490.8629,4.88093,-219.0659
490.8629,4.88093,-219.0659
492.9166,4.960767,-220.7576
492.9166,4.960767,-220.7576
492.9166,4.960767,-220.7576
494.9713,5.038016,-222.4476
494.9713,5.038016,-222.4476
494.9713,5.038016,-222.4476
497.0247,5.116707,-224.1389
497.0247,5.116707,-224.1389
497.0247,5.116707,-224.1389
499.0722,5.193552,-225.827
499.0722,5.193552,-225.827
499.0722,5.193552,-225.827
501.1328,5.267707,-227.5274
501.1328,5.267707,-227.5274
501.1328,5.267707,-227.5274
503.1867,5.349108,-229.2205
503.1867,5.349108,-229.2205
503.1867,5.349108,-229.2205
505.239,5.43277,-230.9143
505.239,5.43277,-230.9143
505.239,5.43277,-230.9143
507.2915,5.519275,-232.6072
507.2915,5.519275,-232.6072
507.2915,5.519275,-232.6072
509.3381,5.605249,-234.2975
509.3381,5.605249,-234.2975
509.3381,5.605249,-234.2975
511.3939,5.689304,-235.9969
511.3939,5.689304,-235.9969
511.3939,5.689304,-235.9969
513.4454,5.773309,-237.6908
513.4454,5.773309,-237.6908
513.4454,5.773309,-237.6908
515.4974,5.857608,-239.3843
515.4974,5.857608,-239.3843
515.4974,5.857608,-239.3843
517.5493,5.942483,-241.0762
517.5493,5.942483,-241.0762
517.5493,5.942483,-241.0762
519.6014,6.026971,-242.768
519.6014,6.026971,-242.768
519.6014,6.026971,-242.768
521.6574,6.115358,-244.4639
521.6574,6.115358,-244.4639
521.6574,6.115358,-244.4639
523.7106,6.206642,-246.1557
523.7106,6.206642,-246.1557
523.7106,6.206642,-246.1557
525.7627,6.29972,-247.8455
525.7627,6.29972,-247.8455
525.7627,6.29972,-247.8455
527.8159,6.392878,-249.5367
527.8159,6.392878,-249.5367
527.8159,6.392878,-249.5367
529.8651,6.486799,-251.2228
529.8651,6.486799,-251.2228
529.8651,6.486799,-251.2228
531.9262,6.582378,-252.9158
531.9262,6.582378,-252.9158
531.9262,6.582378,-252.9158
533.9814,6.677372,-254.6036
533.9814,6.677372,-254.6036
533.9814,6.677372,-254.6036
536.0377,6.771372,-256.2925
536.0377,6.771372,-256.2925
536.0377,6.771372,-256.2925
538.0951,6.865967,-257.983
538.0951,6.865967,-257.983
538.0951,6.865967,-257.983
540.1536,6.964906,-259.6746
540.1536,6.964906,-259.6746
540.1536,6.964906,-259.6746
542.2136,7.066817,-261.3661
542.2136,7.066817,-261.3661
542.2136,7.066817,-261.3661
544.2679,7.168745,-263.0547
544.2679,7.168745,-263.0547
544.2679,7.168745,-263.0547
546.3253,7.265256,-264.7478
546.3253,7.265256,-264.7478
546.3253,7.265256,-264.7478
548.376,7.35715,-266.4366
548.376,7.35715,-266.4366
548.376,7.35715,-266.4366
550.4365,7.450904,-268.1343
550.4365,7.450904,-268.1343
550.4365,7.450904,-268.1343
552.4956,7.551427,-269.8319
552.4956,7.551427,-269.8319
552.4956,7.551427,-269.8319
554.5493,7.654529,-271.5254
554.5493,7.654529,-271.5254
554.5493,7.654529,-271.5254
556.6051,7.757167,-273.22
556.6051,7.757167,-273.22
556.6051,7.757167,-273.22
558.6591,7.857401,-274.9141
558.6591,7.857401,-274.9141
558.6591,7.857401,-274.9141
560.7204,7.957556,-276.6146
560.7204,7.957556,-276.6146
560.7204,7.957556,-276.6146
562.7775,8.058037,-278.3114
562.7775,8.058037,-278.3114
562.7775,8.058037,-278.3114
564.8386,8.161795,-280.0085
564.8386,8.161795,-280.0085
564.8386,8.161795,-280.0085
566.8959,8.267916,-281.7021
566.8959,8.267916,-281.7021
566.8959,8.267916,-281.7021
568.9502,8.373989,-283.3947
568.9502,8.373989,-283.3947
568.9502,8.373989,-283.3947
571.015,8.48345,-285.0936
571.015,8.48345,-285.0936
571.015,8.48345,-285.0936
573.0773,8.593947,-286.7871
573.0773,8.593947,-286.7871
573.0773,8.593947,-286.7871
575.1384,8.705148,-288.4766
575.1384,8.705148,-288.4766
575.1384,8.705148,-288.4766
577.2007,8.816896,-290.1677
577.2007,8.816896,-290.1677
577.2007,8.816896,-290.1677
579.254,8.924907,-291.8529
579.254,8.924907,-291.8529
579.254,8.924907,-291.8529
581.3141,9.03162,-293.5428
581.3141,9.03162,-293.5428
581.3141,9.03162,-293.5428
583.3713,9.137328,-295.2267
583.3713,9.137328,-295.2267
583.3713,9.137328,-295.2267
585.4383,9.245509,-296.9139
585.4383,9.245509,-296.9139
585.4383,9.245509,-296.9139
587.519,9.353208,-298.6121
587.519,9.353208,-298.6121
587.519,9.353208,-298.6121
589.5489,9.456599,-300.263
589.5489,9.456599,-300.263
589.5489,9.456599,-300.263
591.6108,9.561344,-301.9383
591.6108,9.561344,-301.9383
591.6108,9.561344,-301.9383
593.6716,9.666809,-303.6091
593.6716,9.666809,-303.6091
593.6716,9.666809,-303.6091
595.737,9.775807,-305.28
595.737,9.775807,-305.28
595.737,9.775807,-305.28
597.8027,9.883665,-306.9488
597.8027,9.883665,-306.9488
597.8027,9.883665,-306.9488
599.867,9.992222,-308.6131
599.867,9.992222,-308.6131
599.867,9.992222,-308.6131
601.9345,10.09861,-310.2813
601.9345,10.09861,-310.2813
601.9345,10.09861,-310.2813
604.0024,10.20684,-311.9523
604.0024,10.20684,-311.9523
604.0024,10.20684,-311.9523
606.0701,10.31717,-313.6242
606.0701,10.31717,-313.6242
606.0701,10.31717,-313.6242
608.1333,10.43016,-315.2902
608.1333,10.43016,-315.2902
608.1333,10.43016,-315.2902
610.2041,10.54205,-316.9635
610.2041,10.54205,-316.9635
610.2041,10.54205,-316.9635
612.2707,10.65103,-318.6358
612.2707,10.65103,-318.6358
612.2707,10.65103,-318.6358
614.3316,10.75646,-320.3039
614.3316,10.75646,-320.3039
614.3316,10.75646,-320.3039
616.4014,10.85851,-321.9781
616.4014,10.85851,-321.9781
616.4014,10.85851,-321.9781
618.4658,10.96062,-323.6462
618.4658,10.96062,-323.6462
618.4658,10.96062,-323.6462
620.535,11.06765,-325.3171
620.535,11.06765,-325.3171
620.535,11.06765,-325.3171
622.6067,11.17705,-326.9891
622.6067,11.17705,-326.9891
622.6067,11.17705,-326.9891
624.6751,11.28685,-328.6575
624.6751,11.28685,-328.6575
624.6751,11.28685,-328.6575
626.7459,11.39641,-330.327
626.7459,11.39641,-330.327
626.7459,11.39641,-330.327
628.8138,11.50486,-331.9942
628.8138,11.50486,-331.9942
628.8138,11.50486,-331.9942
630.8887,11.61229,-333.6656
630.8887,11.61229,-333.6656
630.8887,11.61229,-333.6656
632.9587,11.72232,-335.3308
632.9587,11.72232,-335.3308
632.9587,11.72232,-335.3308
635.0324,11.83193,-336.9998
635.0324,11.83193,-336.9998
635.0324,11.83193,-336.9998
637.0951,11.9409,-338.6594
637.0951,11.9409,-338.6594
637.0951,11.9409,-338.6594
639.1659,12.04805,-340.3234
639.1659,12.04805,-340.3234
639.1659,12.04805,-340.3234
641.2374,12.15564,-341.9886
641.2374,12.15564,-341.9886
641.2374,12.15564,-341.9886
643.3047,12.26642,-343.6496
643.3047,12.26642,-343.6496
643.3047,12.26642,-343.6496
645.375,12.37656,-345.3101
645.375,12.37656,-345.3101
645.375,12.37656,-345.3101
647.4454,12.48249,-346.9686
647.4454,12.48249,-346.9686
647.4454,12.48249,-346.9686
649.5155,12.58629,-348.6239
649.5155,12.58629,-348.6239
649.5155,12.58629,-348.6239
651.5913,12.69235,-350.282
651.5913,12.69235,-350.282
651.5913,12.69235,-350.282
653.6623,12.80042,-351.9355
653.6623,12.80042,-351.9355
653.6623,12.80042,-351.9355
655.7358,12.91009,-353.587
655.7358,12.91009,-353.587
655.7358,12.91009,-353.587
657.8057,13.02023,-355.2341
657.8057,13.02023,-355.2341
657.8057,13.02023,-355.2341
659.8779,13.13,-356.8806
659.8779,13.13,-356.8806
659.8779,13.13,-356.8806
661.9586,13.23887,-358.5328
661.9586,13.23887,-358.5328
661.9586,13.23887,-358.5328
664.0361,13.34665,-360.1819
664.0361,13.34665,-360.1819
664.0361,13.34665,-360.1819
666.112,13.45227,-361.8289
666.112,13.45227,-361.8289
666.112,13.45227,-361.8289
668.1904,13.55813,-363.4752
668.1904,13.55813,-363.4752
668.1904,13.55813,-363.4752
670.2712,13.66357,-365.1232
670.2712,13.66357,-365.1232
670.2712,13.66357,-365.1232
672.3505,13.76872,-366.7695
672.3505,13.76872,-366.7695
672.3505,13.76872,-366.7695
674.4325,13.87413,-368.4192
674.4325,13.87413,-368.4192
674.4325,13.87413,-368.4192
676.509,13.97893,-370.0675
676.509,13.97893,-370.0675
676.509,13.97893,-370.0675
678.5876,14.08324,-371.7203
678.5876,14.08324,-371.7203
678.5876,14.08324,-371.7203
680.6657,14.1885,-373.3743
680.6657,14.1885,-373.3743
680.6657,14.1885,-373.3743
682.7432,14.29713,-375.0304
682.7432,14.29713,-375.0304
682.7432,14.29713,-375.0304
684.8198,14.40571,-376.6842
684.8198,14.40571,-376.6842
684.8198,14.40571,-376.6842
686.8945,14.51349,-378.337
686.8945,14.51349,-378.337
686.8945,14.51349,-378.337
688.9656,14.61921,-379.9902
688.9656,14.61921,-379.9902
688.9656,14.61921,-379.9902
691.0408,14.72406,-381.6488
691.0408,14.72406,-381.6488
691.0408,14.72406,-381.6488
693.1156,14.82707,-383.3046
693.1156,14.82707,-383.3046
693.1156,14.82707,-383.3046
695.193,14.92975,-384.9613
695.193,14.92975,-384.9613
695.193,14.92975,-384.9613
697.271,15.03283,-386.6143
697.271,15.03283,-386.6143
697.271,15.03283,-386.6143
699.3457,15.13859,-388.2646
699.3457,15.13859,-388.2646
699.3457,15.13859,-388.2646
701.4274,15.24435,-389.9181
701.4274,15.24435,-389.9181
701.4274,15.24435,-389.9181
703.5065,15.34668,-391.5686
703.5065,15.34668,-391.5686
703.5065,15.34668,-391.5686
705.5829,15.44804,-393.2168
705.5829,15.44804,-393.2168
705.5829,15.44804,-393.2168
707.6613,15.54996,-394.8665
707.6613,15.54996,-394.8665
707.6613,15.54996,-394.8665
709.7441,15.65581,-396.5177
709.7441,15.65581,-396.5177
709.7441,15.65581,-396.5177
711.8243,15.76531,-398.1607
711.8243,15.76531,-398.1607
711.8243,15.76531,-398.1607
713.9054,15.87836,-399.8001
713.9054,15.87836,-399.8001
713.9054,15.87836,-399.8001
715.9839,15.99116,-401.4338
715.9839,15.99116,-401.4338
715.9839,15.99116,-401.4338
718.0631,16.10183,-403.0674
718.0631,16.10183,-403.0674
718.0631,16.10183,-403.0674
720.1441,16.21513,-404.698
720.1441,16.21513,-404.698
720.1441,16.21513,-404.698
722.2296,16.32798,-406.3296
722.2296,16.32798,-406.3296
722.2296,16.32798,-406.3296
724.3156,16.44029,-407.9582
724.3156,16.44029,-407.9582
724.3156,16.44029,-407.9582
726.4057,16.54399,-409.585
726.4057,16.54399,-409.585
726.4057,16.54399,-409.585
728.4983,16.66273,-411.2077
728.4983,16.66273,-411.2077
728.4983,16.66273,-411.2077
730.5888,16.77343,-412.8287
730.5888,16.77343,-412.8287
730.5888,16.77343,-412.8287
732.6752,16.88104,-414.4501
732.6752,16.88104,-414.4501
732.6752,16.88104,-414.4501
734.7664,16.98171,-416.0734
734.7664,16.98171,-416.0734
734.7664,16.98171,-416.0734
736.8556,17.07951,-417.6935
736.8556,17.07951,-417.6935
736.8556,17.07951,-417.6935
738.9533,17.1754,-419.3157
738.9533,17.1754,-419.3157
738.9533,17.1754,-419.3157
741.0479,17.27242,-420.934
741.0479,17.27242,-420.934
741.0479,17.27242,-420.934
743.1419,17.37146,-422.5508
743.1419,17.37146,-422.5508
743.1419,17.37146,-422.5508
745.2354,17.4672,-424.1692
745.2354,17.4672,-424.1692
745.2354,17.4672,-424.1692
747.3289,17.555,-425.7917
747.3289,17.555,-425.7917
747.3289,17.555,-425.7917
749.4207,17.65191,-427.4134
749.4207,17.65191,-427.4134
749.4207,17.65191,-427.4134
751.5173,17.75413,-429.0362
751.5173,17.75413,-429.0362
751.5173,17.75413,-429.0362
753.6116,17.85404,-430.6541
753.6116,17.85404,-430.6541
753.6116,17.85404,-430.6541
755.7109,17.94006,-432.2706
755.7109,17.94006,-432.2706
755.7109,17.94006,-432.2706
757.8089,18.02205,-433.884
757.8089,18.02205,-433.884
757.8089,18.02205,-433.884
759.9091,18.09594,-435.4976
759.9091,18.09594,-435.4976
759.9091,18.09594,-435.4976
762.0181,18.17308,-437.1125
762.0181,18.17308,-437.1125
762.0181,18.17308,-437.1125
764.1249,18.25478,-438.7221
764.1249,18.25478,-438.7221
764.1249,18.25478,-438.7221
766.2346,18.33932,-440.3295
766.2346,18.33932,-440.3295
766.2346,18.33932,-440.3295
768.3468,18.42281,-441.9355
768.3468,18.42281,-441.9355
768.3468,18.42281,-441.9355
770.4571,18.50284,-443.5378
770.4571,18.50284,-443.5378
770.4571,18.50284,-443.5378
772.573,18.58489,-445.1404
772.573,18.58489,-445.1404
772.573,18.58489,-445.1404
774.6901,18.66585,-446.7409
774.6901,18.66585,-446.7409
774.6901,18.66585,-446.7409
776.805,18.74823,-448.3389
776.805,18.74823,-448.3389
776.805,18.74823,-448.3389
778.9176,18.82798,-449.9322
778.9176,18.82798,-449.9322
778.9176,18.82798,-449.9322
781.0382,18.91026,-451.529
781.0382,18.91026,-451.529
781.0382,18.91026,-451.529
783.1553,18.99428,-453.1207
783.1553,18.99428,-453.1207
783.1553,18.99428,-453.1207
785.2706,19.07913,-454.711
785.2706,19.07913,-454.711
785.2706,19.07913,-454.711
787.3866,19.16217,-456.3036
787.3866,19.16217,-456.3036
787.3866,19.16217,-456.3036
789.4935,19.24372,-457.8927
789.4935,19.24372,-457.8927
789.4935,19.24372,-457.8927
791.6044,19.32538,-459.4876
791.6044,19.32538,-459.4876
791.6044,19.32538,-459.4876
793.7097,19.40541,-461.0817
793.7097,19.40541,-461.0817
793.7097,19.40541,-461.0817
795.8137,19.48576,-462.6772
795.8137,19.48576,-462.6772
795.8137,19.48576,-462.6772
797.914,19.56981,-464.2714
797.914,19.56981,-464.2714
797.914,19.56981,-464.2714
800.0123,19.65533,-465.8635
800.0123,19.65533,-465.8635
800.0123,19.65533,-465.8635
802.1083,19.73792,-467.4543
802.1083,19.73792,-467.4543
802.1083,19.73792,-467.4543
804.2028,19.8163,-469.0448
804.2028,19.8163,-469.0448
804.2028,19.8163,-469.0448
806.2987,19.88938,-470.6373
806.2987,19.88938,-470.6373
806.2987,19.88938,-470.6373
808.3959,19.96249,-472.2307
808.3959,19.96249,-472.2307
808.3959,19.96249,-472.2307
810.4902,20.03686,-473.8196
810.4902,20.03686,-473.8196
810.4902,20.03686,-473.8196
812.591,20.11443,-475.4125
812.591,20.11443,-475.4125
812.591,20.11443,-475.4125
814.6888,20.19413,-477.0013
814.6888,20.19413,-477.0013
814.6888,20.19413,-477.0013
816.7915,20.27321,-478.5905
816.7915,20.27321,-478.5905
816.7915,20.27321,-478.5905
818.8949,20.3538,-480.1748
818.8949,20.3538,-480.1748
818.8949,20.3538,-480.1748
821.0023,20.43563,-481.7573
821.0023,20.43563,-481.7573
821.0023,20.43563,-481.7573
823.1164,20.51693,-483.3404
823.1164,20.51693,-483.3404
823.1164,20.51693,-483.3404
825.2301,20.59912,-484.9182
825.2301,20.59912,-484.9182
825.2301,20.59912,-484.9182
827.3472,20.68385,-486.4927
827.3472,20.68385,-486.4927
827.3472,20.68385,-486.4927
829.4645,20.77068,-488.0614
829.4645,20.77068,-488.0614
829.4645,20.77068,-488.0614
831.5909,20.85797,-489.6319
831.5909,20.85797,-489.6319
831.5909,20.85797,-489.6319
833.7229,20.94602,-491.2049
833.7229,20.94602,-491.2049
833.7229,20.94602,-491.2049
835.8541,21.03407,-492.7761
835.8541,21.03407,-492.7761
835.8541,21.03407,-492.7761
837.986,21.12295,-494.3446
837.986,21.12295,-494.3446
837.986,21.12295,-494.3446
840.1199,21.21212,-495.9132
840.1199,21.21212,-495.9132
840.1199,21.21212,-495.9132
842.2623,21.30359,-497.4854
842.2623,21.30359,-497.4854
842.2623,21.30359,-497.4854
844.4038,21.3978,-499.0558
844.4038,21.3978,-499.0558
844.4038,21.3978,-499.0558
846.5437,21.49439,-500.6257
846.5437,21.49439,-500.6257
846.5437,21.49439,-500.6257
848.6827,21.58726,-502.1964
848.6827,21.58726,-502.1964
848.6827,21.58726,-502.1964
850.8213,21.67907,-503.767
850.8213,21.67907,-503.767
850.8213,21.67907,-503.767
852.9722,21.77339,-505.3431
852.9722,21.77339,-505.3431
852.9722,21.77339,-505.3431
855.1147,21.86598,-506.9135
855.1147,21.86598,-506.9135
855.1147,21.86598,-506.9135
857.2619,21.95643,-508.4874
857.2619,21.95643,-508.4874
857.2619,21.95643,-508.4874
859.4084,22.04762,-510.0613
859.4084,22.04762,-510.0613
859.4084,22.04762,-510.0613
861.557,22.1402,-511.637
861.557,22.1402,-511.637
861.557,22.1402,-511.637
863.7104,22.23641,-513.2137
863.7104,22.23641,-513.2137
863.7104,22.23641,-513.2137
865.8589,22.33432,-514.7848
865.8589,22.33432,-514.7848
865.8589,22.33432,-514.7848
868.0116,22.43636,-516.3554
868.0116,22.43636,-516.3554
868.0116,22.43636,-516.3554
870.1571,22.53588,-517.9222
870.1571,22.53588,-517.9222
870.1571,22.53588,-517.9222
872.2938,22.63292,-519.4836
872.2938,22.63292,-519.4836
872.2938,22.63292,-519.4836
874.4419,22.72987,-521.0493
874.4419,22.72987,-521.0493
874.4419,22.72987,-521.0493
876.5885,22.82659,-522.608
876.5885,22.82659,-522.608
876.5885,22.82659,-522.608
878.7368,22.92504,-524.1609
878.7368,22.92504,-524.1609
878.7368,22.92504,-524.1609
880.8822,23.02388,-525.7065
880.8822,23.02388,-525.7065
880.8822,23.02388,-525.7065
883.0323,23.12541,-527.2479
883.0323,23.12541,-527.2479
883.0323,23.12541,-527.2479
885.2001,23.22957,-528.7963
885.2001,23.22957,-528.7963
885.2001,23.22957,-528.7963
887.3238,23.32974,-530.3079
887.3238,23.32974,-530.3079
887.3238,23.32974,-530.3079
889.4706,23.43087,-531.831
889.4706,23.43087,-531.831
889.4706,23.43087,-531.831
891.6091,23.53263,-533.3456
891.6091,23.53263,-533.3456
891.6091,23.53263,-533.3456
893.755,23.63418,-534.8619
893.755,23.63418,-534.8619
893.755,23.63418,-534.8619
895.8952,23.73415,-536.3697
895.8952,23.73415,-536.3697
895.8952,23.73415,-536.3697
898.0347,23.83529,-537.8732
898.0347,23.83529,-537.8732
898.0347,23.83529,-537.8732
900.1742,23.94138,-539.3743
900.1742,23.94138,-539.3743
900.1742,23.94138,-539.3743
902.3079,24.04861,-540.8662
902.3079,24.04861,-540.8662
902.3079,24.04861,-540.8662
904.4565,24.15887,-542.3632
904.4565,24.15887,-542.3632
904.4565,24.15887,-542.3632
906.591,24.26707,-543.8481
906.591,24.26707,-543.8481
906.591,24.26707,-543.8481
908.7272,24.37286,-545.3321
908.7272,24.37286,-545.3321
908.7272,24.37286,-545.3321
910.8623,24.47974,-546.8143
910.8623,24.47974,-546.8143
910.8623,24.47974,-546.8143
912.9899,24.58493,-548.2919
912.9899,24.58493,-548.2919
912.9899,24.58493,-548.2919
915.123,24.68802,-549.7727
915.123,24.68802,-549.7727
915.123,24.68802,-549.7727
917.2617,24.78905,-551.2578
917.2617,24.78905,-551.2578
917.2617,24.78905,-551.2578
919.4006,24.89471,-552.7312
919.4006,24.89471,-552.7312
919.4006,24.89471,-552.7312
921.5445,25.01399,-554.2024
921.5445,25.01399,-554.2024
921.5445,25.01399,-554.2024
923.6762,25.1219,-555.6621
923.6762,25.1219,-555.6621
923.6762,25.1219,-555.6621
925.8066,25.21008,-557.1257
925.8066,25.21008,-557.1257
925.8066,25.21008,-557.1257
927.945,25.3008,-558.5951
927.945,25.3008,-558.5951
927.945,25.3008,-558.5951
930.0863,25.41005,-560.0649
930.0863,25.41005,-560.0649
930.0863,25.41005,-560.0649
932.2263,25.52985,-561.5352
932.2263,25.52985,-561.5352
932.2263,25.52985,-561.5352
934.3539,25.65168,-562.9959
934.3539,25.65168,-562.9959
934.3539,25.65168,-562.9959
936.4928,25.77269,-564.4662
936.4928,25.77269,-564.4662
936.4928,25.77269,-564.4662
938.6325,25.89232,-565.9327
938.6325,25.89232,-565.9327
938.6325,25.89232,-565.9327
940.7719,26.01411,-567.3969
940.7719,26.01411,-567.3969
940.7719,26.01411,-567.3969
942.9158,26.13759,-568.8595
942.9158,26.13759,-568.8595
942.9158,26.13759,-568.8595
945.0575,26.26007,-570.322
945.0575,26.26007,-570.322
945.0575,26.26007,-570.322
947.2049,26.38159,-571.7862
947.2049,26.38159,-571.7862
947.2049,26.38159,-571.7862
949.3532,26.50083,-573.2481
949.3532,26.50083,-573.2481
949.3532,26.50083,-573.2481
951.5077,26.62079,-574.7102
951.5077,26.62079,-574.7102
951.5077,26.62079,-574.7102
953.6604,26.74228,-576.1661
953.6604,26.74228,-576.1661
953.6604,26.74228,-576.1661
955.8153,26.86169,-577.6191
955.8153,26.86169,-577.6191
955.8153,26.86169,-577.6191
957.9804,26.98219,-579.0749
957.9804,26.98219,-579.0749
957.9804,26.98219,-579.0749
960.1378,27.09965,-580.5258
960.1378,27.09965,-580.5258
960.1378,27.09965,-580.5258
962.3019,27.22009,-581.9778
962.3019,27.22009,-581.9778
962.3019,27.22009,-581.9778
964.464,27.3483,-583.4246
964.464,27.3483,-583.4246
964.464,27.3483,-583.4246
966.6368,27.48447,-584.8741
966.6368,27.48447,-584.8741
966.6368,27.48447,-584.8741
968.8004,27.62785,-586.315
968.8004,27.62785,-586.315
968.8004,27.62785,-586.315
970.9633,27.76619,-587.7582
970.9633,27.76619,-587.7582
970.9633,27.76619,-587.7582
973.1252,27.89962,-589.2041
973.1252,27.89962,-589.2041
973.1252,27.89962,-589.2041
975.2876,28.02995,-590.6491
975.2876,28.02995,-590.6491
975.2876,28.02995,-590.6491
977.4553,28.16051,-592.0933
977.4553,28.16051,-592.0933
977.4553,28.16051,-592.0933
979.6246,28.29193,-593.5333
979.6246,28.29193,-593.5333
979.6246,28.29193,-593.5333
981.7949,28.42396,-594.9757
981.7949,28.42396,-594.9757
981.7949,28.42396,-594.9757
983.9617,28.55465,-596.4211
983.9617,28.55465,-596.4211
983.9617,28.55465,-596.4211
986.1268,28.68428,-597.8687
986.1268,28.68428,-597.8687
986.1268,28.68428,-597.8687
988.2929,28.81455,-599.3177
988.2929,28.81455,-599.3177
988.2929,28.81455,-599.3177
990.4617,28.9454,-600.7664
990.4617,28.9454,-600.7664
990.4617,28.9454,-600.7664
992.6304,29.07443,-602.2122
992.6304,29.07443,-602.2122
992.6304,29.07443,-602.2122
994.799,29.20365,-603.6558
994.799,29.20365,-603.6558
994.799,29.20365,-603.6558
996.9663,29.33236,-605.0961
996.9663,29.33236,-605.0961
996.9663,29.33236,-605.0961
999.1375,29.45851,-606.5369
999.1375,29.45851,-606.5369
999.1375,29.45851,-606.5369
1001.304,29.58125,-607.9732
1001.304,29.58125,-607.9732
1001.304,29.58125,-607.9732
1003.471,29.70297,-609.4078
1003.471,29.70297,-609.4078
1003.471,29.70297,-609.4078
1005.637,29.82681,-610.8397
1005.637,29.82681,-610.8397
1005.637,29.82681,-610.8397
1007.806,29.95555,-612.2697
1007.806,29.95555,-612.2697
1007.806,29.95555,-612.2697
1009.973,30.08734,-613.6954
1009.973,30.08734,-613.6954
1009.973,30.08734,-613.6954
1012.137,30.21781,-615.1186
1012.137,30.21781,-615.1186
1012.137,30.21781,-615.1186
1014.298,30.3449,-616.5381
1014.298,30.3449,-616.5381
1014.298,30.3449,-616.5381
1016.458,30.47099,-617.9592
1016.458,30.47099,-617.9592
1016.458,30.47099,-617.9592
1018.616,30.59832,-619.3811
1018.616,30.59832,-619.3811
1018.616,30.59832,-619.3811
1020.773,30.72311,-620.8006
1020.773,30.72311,-620.8006
1020.773,30.72311,-620.8006
1022.925,30.84525,-622.2172
1022.925,30.84525,-622.2172
1022.925,30.84525,-622.2172
1025.074,30.96719,-623.6311
1025.074,30.96719,-623.6311
1025.074,30.96719,-623.6311
1027.219,31.08777,-625.042
1027.219,31.08777,-625.042
1027.219,31.08777,-625.042
1029.367,31.20927,-626.4527
1029.367,31.20927,-626.4527
1029.367,31.20927,-626.4527
1031.514,31.3327,-627.8572
1031.514,31.3327,-627.8572
1031.514,31.3327,-627.8572
1033.658,31.45684,-629.2527
1033.658,31.45684,-629.2527
1033.658,31.45684,-629.2527
1035.804,31.58219,-630.6416
1035.804,31.58219,-630.6416
1035.804,31.58219,-630.6416
1037.942,31.70698,-632.0242
1037.942,31.70698,-632.0242
1037.942,31.70698,-632.0242
1040.088,31.82813,-633.4108
1040.088,31.82813,-633.4108
1040.088,31.82813,-633.4108
1042.231,31.94674,-634.7988
1042.231,31.94674,-634.7988
1042.231,31.94674,-634.7988
1044.372,32.06456,-636.1849
1044.372,32.06456,-636.1849
1044.372,32.06456,-636.1849
1046.514,32.18651,-637.5675
1046.514,32.18651,-637.5675
1046.514,32.18651,-637.5675
1048.656,32.31052,-638.9462
1048.656,32.31052,-638.9462
1048.656,32.31052,-638.9462
1050.796,32.43167,-640.3174
1050.796,32.43167,-640.3174
1050.796,32.43167,-640.3174
1052.94,32.54722,-641.685
1052.94,32.54722,-641.685
1052.94,32.54722,-641.685
1055.084,32.65961,-643.0515
1055.084,32.65961,-643.0515
1055.084,32.65961,-643.0515
1057.226,32.77429,-644.4173
1057.226,32.77429,-644.4173
1057.226,32.77429,-644.4173
1059.374,32.89861,-645.784
1059.374,32.89861,-645.784
1059.374,32.89861,-645.784
1061.525,33.0293,-647.1441
1061.525,33.0293,-647.1441
1061.525,33.0293,-647.1441
1063.674,33.16135,-648.4919
1063.674,33.16135,-648.4919
1063.674,33.16135,-648.4919
1065.821,33.29059,-649.8375
1065.821,33.29059,-649.8375
1065.821,33.29059,-649.8375
1067.966,33.4162,-651.1855
1067.966,33.4162,-651.1855
1067.966,33.4162,-651.1855
1070.112,33.53835,-652.5347
1070.112,33.53835,-652.5347
1070.112,33.53835,-652.5347
1072.257,33.65737,-653.8847
1072.257,33.65737,-653.8847
1072.257,33.65737,-653.8847
1074.401,33.77429,-655.2353
1074.401,33.77429,-655.2353
1074.401,33.77429,-655.2353
1076.547,33.89027,-656.5901
1076.547,33.89027,-656.5901
1076.547,33.89027,-656.5901
1078.687,34.0047,-657.9412
1078.687,34.0047,-657.9412
1078.687,34.0047,-657.9412
1080.84,34.12492,-659.2934
1080.84,34.12492,-659.2934
1080.84,34.12492,-659.2934
1082.986,34.24794,-660.6391
1082.986,34.24794,-660.6391
1082.986,34.24794,-660.6391
1085.128,34.36709,-661.9814
1085.128,34.36709,-661.9814
1085.128,34.36709,-661.9814
1087.27,34.48078,-663.3284
1087.27,34.48078,-663.3284
1087.27,34.48078,-663.3284
1089.413,34.5871,-664.6693
1089.413,34.5871,-664.6693
1089.413,34.5871,-664.6693
1091.568,34.69434,-666.014
1091.568,34.69434,-666.014
1091.568,34.69434,-666.014
1093.718,34.80575,-667.3474
1093.718,34.80575,-667.3474
1093.718,34.80575,-667.3474
1095.878,34.92102,-668.6777
1095.878,34.92102,-668.6777
1095.878,34.92102,-668.6777
1098.041,35.04702,-670.0112
1098.041,35.04702,-670.0112
1098.041,35.04702,-670.0112
1100.195,35.17977,-671.3409
1100.195,35.17977,-671.3409
1100.195,35.17977,-671.3409
1102.354,35.311,-672.6726
1102.354,35.311,-672.6726
1102.354,35.311,-672.6726
1104.507,35.43368,-673.9958
1104.507,35.43368,-673.9958
1104.507,35.43368,-673.9958
1106.668,35.54872,-675.3171
1106.668,35.54872,-675.3171
1106.668,35.54872,-675.3171
1108.829,35.66545,-676.6374
1108.829,35.66545,-676.6374
1108.829,35.66545,-676.6374
1110.993,35.78536,-677.9581
1110.993,35.78536,-677.9581
1110.993,35.78536,-677.9581
1113.157,35.90472,-679.272
1113.157,35.90472,-679.272
1113.157,35.90472,-679.272
1115.326,36.02658,-680.5868
1115.326,36.02658,-680.5868
1115.326,36.02658,-680.5868
1117.494,36.14825,-681.8958
1117.494,36.14825,-681.8958
1117.494,36.14825,-681.8958
1119.659,36.26861,-683.201
1119.659,36.26861,-683.201
1119.659,36.26861,-683.201
1121.838,36.38796,-684.5117
1121.838,36.38796,-684.5117
1121.838,36.38796,-684.5117
1124.019,36.51109,-685.8237
1124.019,36.51109,-685.8237
1124.019,36.51109,-685.8237
1126.198,36.63445,-687.1319
1126.198,36.63445,-687.1319
1126.198,36.63445,-687.1319
1128.381,36.75667,-688.4392
1128.381,36.75667,-688.4392
1128.381,36.75667,-688.4392
1130.564,36.87463,-689.7431
1130.564,36.87463,-689.7431
1130.564,36.87463,-689.7431
1132.753,36.99032,-691.0464
1132.753,36.99032,-691.0464
1132.753,36.99032,-691.0464
1134.946,37.10266,-692.3504
1134.946,37.10266,-692.3504
1134.946,37.10266,-692.3504
1137.143,37.21242,-693.654
1137.143,37.21242,-693.654
1137.143,37.21242,-693.654
1139.341,37.32204,-694.9554
1139.341,37.32204,-694.9554
1139.341,37.32204,-694.9554
1141.541,37.43261,-696.2551
1141.541,37.43261,-696.2551
1141.541,37.43261,-696.2551
1143.749,37.54673,-697.556
1143.749,37.54673,-697.556
1143.749,37.54673,-697.556
1145.954,37.66114,-698.8522
1145.954,37.66114,-698.8522
1145.954,37.66114,-698.8522
1148.163,37.77645,-700.1487
1148.163,37.77645,-700.1487
1148.163,37.77645,-700.1487
1150.376,37.89135,-701.445
1150.376,37.89135,-701.445
1150.376,37.89135,-701.445
1152.585,38.00681,-702.7408
1152.585,38.00681,-702.7408
1152.585,38.00681,-702.7408
1154.8,38.12449,-704.0408
1154.8,38.12449,-704.0408
1154.8,38.12449,-704.0408
1157.012,38.24356,-705.3377
1157.012,38.24356,-705.3377
1157.012,38.24356,-705.3377
1159.229,38.36214,-706.6378
1159.229,38.36214,-706.6378
1159.229,38.36214,-706.6378
1161.448,38.48244,-707.9363
1161.448,38.48244,-707.9363
1161.448,38.48244,-707.9363
1163.663,38.60075,-709.2369
1163.663,38.60075,-709.2369
1163.663,38.60075,-709.2369
1165.886,38.71705,-710.5384
1165.886,38.71705,-710.5384
1165.886,38.71705,-710.5384
1168.11,38.83461,-711.8436
1168.11,38.83461,-711.8436
1168.11,38.83461,-711.8436
1170.337,38.95544,-713.1505
1170.337,38.95544,-713.1505
1170.337,38.95544,-713.1505
1172.562,39.07728,-714.459
1172.562,39.07728,-714.459
1172.562,39.07728,-714.459
1174.79,39.19328,-715.7678
1174.79,39.19328,-715.7678
1174.79,39.19328,-715.7678
1177.083,39.30786,-717.1122
1177.083,39.30786,-717.1122
1177.083,39.30786,-717.1122
1179.271,39.41873,-718.394
1179.271,39.41873,-718.394
1179.271,39.41873,-718.394
1181.516,39.54154,-719.7105
1181.516,39.54154,-719.7105
1181.516,39.54154,-719.7105
1183.758,39.67071,-721.0223
1183.758,39.67071,-721.0223
1183.758,39.67071,-721.0223
1186.021,39.80234,-722.3448
1186.021,39.80234,-722.3448
1186.021,39.80234,-722.3448
1188.272,39.93274,-723.6591
1188.272,39.93274,-723.6591
1188.272,39.93274,-723.6591
1190.524,40.06015,-724.9743
1190.524,40.06015,-724.9743
1190.524,40.06015,-724.9743
1192.784,40.18605,-726.2948
1192.784,40.18605,-726.2948
1192.784,40.18605,-726.2948
1195.054,40.30956,-727.6201
1195.054,40.30956,-727.6201
1195.054,40.30956,-727.6201
1197.315,40.43252,-728.937
1197.315,40.43252,-728.937
1197.315,40.43252,-728.937
1199.585,40.55332,-730.2584
1199.585,40.55332,-730.2584
1199.585,40.55332,-730.2584
1201.867,40.67201,-731.5819
1201.867,40.67201,-731.5819
1201.867,40.67201,-731.5819
1204.142,40.79001,-732.8978
1204.142,40.79001,-732.8978
1204.142,40.79001,-732.8978
1206.417,40.90637,-734.2126
1206.417,40.90637,-734.2126
1206.417,40.90637,-734.2126
1208.709,41.02557,-735.534
1208.709,41.02557,-735.534
1208.709,41.02557,-735.534
1210.993,41.14443,-736.8459
1210.993,41.14443,-736.8459
1210.993,41.14443,-736.8459
1213.283,41.26512,-738.1592
1213.283,41.26512,-738.1592
1213.283,41.26512,-738.1592
1215.578,41.3833,-739.4756
1215.578,41.3833,-739.4756
1215.578,41.3833,-739.4756
1217.874,41.50237,-740.7904
1217.874,41.50237,-740.7904
1217.874,41.50237,-740.7904
1220.173,41.61726,-742.1052
1220.173,41.61726,-742.1052
1220.173,41.61726,-742.1052
1222.478,41.72981,-743.4152
1222.478,41.72981,-743.4152
1222.478,41.72981,-743.4152
1224.787,41.83738,-744.7223
1224.787,41.83738,-744.7223
1224.787,41.83738,-744.7223
1227.101,41.9435,-746.0279
1227.101,41.9435,-746.0279
1227.101,41.9435,-746.0279
1229.416,42.04989,-747.3281
1229.416,42.04989,-747.3281
1229.416,42.04989,-747.3281
1231.744,42.15831,-748.6314
1231.744,42.15831,-748.6314
1231.744,42.15831,-748.6314
1234.074,42.26955,-749.9294
1234.074,42.26955,-749.9294
1234.074,42.26955,-749.9294
1236.405,42.3792,-751.2267
1236.405,42.3792,-751.2267
1236.405,42.3792,-751.2267
1238.735,42.48429,-752.5197
1238.735,42.48429,-752.5197
1238.735,42.48429,-752.5197
1241.082,42.5865,-753.8235
1241.082,42.5865,-753.8235
1241.082,42.5865,-753.8235
1243.423,42.68651,-755.1203
1243.423,42.68651,-755.1203
1243.423,42.68651,-755.1203
1245.771,42.78686,-756.4194
1245.771,42.78686,-756.4194
1245.771,42.78686,-756.4194
1248.123,42.88754,-757.7175
1248.123,42.88754,-757.7175
1248.123,42.88754,-757.7175
1250.478,42.99082,-759.0137
1250.478,42.99082,-759.0137
1250.478,42.99082,-759.0137
1252.841,43.09761,-760.312
1252.841,43.09761,-760.312
1252.841,43.09761,-760.312
1255.209,43.2069,-761.6116
1255.209,43.2069,-761.6116
1255.209,43.2069,-761.6116
1257.579,43.32063,-762.911
1257.579,43.32063,-762.911
1257.579,43.32063,-762.911
1259.949,43.4359,-764.2087
1259.949,43.4359,-764.2087
1259.949,43.4359,-764.2087
1262.318,43.54782,-765.5015
1262.318,43.54782,-765.5015
1262.318,43.54782,-765.5015
1264.716,43.65179,-766.8074
1264.716,43.65179,-766.8074
1264.716,43.65179,-766.8074
1267.084,43.73951,-768.0952
1267.084,43.73951,-768.0952
1267.084,43.73951,-768.0952
1269.473,43.81598,-769.3932
1269.473,43.81598,-769.3932
1269.473,43.81598,-769.3932
1271.868,43.89318,-770.6928
1271.868,43.89318,-770.6928
1271.868,43.89318,-770.6928
1274.261,43.97657,-771.9869
1274.261,43.97657,-771.9869
1274.261,43.97657,-771.9869
1276.67,44.06634,-773.287
1276.67,44.06634,-773.287
1276.67,44.06634,-773.287
1279.074,44.15904,-774.5821
1279.074,44.15904,-774.5821
1279.074,44.15904,-774.5821
1281.478,44.25252,-775.8763
1281.478,44.25252,-775.8763
1281.478,44.25252,-775.8763
1283.885,44.34661,-777.1708
1283.885,44.34661,-777.1708
1283.885,44.34661,-777.1708
1286.29,44.43881,-778.4617
1286.29,44.43881,-778.4617
1286.29,44.43881,-778.4617
1288.696,44.52846,-779.7516
1288.696,44.52846,-779.7516
1288.696,44.52846,-779.7516
1291.103,44.61411,-781.0407
1291.103,44.61411,-781.0407
1291.103,44.61411,-781.0407
1293.51,44.6961,-782.3282
1293.51,44.6961,-782.3282
1293.51,44.6961,-782.3282
1295.919,44.77631,-783.6147
1295.919,44.77631,-783.6147
1295.919,44.77631,-783.6147
1298.329,44.85866,-784.899
1298.329,44.85866,-784.899
1298.329,44.85866,-784.899
1300.742,44.94119,-786.1825
1300.742,44.94119,-786.1825
1300.742,44.94119,-786.1825
1303.154,45.0228,-787.464
1303.154,45.0228,-787.464
1303.154,45.0228,-787.464
1305.561,45.1037,-788.7421
1305.561,45.1037,-788.7421
1305.561,45.1037,-788.7421
1307.966,45.18137,-790.0173
1307.966,45.18137,-790.0173
1307.966,45.18137,-790.0173
1310.38,45.25492,-791.2954
1310.38,45.25492,-791.2954
1310.38,45.25492,-791.2954
1312.794,45.32493,-792.5713
1312.794,45.32493,-792.5713
1312.794,45.32493,-792.5713
1315.208,45.39321,-793.8437
1315.208,45.39321,-793.8437
1315.208,45.39321,-793.8437
1317.624,45.46362,-795.1168
1317.624,45.46362,-795.1168
1317.624,45.46362,-795.1168
1320.032,45.53831,-796.3846
1320.032,45.53831,-796.3846
1320.032,45.53831,-796.3846
1322.449,45.62651,-797.6481
1322.449,45.62651,-797.6481
1322.449,45.62651,-797.6481
1324.867,45.70716,-798.907
1324.867,45.70716,-798.907
1324.867,45.70716,-798.907
1327.287,45.80071,-800.1723
1327.287,45.80071,-800.1723
1327.287,45.80071,-800.1723
1329.709,45.86664,-801.4285
1329.709,45.86664,-801.4285
1329.709,45.86664,-801.4285
1332.123,45.92005,-802.6887
1332.123,45.92005,-802.6887
1332.123,45.92005,-802.6887
1334.542,45.96958,-803.95
1334.542,45.96958,-803.95
1334.542,45.96958,-803.95
1336.962,46.01545,-805.2106
1336.962,46.01545,-805.2106
1336.962,46.01545,-805.2106
1339.38,46.06417,-806.4689
1339.38,46.06417,-806.4689
1339.38,46.06417,-806.4689
1341.797,46.11465,-807.7231
1341.797,46.11465,-807.7231
1341.797,46.11465,-807.7231
1344.212,46.16921,-808.9741
1344.212,46.16921,-808.9741
1344.212,46.16921,-808.9741
1346.638,46.21961,-810.2296
1346.638,46.21961,-810.2296
1346.638,46.21961,-810.2296
1349.058,46.27189,-811.4819
1349.058,46.27189,-811.4819
1349.058,46.27189,-811.4819
1351.478,46.32033,-812.7339
1351.478,46.32033,-812.7339
1351.478,46.32033,-812.7339
1353.902,46.36595,-813.9856
1353.902,46.36595,-813.9856
1353.902,46.36595,-813.9856
1356.319,46.41171,-815.2327
1356.319,46.41171,-815.2327
1356.319,46.41171,-815.2327
1358.741,46.45846,-816.4808
1358.741,46.45846,-816.4808
1358.741,46.45846,-816.4808
1361.156,46.50728,-817.7234
1361.156,46.50728,-817.7234
1361.156,46.50728,-817.7234
1363.568,46.55681,-818.9605
1363.568,46.55681,-818.9605
1363.568,46.55681,-818.9605
1365.979,46.60484,-820.1971
1365.979,46.60484,-820.1971
1365.979,46.60484,-820.1971
1368.388,46.65299,-821.4312
1368.388,46.65299,-821.4312
1368.388,46.65299,-821.4312
1370.797,46.70062,-822.6635
1370.797,46.70062,-822.6635
1370.797,46.70062,-822.6635
1373.206,46.74966,-823.8932
1373.206,46.74966,-823.8932
1373.206,46.74966,-823.8932
1375.612,46.79807,-825.1194
1375.612,46.79807,-825.1194
1375.612,46.79807,-825.1194
1378.014,46.84358,-826.3424
1378.014,46.84358,-826.3424
1378.014,46.84358,-826.3424
1380.423,46.88691,-827.566
1380.423,46.88691,-827.566
1380.423,46.88691,-827.566
1382.83,46.92624,-828.785
1382.83,46.92624,-828.785
1382.83,46.92624,-828.785
1385.241,46.96243,-830.0028
1385.241,46.96243,-830.0028
1385.241,46.96243,-830.0028
1387.647,46.99431,-831.2155
1387.647,46.99431,-831.2155
1387.647,46.99431,-831.2155
1390.058,47.02338,-832.428
1390.058,47.02338,-832.428
1390.058,47.02338,-832.428
1392.473,47.05185,-833.6398
1392.473,47.05185,-833.6398
1392.473,47.05185,-833.6398
1394.883,47.07894,-834.847
1394.883,47.07894,-834.847
1394.883,47.07894,-834.847
1397.297,47.10779,-836.0545
1397.297,47.10779,-836.0545
1397.297,47.10779,-836.0545
1399.712,47.13563,-837.2586
1399.712,47.13563,-837.2586
1399.712,47.13563,-837.2586
1402.118,47.16495,-838.4586
1402.118,47.16495,-838.4586
1402.118,47.16495,-838.4586
1404.531,47.1942,-839.6596
1404.531,47.1942,-839.6596
1404.531,47.1942,-839.6596
1406.94,47.22089,-840.856
1406.94,47.22089,-840.856
1406.94,47.22089,-840.856
1409.345,47.24749,-842.0488
1409.345,47.24749,-842.0488
1409.345,47.24749,-842.0488
1411.748,47.27064,-843.2372
1411.748,47.27064,-843.2372
1411.748,47.27064,-843.2372
1414.145,47.29259,-844.4199
1414.145,47.29259,-844.4199
1414.145,47.29259,-844.4199
1416.545,47.31261,-845.6026
1416.545,47.31261,-845.6026
1416.545,47.31261,-845.6026
1418.942,47.32869,-846.782
1418.942,47.32869,-846.782
1418.942,47.32869,-846.782
1421.338,47.34203,-847.9587
1421.338,47.34203,-847.9587
1421.338,47.34203,-847.9587
1423.739,47.3582,-849.1316
1423.739,47.3582,-849.1316
1423.739,47.3582,-849.1316
1426.137,47.37431,-850.3038
1426.137,47.37431,-850.3038
1426.137,47.37431,-850.3038
1428.54,47.39107,-851.4737
1428.54,47.39107,-851.4737
1428.54,47.39107,-851.4737
1430.939,47.40614,-852.6428
1430.939,47.40614,-852.6428
1430.939,47.40614,-852.6428
1433.338,47.41639,-853.8098
1433.338,47.41639,-853.8098
1433.338,47.41639,-853.8098
1435.735,47.42141,-854.9747
1435.735,47.42141,-854.9747
1435.735,47.42141,-854.9747
1438.134,47.42352,-856.1389
1438.134,47.42352,-856.1389
1438.134,47.42352,-856.1389
1440.537,47.42646,-857.302
1440.537,47.42646,-857.302
1440.537,47.42646,-857.302
1442.936,47.43237,-858.4621
1442.936,47.43237,-858.4621
1442.936,47.43237,-858.4621
1445.33,47.43887,-859.6177
1445.33,47.43887,-859.6177
1445.33,47.43887,-859.6177
1447.721,47.4462,-860.7713
1447.721,47.4462,-860.7713
1447.721,47.4462,-860.7713
1450.116,47.45202,-861.9226
1450.116,47.45202,-861.9226
1450.116,47.45202,-861.9226
1452.509,47.45636,-863.0706
1452.509,47.45636,-863.0706
1452.509,47.45636,-863.0706
1454.899,47.45953,-864.2129
1454.899,47.45953,-864.2129
1454.899,47.45953,-864.2129
1457.288,47.46458,-865.3539
1457.288,47.46458,-865.3539
1457.288,47.46458,-865.3539
1459.672,47.46995,-866.4905
1459.672,47.46995,-866.4905
1459.672,47.46995,-866.4905
1462.058,47.47405,-867.6272
1462.058,47.47405,-867.6272
1462.058,47.47405,-867.6272
1464.432,47.47977,-868.7581
1464.432,47.47977,-868.7581
1464.432,47.47977,-868.7581
1466.807,47.47599,-869.8865
1466.807,47.47599,-869.8865
1466.807,47.47599,-869.8865
1469.182,47.46689,-871.0138
1469.182,47.46689,-871.0138
1469.182,47.46689,-871.0138
1471.55,47.46029,-872.135
1471.55,47.46029,-872.135
1471.55,47.46029,-872.135
1473.92,47.45073,-873.2573
1473.92,47.45073,-873.2573
1473.92,47.45073,-873.2573
1476.283,47.43923,-874.3734
1476.283,47.43923,-874.3734
1476.283,47.43923,-874.3734
1478.642,47.42685,-875.4851
1478.642,47.42685,-875.4851
1478.642,47.42685,-875.4851
1481.001,47.42477,-876.5934
1481.001,47.42477,-876.5934
1481.001,47.42477,-876.5934
1483.348,47.42592,-877.6953
1483.348,47.42592,-877.6953
1483.348,47.42592,-877.6953
1485.696,47.43611,-878.7965
1485.696,47.43611,-878.7965
1485.696,47.43611,-878.7965
1488.042,47.44804,-879.897
1488.042,47.44804,-879.897
1488.042,47.44804,-879.897
1490.381,47.45675,-880.9934
1490.381,47.45675,-880.9934
1490.381,47.45675,-880.9934
1492.712,47.46804,-882.085
1492.712,47.46804,-882.085
1492.712,47.46804,-882.085
1495.041,47.47876,-883.175
1495.041,47.47876,-883.175
1495.041,47.47876,-883.175
1497.363,47.49161,-884.2612
1497.363,47.49161,-884.2612
1497.363,47.49161,-884.2612
1499.686,47.51405,-885.3464
1499.686,47.51405,-885.3464
1499.686,47.51405,-885.3464
1501.996,47.5321,-886.427
1501.996,47.5321,-886.427
1501.996,47.5321,-886.427
1504.298,47.54396,-887.5023
1504.298,47.54396,-887.5023
1504.298,47.54396,-887.5023
1506.608,47.55386,-888.5793
1506.608,47.55386,-888.5793
1506.608,47.55386,-888.5793
1508.913,47.56552,-889.6524
1508.913,47.56552,-889.6524
1508.913,47.56552,-889.6524
1511.216,47.58029,-890.7229
1511.216,47.58029,-890.7229
1511.216,47.58029,-890.7229
1513.51,47.59751,-891.7874
1513.51,47.59751,-891.7874
1513.51,47.59751,-891.7874
1515.801,47.61124,-892.8485
1515.801,47.61124,-892.8485
1515.801,47.61124,-892.8485
1518.096,47.62399,-893.9096
1518.096,47.62399,-893.9096
1518.096,47.62399,-893.9096
1520.388,47.63313,-894.9665
1520.388,47.63313,-894.9665
1520.388,47.63313,-894.9665
1522.676,47.64596,-896.0191
1522.676,47.64596,-896.0191
1522.676,47.64596,-896.0191
1524.961,47.66736,-897.0705
1524.961,47.66736,-897.0705
1524.961,47.66736,-897.0705
1527.242,47.68706,-898.117
1527.242,47.68706,-898.117
1527.242,47.68706,-898.117
1529.523,47.70517,-899.1623
1529.523,47.70517,-899.1623
1529.523,47.70517,-899.1623
1531.795,47.7202,-900.2017
1531.795,47.7202,-900.2017
1531.795,47.7202,-900.2017
1534.067,47.73131,-901.2401
1534.067,47.73131,-901.2401
1534.067,47.73131,-901.2401
1536.337,47.73818,-902.2742
1536.337,47.73818,-902.2742
1536.337,47.73818,-902.2742
1538.605,47.75082,-903.306
1538.605,47.75082,-903.306
1538.605,47.75082,-903.306
1540.873,47.76928,-904.3349
1540.873,47.76928,-904.3349
1540.873,47.76928,-904.3349
1543.134,47.79346,-905.3584
1543.134,47.79346,-905.3584
1543.134,47.79346,-905.3584
1545.392,47.81679,-906.3787
1545.392,47.81679,-906.3787
1545.392,47.81679,-906.3787
1547.641,47.83343,-907.3939
1547.641,47.83343,-907.3939
1547.641,47.83343,-907.3939
1549.884,47.84794,-908.4067
1549.884,47.84794,-908.4067
1549.884,47.84794,-908.4067
1552.134,47.86034,-909.4203
1552.134,47.86034,-909.4203
1552.134,47.86034,-909.4203
1554.374,47.87274,-910.4252
1554.374,47.87274,-910.4252
1554.374,47.87274,-910.4252
1556.611,47.88768,-911.4271
1556.611,47.88768,-911.4271
1556.611,47.88768,-911.4271
1558.842,47.90468,-912.4266
1558.842,47.90468,-912.4266
1558.842,47.90468,-912.4266
1561.071,47.92615,-913.4263
1561.071,47.92615,-913.4263
1561.071,47.92615,-913.4263
1563.292,47.94997,-914.4261
1563.292,47.94997,-914.4261
1563.292,47.94997,-914.4261
1565.507,47.97397,-915.4256
1565.507,47.97397,-915.4256
1565.507,47.97397,-915.4256
1567.716,47.99707,-916.4241
1567.716,47.99707,-916.4241
1567.716,47.99707,-916.4241
1569.92,48.01985,-917.4222
1569.92,48.01985,-917.4222
1569.92,48.01985,-917.4222
1572.126,48.04377,-918.4232
1572.126,48.04377,-918.4232
1572.126,48.04377,-918.4232
1574.331,48.06802,-919.4263
1574.331,48.06802,-919.4263
1574.331,48.06802,-919.4263
1576.528,48.09301,-920.4289
1576.528,48.09301,-920.4289
1576.528,48.09301,-920.4289
1578.723,48.11923,-921.4312
1578.723,48.11923,-921.4312
1578.723,48.11923,-921.4312
1580.91,48.14314,-922.4315
1580.91,48.14314,-922.4315
1580.91,48.14314,-922.4315
1583.106,48.16606,-923.4386
1583.106,48.16606,-923.4386
1583.106,48.16606,-923.4386
1585.294,48.1891,-924.4438
1585.294,48.1891,-924.4438
1585.294,48.1891,-924.4438
1587.477,48.21155,-925.4494
1587.477,48.21155,-925.4494
1587.477,48.21155,-925.4494
1589.656,48.23639,-926.4574
1589.656,48.23639,-926.4574
1589.656,48.23639,-926.4574
1591.825,48.2626,-927.4666
1591.825,48.2626,-927.4666
1591.825,48.2626,-927.4666
1593.998,48.29025,-928.484
1593.998,48.29025,-928.484
1593.998,48.29025,-928.484
1596.156,48.31939,-929.5025
1596.156,48.31939,-929.5025
1596.156,48.31939,-929.5025
1598.309,48.34906,-930.5255
1598.309,48.34906,-930.5255
1598.309,48.34906,-930.5255
1600.456,48.37802,-931.5523
1600.456,48.37802,-931.5523
1600.456,48.37802,-931.5523
1602.594,48.40548,-932.5808
1602.594,48.40548,-932.5808
1602.594,48.40548,-932.5808
1604.728,48.43406,-933.6148
1604.728,48.43406,-933.6148
1604.728,48.43406,-933.6148
1606.851,48.46143,-934.6535
1606.851,48.46143,-934.6535
1606.851,48.46143,-934.6535
1608.968,48.49195,-935.6991
1608.968,48.49195,-935.6991
1608.968,48.49195,-935.6991
1611.079,48.52624,-936.747
1611.079,48.52624,-936.747
1611.079,48.52624,-936.747
1613.177,48.56114,-937.7953
1613.177,48.56114,-937.7953
1613.177,48.56114,-937.7953
1615.276,48.59697,-938.8488
1615.276,48.59697,-938.8488
1615.276,48.59697,-938.8488
1617.365,48.63325,-939.9034
1617.365,48.63325,-939.9034
1617.365,48.63325,-939.9034
1619.446,48.67009,-940.9606
1619.446,48.67009,-940.9606
1619.446,48.67009,-940.9606
1621.514,48.70767,-942.0174
1621.514,48.70767,-942.0174
1621.514,48.70767,-942.0174
1623.582,48.74551,-943.0798
1623.582,48.74551,-943.0798
1623.582,48.74551,-943.0798
1625.639,48.78112,-944.1387
1625.639,48.78112,-944.1387
1625.639,48.78112,-944.1387
1627.692,48.81364,-945.1948
1627.692,48.81364,-945.1948
1627.692,48.81364,-945.1948
1629.739,48.84336,-946.2493
1629.739,48.84336,-946.2493
1629.739,48.84336,-946.2493
1631.78,48.87178,-947.302
1631.78,48.87178,-947.302
1631.78,48.87178,-947.302
1633.819,48.89792,-948.3574
1633.819,48.89792,-948.3574
1633.819,48.89792,-948.3574
1635.848,48.92252,-949.4093
1635.848,48.92252,-949.4093
1635.848,48.92252,-949.4093
1637.876,48.94713,-950.4616
1637.876,48.94713,-950.4616
1637.876,48.94713,-950.4616
1639.898,48.97459,-951.509
1639.898,48.97459,-951.509
1639.898,48.97459,-951.509
1641.905,49.00261,-952.5509
1641.905,49.00261,-952.5509
1641.905,49.00261,-952.5509
1643.92,49.03083,-953.5981
1643.92,49.03083,-953.5981
1643.92,49.03083,-953.5981
1645.927,49.06123,-954.6358
1645.927,49.06123,-954.6358
1645.927,49.06123,-954.6358
1647.929,49.09362,-955.6718
1647.929,49.09362,-955.6718
1647.929,49.09362,-955.6718
1649.931,49.1307,-956.7025
1649.931,49.1307,-956.7025
1649.931,49.1307,-956.7025
1651.926,49.17785,-957.7232
1651.926,49.17785,-957.7232
1651.926,49.17785,-957.7232
1653.922,49.22771,-958.7392
1653.922,49.22771,-958.7392
1653.922,49.22771,-958.7392
1655.907,49.27404,-959.7429
1655.907,49.27404,-959.7429
1655.907,49.27404,-959.7429
1657.888,49.31059,-960.7445
1657.888,49.31059,-960.7445
1657.888,49.31059,-960.7445
1659.868,49.33671,-961.7407
1659.868,49.33671,-961.7407
1659.868,49.33671,-961.7407
1661.857,49.36368,-962.7322
1661.857,49.36368,-962.7322
1661.857,49.36368,-962.7322
1663.845,49.39845,-963.7141
1663.845,49.39845,-963.7141
1663.845,49.39845,-963.7141
1665.835,49.43882,-964.6864
1665.835,49.43882,-964.6864
1665.835,49.43882,-964.6864
1667.828,49.48118,-965.652
1667.828,49.48118,-965.652
1667.828,49.48118,-965.652
1669.813,49.52421,-966.61
1669.813,49.52421,-966.61
1669.813,49.52421,-966.61
1671.797,49.56456,-967.5649
1671.797,49.56456,-967.5649
1671.797,49.56456,-967.5649
1673.786,49.60599,-968.517
1673.786,49.60599,-968.517
1673.786,49.60599,-968.517
1675.782,49.6513,-969.4644
1675.782,49.6513,-969.4644
1675.782,49.6513,-969.4644
1677.761,49.69653,-970.3985
1677.761,49.69653,-970.3985
1677.761,49.69653,-970.3985
1679.74,49.74,-971.3312
1679.74,49.74,-971.3312
1679.74,49.74,-971.3312
1681.723,49.78185,-972.2641
1681.723,49.78185,-972.2641
1681.723,49.78185,-972.2641
1683.703,49.82334,-973.1964
1683.703,49.82334,-973.1964
1683.703,49.82334,-973.1964
1685.682,49.86559,-974.1288
1685.682,49.86559,-974.1288
1685.682,49.86559,-974.1288
1687.655,49.90905,-975.0597
1687.655,49.90905,-975.0597
1687.655,49.90905,-975.0597
1689.621,49.95262,-975.9855
1689.621,49.95262,-975.9855
1689.621,49.95262,-975.9855
1691.585,49.99582,-976.9105
1691.585,49.99582,-976.9105
1691.585,49.99582,-976.9105
1693.546,50.03776,-977.8338
1693.546,50.03776,-977.8338
1693.546,50.03776,-977.8338
1695.506,50.07832,-978.7577
1695.506,50.07832,-978.7577
1695.506,50.07832,-978.7577
1697.46,50.12017,-979.6789
1697.46,50.12017,-979.6789
1697.46,50.12017,-979.6789
1699.416,50.16515,-980.5994
1699.416,50.16515,-980.5994
1699.416,50.16515,-980.5994
1701.378,50.21139,-981.5203
1701.378,50.21139,-981.5203
1701.378,50.21139,-981.5203
1703.321,50.25832,-982.4311
1703.321,50.25832,-982.4311
1703.321,50.25832,-982.4311
1705.258,50.30572,-983.3354
1705.258,50.30572,-983.3354
1705.258,50.30572,-983.3354
1707.206,50.35512,-984.2435
1707.206,50.35512,-984.2435
1707.206,50.35512,-984.2435
1709.144,50.40598,-985.1451
1709.144,50.40598,-985.1451
1709.144,50.40598,-985.1451
1711.078,50.45685,-986.0442
1711.078,50.45685,-986.0442
1711.078,50.45685,-986.0442
1713.011,50.50409,-986.939
1713.011,50.50409,-986.939
1713.011,50.50409,-986.939
1714.95,50.54622,-987.8314
1714.95,50.54622,-987.8314
1714.95,50.54622,-987.8314
1716.881,50.58931,-988.7143
1716.881,50.58931,-988.7143
1716.881,50.58931,-988.7143
1718.815,50.63886,-989.5928
1718.815,50.63886,-989.5928
1718.815,50.63886,-989.5928
1720.748,50.69222,-990.4667
1720.748,50.69222,-990.4667
1720.748,50.69222,-990.4667
1722.678,50.74708,-991.3366
1722.678,50.74708,-991.3366
1722.678,50.74708,-991.3366
1724.608,50.80392,-992.2037
1724.608,50.80392,-992.2037
1724.608,50.80392,-992.2037
1726.528,50.85882,-993.0631
1726.528,50.85882,-993.0631
1726.528,50.85882,-993.0631
1728.444,50.91307,-993.9181
1728.444,50.91307,-993.9181
1728.444,50.91307,-993.9181
1730.369,50.96953,-994.7738
1730.369,50.96953,-994.7738
1730.369,50.96953,-994.7738
1732.261,51.02122,-995.6156
1732.261,51.02122,-995.6156
1732.261,51.02122,-995.6156
1734.159,51.0717,-996.4578
1734.159,51.0717,-996.4578
1734.159,51.0717,-996.4578
1736.038,51.12203,-997.293
1736.038,51.12203,-997.293
1736.038,51.12203,-997.293
1737.915,51.1702,-998.1264
1737.915,51.1702,-998.1264
1737.915,51.1702,-998.1264
1739.776,51.21849,-998.9527
1739.776,51.21849,-998.9527
1739.776,51.21849,-998.9527
1741.629,51.2688,-999.7741
1741.629,51.2688,-999.7741
1741.629,51.2688,-999.7741
1743.475,51.32253,-1000.59
1743.475,51.32253,-1000.59
1743.475,51.32253,-1000.59
1745.308,51.37573,-1001.398
1745.308,51.37573,-1001.398
1745.308,51.37573,-1001.398
1747.151,51.44766,-1002.199
1747.151,51.44766,-1002.199
1747.151,51.44766,-1002.199
1748.971,51.50814,-1002.99
1748.971,51.50814,-1002.99
1748.971,51.50814,-1002.99
1750.784,51.55995,-1003.788
1750.784,51.55995,-1003.788
1750.784,51.55995,-1003.788
1752.592,51.60635,-1004.589
1752.592,51.60635,-1004.589
1752.592,51.60635,-1004.589
1754.388,51.65386,-1005.375
1754.388,51.65386,-1005.375
1754.388,51.65386,-1005.375
1756.187,51.70578,-1006.165
1756.187,51.70578,-1006.165
1756.187,51.70578,-1006.165
1757.974,51.76265,-1006.957
1757.974,51.76265,-1006.957
1757.974,51.76265,-1006.957
1759.751,51.82311,-1007.751
1759.751,51.82311,-1007.751
1759.751,51.82311,-1007.751
1761.513,51.88342,-1008.544
1761.513,51.88342,-1008.544
1761.513,51.88342,-1008.544
1763.261,51.95285,-1009.335
1763.261,51.95285,-1009.335
1763.261,51.95285,-1009.335
1764.998,52.01045,-1010.123
1764.998,52.01045,-1010.123
1764.998,52.01045,-1010.123
1766.72,52.07058,-1010.909
1766.72,52.07058,-1010.909
1766.72,52.07058,-1010.909
1768.424,52.12901,-1011.69
1768.424,52.12901,-1011.69
1768.424,52.12901,-1011.69
1770.113,52.18615,-1012.467
1770.113,52.18615,-1012.467
1770.113,52.18615,-1012.467
1771.786,52.24293,-1013.242
1771.786,52.24293,-1013.242
1771.786,52.24293,-1013.242
1773.447,52.30027,-1014.014
1773.447,52.30027,-1014.014
1773.447,52.30027,-1014.014
1775.097,52.35761,-1014.785
1775.097,52.35761,-1014.785
1775.097,52.35761,-1014.785
1776.731,52.4143,-1015.552
1776.731,52.4143,-1015.552
1776.731,52.4143,-1015.552
1778.35,52.47129,-1016.316
1778.35,52.47129,-1016.316
1778.35,52.47129,-1016.316
1779.954,52.52858,-1017.08
1779.954,52.52858,-1017.08
1779.954,52.52858,-1017.08
1781.539,52.58609,-1017.84
1781.539,52.58609,-1017.84
1781.539,52.58609,-1017.84
1783.104,52.64253,-1018.596
1783.104,52.64253,-1018.596
1783.104,52.64253,-1018.596
1784.649,52.69797,-1019.347
1784.649,52.69797,-1019.347
1784.649,52.69797,-1019.347
1786.178,52.75441,-1020.097
1786.178,52.75441,-1020.097
1786.178,52.75441,-1020.097
1787.688,52.81142,-1020.85
1787.688,52.81142,-1020.85
1787.688,52.81142,-1020.85
1789.178,52.87006,-1021.604
1789.178,52.87006,-1021.604
1789.178,52.87006,-1021.604
1790.644,52.92871,-1022.359
1790.644,52.92871,-1022.359
1790.644,52.92871,-1022.359
1792.093,52.98756,-1023.119
1792.093,52.98756,-1023.119
1792.093,52.98756,-1023.119
1793.508,53.04491,-1023.881
1793.508,53.04491,-1023.881
1793.508,53.04491,-1023.881
1794.918,53.10413,-1024.665
1794.918,53.10413,-1024.665
1794.918,53.10413,-1024.665
1796.305,53.16251,-1025.467
1796.305,53.16251,-1025.467
1796.305,53.16251,-1025.467
1797.645,53.22561,-1026.269
1797.645,53.22561,-1026.269
1797.645,53.22561,-1026.269
1798.986,53.2864,-1027.105
1798.986,53.2864,-1027.105
1798.986,53.2864,-1027.105
1800.303,53.34948,-1027.957
1800.303,53.34948,-1027.957
1800.303,53.34948,-1027.957
1801.573,53.4186,-1028.814
1801.573,53.4186,-1028.814
1801.573,53.4186,-1028.814
1802.849,53.48746,-1029.705
1802.849,53.48746,-1029.705
1802.849,53.48746,-1029.705
1804.07,53.55687,-1030.593
1804.07,53.55687,-1030.593
1804.07,53.55687,-1030.593
1805.302,53.62778,-1031.525
1805.302,53.62778,-1031.525
1805.302,53.62778,-1031.525
1806.512,53.70201,-1032.479
1806.512,53.70201,-1032.479
1806.512,53.70201,-1032.479
1807.659,53.78134,-1033.436
1807.659,53.78134,-1033.436
1807.659,53.78134,-1033.436
1808.823,53.86369,-1034.439
1808.823,53.86369,-1034.439
1808.823,53.86369,-1034.439
1809.965,53.94892,-1035.467
1809.965,53.94892,-1035.467
1809.965,53.94892,-1035.467
1811.032,54.03157,-1036.486
1811.032,54.03157,-1036.486
1811.032,54.03157,-1036.486
1812.12,54.11921,-1037.563
1812.12,54.11921,-1037.563
1812.12,54.11921,-1037.563
1813.127,54.2074,-1038.631
1813.127,54.2074,-1038.631
1813.127,54.2074,-1038.631
1814.163,54.29748,-1039.764
1814.163,54.29748,-1039.764
1814.163,54.29748,-1039.764
1815.169,54.39358,-1040.921
1815.169,54.39358,-1040.921
1815.169,54.39358,-1040.921
1816.083,54.49432,-1042.062
1816.083,54.49432,-1042.062
1816.083,54.49432,-1042.062
1817.025,54.5985,-1043.266
1817.025,54.5985,-1043.266
1817.025,54.5985,-1043.266
1817.931,54.70465,-1044.484
1817.931,54.70465,-1044.484
1817.931,54.70465,-1044.484
1818.744,54.81008,-1045.693
1818.744,54.81008,-1045.693
1818.744,54.81008,-1045.693
1819.586,54.91601,-1046.959
1819.586,54.91601,-1046.959
1819.586,54.91601,-1046.959
1820.326,55.02254,-1048.207
1820.326,55.02254,-1048.207
1820.326,55.02254,-1048.207
1821.1,55.13095,-1049.517
1821.1,55.13095,-1049.517
1821.1,55.13095,-1049.517
1821.838,55.24358,-1050.848
1821.838,55.24358,-1050.848
1821.838,55.24358,-1050.848
1822.465,55.35588,-1052.152
1822.465,55.35588,-1052.152
1822.465,55.35588,-1052.152
1823.124,55.47132,-1053.518
1823.124,55.47132,-1053.518
1823.124,55.47132,-1053.518
1823.739,55.58596,-1054.897
1823.739,55.58596,-1054.897
1823.739,55.58596,-1054.897
1824.255,55.70364,-1056.26
1824.255,55.70364,-1056.26
1824.255,55.70364,-1056.26
1824.795,55.82355,-1057.672
1824.795,55.82355,-1057.672
1824.795,55.82355,-1057.672
1825.228,55.9407,-1059.056
1825.228,55.9407,-1059.056
1825.228,55.9407,-1059.056
1825.688,56.06658,-1060.491
1825.688,56.06658,-1060.491
1825.688,56.06658,-1060.491
1826.105,56.19032,-1061.934
1826.105,56.19032,-1061.934
1826.105,56.19032,-1061.934
1826.418,56.31631,-1063.357
1826.418,56.31631,-1063.357
1826.418,56.31631,-1063.357
1826.758,56.44401,-1064.825
1826.758,56.44401,-1064.825
1826.758,56.44401,-1064.825
1827.054,56.57325,-1066.3
1827.054,56.57325,-1066.3
1827.054,56.57325,-1066.3
1827.248,56.70276,-1067.744
1827.248,56.70276,-1067.744
1827.248,56.70276,-1067.744
1827.464,56.83518,-1069.23
1827.464,56.83518,-1069.23
1827.464,56.83518,-1069.23
1827.64,56.9688,-1070.726
1827.64,56.9688,-1070.726
1827.64,56.9688,-1070.726
1827.717,57.09951,-1072.185
1827.717,57.09951,-1072.185
1827.717,57.09951,-1072.185
1827.812,57.23215,-1073.687
1827.812,57.23215,-1073.687
1827.812,57.23215,-1073.687
1827.812,57.3658,-1075.152
1827.812,57.3658,-1075.152
1827.812,57.3658,-1075.152
1827.83,57.49929,-1076.658
1827.83,57.49929,-1076.658
1827.83,57.49929,-1076.658
1827.812,57.63595,-1078.165
1827.812,57.63595,-1078.165
1827.812,57.63595,-1078.165
1827.696,57.76981,-1079.636
1827.696,57.76981,-1079.636
1827.696,57.76981,-1079.636
1827.601,57.90771,-1081.139
1827.601,57.90771,-1081.139
1827.601,57.90771,-1081.139
1827.468,58.04396,-1082.643
1827.468,58.04396,-1082.643
1827.468,58.04396,-1082.643
1827.234,58.17193,-1084.111
1827.234,58.17193,-1084.111
1827.234,58.17193,-1084.111
1827.023,58.3023,-1085.615
1827.023,58.3023,-1085.615
1827.023,58.3023,-1085.615
1826.704,58.43592,-1087.072
1826.704,58.43592,-1087.072
1826.704,58.43592,-1087.072
1826.41,58.56608,-1088.569
1826.41,58.56608,-1088.569
1826.41,58.56608,-1088.569
1826.076,58.70315,-1090.056
1826.076,58.70315,-1090.056
1826.076,58.70315,-1090.056
1825.633,58.83384,-1091.489
1825.633,58.83384,-1091.489
1825.633,58.83384,-1091.489
1825.214,58.96963,-1092.954
1825.214,58.96963,-1092.954
1825.214,58.96963,-1092.954
1824.755,59.10201,-1094.41
1824.755,59.10201,-1094.41
1824.755,59.10201,-1094.41
1824.183,59.2354,-1095.811
1824.183,59.2354,-1095.811
1824.183,59.2354,-1095.811
1823.643,59.3685,-1097.24
1823.643,59.3685,-1097.24
1823.643,59.3685,-1097.24
1823.06,59.49507,-1098.648
1823.06,59.49507,-1098.648
1823.06,59.49507,-1098.648
1822.357,59.60684,-1099.995
1822.357,59.60684,-1099.995
1822.357,59.60684,-1099.995
1821.684,59.72051,-1101.364
1821.684,59.72051,-1101.364
1821.684,59.72051,-1101.364
1820.889,59.84234,-1102.66
1820.889,59.84234,-1102.66
1820.889,59.84234,-1102.66
1820.139,59.94356,-1103.994
1820.139,59.94356,-1103.994
1820.139,59.94356,-1103.994
1819.352,60.05208,-1105.305
1819.352,60.05208,-1105.305
1819.352,60.05208,-1105.305
1818.45,60.15961,-1106.542
1818.45,60.15961,-1106.542
1818.45,60.15961,-1106.542
1817.589,60.27091,-1107.799
1817.589,60.27091,-1107.799
1817.589,60.27091,-1107.799
1816.694,60.38345,-1109.029
1816.694,60.38345,-1109.029
1816.694,60.38345,-1109.029
1815.685,60.49128,-1110.182
1815.685,60.49128,-1110.182
1815.685,60.49128,-1110.182
1814.723,60.60227,-1111.351
1814.723,60.60227,-1111.351
1814.723,60.60227,-1111.351
1813.646,60.71216,-1112.443
1813.646,60.71216,-1112.443
1813.646,60.71216,-1112.443
1812.614,60.82078,-1113.551
1812.614,60.82078,-1113.551
1812.614,60.82078,-1113.551
1811.551,60.93013,-1114.626
1811.551,60.93013,-1114.626
1811.551,60.93013,-1114.626
1810.378,61.03586,-1115.622
1810.378,61.03586,-1115.622
1810.378,61.03586,-1115.622
1809.249,61.14424,-1116.631
1809.249,61.14424,-1116.631
1809.249,61.14424,-1116.631
1808.088,61.24884,-1117.606
1808.088,61.24884,-1117.606
1808.088,61.24884,-1117.606
1806.825,61.34899,-1118.505
1806.825,61.34899,-1118.505
1806.825,61.34899,-1118.505
1805.603,61.44839,-1119.412
1805.603,61.44839,-1119.412
1805.603,61.44839,-1119.412
1804.284,61.54684,-1120.246
1804.284,61.54684,-1120.246
1804.284,61.54684,-1120.246
1803.008,61.64582,-1121.087
1803.008,61.64582,-1121.087
1803.008,61.64582,-1121.087
1801.706,61.74346,-1121.892
1801.706,61.74346,-1121.892
1801.706,61.74346,-1121.892
1800.315,61.83906,-1122.623
1800.315,61.83906,-1122.623
1800.315,61.83906,-1122.623
1798.96,61.93421,-1123.358
1798.96,61.93421,-1123.358
1798.96,61.93421,-1123.358
1797.579,62.0292,-1124.058
1797.579,62.0292,-1124.058
1797.579,62.0292,-1124.058
1796.124,62.11734,-1124.692
1796.124,62.11734,-1124.692
1796.124,62.11734,-1124.692
1794.701,62.20732,-1125.325
1794.701,62.20732,-1125.325
1794.701,62.20732,-1125.325
1793.253,62.29534,-1125.928
1793.253,62.29534,-1125.928
1793.253,62.29534,-1125.928
1791.742,62.38523,-1126.471
1791.742,62.38523,-1126.471
1791.742,62.38523,-1126.471
1790.258,62.47435,-1127.004
1790.258,62.47435,-1127.004
1790.258,62.47435,-1127.004
1788.716,62.5609,-1127.485
1788.716,62.5609,-1127.485
1788.716,62.5609,-1127.485
1787.194,62.64482,-1127.955
1787.194,62.64482,-1127.955
1787.194,62.64482,-1127.955
1785.654,62.72812,-1128.395
1785.654,62.72812,-1128.395
1785.654,62.72812,-1128.395
1784.075,62.80871,-1128.793
1784.075,62.80871,-1128.793
1784.075,62.80871,-1128.793
1782.506,62.89076,-1129.18
1782.506,62.89076,-1129.18
1782.506,62.89076,-1129.18
1780.922,62.97071,-1129.541
1780.922,62.97071,-1129.541
1780.922,62.97071,-1129.541
1779.311,63.04728,-1129.873
1779.311,63.04728,-1129.873
1779.311,63.04728,-1129.873
1777.702,63.12234,-1130.193
1777.702,63.12234,-1130.193
1777.702,63.12234,-1130.193
1776.082,63.19501,-1130.494
1776.082,63.19501,-1130.494
1776.082,63.19501,-1130.494
1774.439,63.26738,-1130.771
1774.439,63.26738,-1130.771
1774.439,63.26738,-1130.771
1772.797,63.33921,-1131.038
1772.797,63.33921,-1131.038
1772.797,63.33921,-1131.038
1771.135,63.41172,-1131.284
1771.135,63.41172,-1131.284
1771.135,63.41172,-1131.284
1769.479,63.48361,-1131.517
1769.479,63.48361,-1131.517
1769.479,63.48361,-1131.517
1767.796,63.55799,-1131.74
1767.796,63.55799,-1131.74
1767.796,63.55799,-1131.74
1766.113,63.63222,-1131.949
1766.113,63.63222,-1131.949
1766.113,63.63222,-1131.949
1764.428,63.70596,-1132.152
1764.428,63.70596,-1132.152
1764.428,63.70596,-1132.152
1762.736,63.77872,-1132.348
1762.736,63.77872,-1132.348
1762.736,63.77872,-1132.348
1761.046,63.85109,-1132.534
1761.046,63.85109,-1132.534
1761.046,63.85109,-1132.534
1759.353,63.9228,-1132.713
1759.353,63.9228,-1132.713
1759.353,63.9228,-1132.713
1757.655,63.99476,-1132.885
1757.655,63.99476,-1132.885
1757.655,63.99476,-1132.885
1755.959,64.06682,-1133.051
1755.959,64.06682,-1133.051
1755.959,64.06682,-1133.051
1754.261,64.13795,-1133.21
1754.261,64.13795,-1133.21
1754.261,64.13795,-1133.21
1752.565,64.20815,-1133.366
1752.565,64.20815,-1133.366
1752.565,64.20815,-1133.366
1750.863,64.27888,-1133.519
1750.863,64.27888,-1133.519
1750.863,64.27888,-1133.519
1749.163,64.34811,-1133.669
1749.163,64.34811,-1133.669
1749.163,64.34811,-1133.669
1747.458,64.41721,-1133.818
1747.458,64.41721,-1133.818
1747.458,64.41721,-1133.818
1745.755,64.48641,-1133.964
1745.755,64.48641,-1133.964
1745.755,64.48641,-1133.964
1744.051,64.55659,-1134.108
1744.051,64.55659,-1134.108
1744.051,64.55659,-1134.108
1742.342,64.62863,-1134.251
1742.342,64.62863,-1134.251
1742.342,64.62863,-1134.251
1740.635,64.70178,-1134.391
1740.635,64.70178,-1134.391
1740.635,64.70178,-1134.391
1738.929,64.77564,-1134.53
1738.929,64.77564,-1134.53
1738.929,64.77564,-1134.53
1737.22,64.8495,-1134.667
1737.22,64.8495,-1134.667
1737.22,64.8495,-1134.667
1735.516,64.92197,-1134.802
1735.516,64.92197,-1134.802
1735.516,64.92197,-1134.802
1733.81,64.9947,-1134.934
1733.81,64.9947,-1134.934
1733.81,64.9947,-1134.934
1732.115,65.06585,-1135.064
1732.115,65.06585,-1135.064
1732.115,65.06585,-1135.064
1730.426,65.13665,-1135.192
1730.426,65.13665,-1135.192
1730.426,65.13665,-1135.192
1728.748,65.20511,-1135.319
1728.748,65.20511,-1135.319
1728.748,65.20511,-1135.319
1727.075,65.27167,-1135.441
1727.075,65.27167,-1135.441
1727.075,65.27167,-1135.441
1725.404,65.33481,-1135.561
1725.404,65.33481,-1135.561
1725.404,65.33481,-1135.561
1723.74,65.39481,-1135.676
1723.74,65.39481,-1135.676
1723.74,65.39481,-1135.676
1722.082,65.45266,-1135.788
1722.082,65.45266,-1135.788
1722.082,65.45266,-1135.788
1720.432,65.5124,-1135.894
1720.432,65.5124,-1135.894
1720.432,65.5124,-1135.894
1718.787,65.5695,-1135.995
1718.787,65.5695,-1135.995
1718.787,65.5695,-1135.995
1717.161,65.62471,-1136.086
1717.161,65.62471,-1136.086
1717.161,65.62471,-1136.086
1715.535,65.67949,-1136.161
1715.535,65.67949,-1136.161
1715.535,65.67949,-1136.161
1713.931,65.73199,-1136.225
1713.931,65.73199,-1136.225
1713.931,65.73199,-1136.225
1712.341,65.78231,-1136.271
1712.341,65.78231,-1136.271
1712.341,65.78231,-1136.271
1710.746,65.8327,-1136.295
1710.746,65.8327,-1136.295
1710.746,65.8327,-1136.295
1709.184,65.88013,-1136.308
1709.184,65.88013,-1136.308
1709.184,65.88013,-1136.308
1707.613,65.92724,-1136.285
1707.613,65.92724,-1136.285
1707.613,65.92724,-1136.285
1706.078,65.97128,-1136.253
1706.078,65.97128,-1136.253
1706.078,65.97128,-1136.253
1704.565,66.0123,-1136.194
1704.565,66.0123,-1136.194
1704.565,66.0123,-1136.194
1703.031,66.04779,-1136.085
1703.031,66.04779,-1136.085
1703.031,66.04779,-1136.085
1701.548,66.08116,-1135.967
1701.548,66.08116,-1135.967
1701.548,66.08116,-1135.967
1700.082,66.11041,-1135.821
1700.082,66.11041,-1135.821
1700.082,66.11041,-1135.821
1698.586,66.13649,-1135.613
1698.586,66.13649,-1135.613
1698.586,66.13649,-1135.613
1697.155,66.16215,-1135.401
1697.155,66.16215,-1135.401
1697.155,66.16215,-1135.401
1695.669,66.18653,-1135.102
1695.669,66.18653,-1135.102
1695.669,66.18653,-1135.102
1694.241,66.21043,-1134.791
1694.241,66.21043,-1134.791
1694.241,66.21043,-1134.791
1692.835,66.21801,-1134.472
1692.835,66.21801,-1134.472
1692.835,66.21801,-1134.472
1691.371,66.2073,-1134.067
1691.371,66.2073,-1134.067
1691.371,66.2073,-1134.067
1689.991,66.19591,-1133.671
1689.991,66.19591,-1133.671
1689.991,66.19591,-1133.671
1688.621,66.17116,-1133.232
1688.621,66.17116,-1133.232
1688.621,66.17116,-1133.232
1687.197,66.14385,-1132.693
1687.197,66.14385,-1132.693
1687.197,66.14385,-1132.693
1685.87,66.09641,-1132.171
1685.87,66.09641,-1132.171
1685.87,66.09641,-1132.171
1684.476,66.06232,-1131.541
1684.476,66.06232,-1131.541
1684.476,66.06232,-1131.541
1683.2,66.01776,-1130.935
1683.2,66.01776,-1130.935
1683.2,66.01776,-1130.935
1681.961,65.98452,-1130.284
1681.961,65.98452,-1130.284
1681.961,65.98452,-1130.284
1680.643,65.94241,-1129.52
1680.643,65.94241,-1129.52
1680.643,65.94241,-1129.52
1679.457,65.90758,-1128.777
1679.457,65.90758,-1128.777
1679.457,65.90758,-1128.777
1678.306,65.87101,-1127.996
1678.306,65.87101,-1127.996
1678.306,65.87101,-1127.996
1677.079,65.82757,-1127.102
1677.079,65.82757,-1127.102
1677.079,65.82757,-1127.102
1675.989,65.78896,-1126.24
1675.989,65.78896,-1126.24
1675.989,65.78896,-1126.24
1674.826,65.74585,-1125.267
1674.826,65.74585,-1125.267
1674.826,65.74585,-1125.267
1673.811,65.70668,-1124.329
1673.811,65.70668,-1124.329
1673.811,65.70668,-1124.329
1672.831,65.6632,-1123.355
1672.831,65.6632,-1123.355
1672.831,65.6632,-1123.355
1671.787,65.61313,-1122.274
1671.787,65.61313,-1122.274
1671.787,65.61313,-1122.274
1670.884,65.56276,-1121.227
1670.884,65.56276,-1121.227
1670.884,65.56276,-1121.227
1670.025,65.50954,-1120.149
1670.025,65.50954,-1120.149
1670.025,65.50954,-1120.149
1669.099,65.44746,-1118.972
1669.099,65.44746,-1118.972
1669.099,65.44746,-1118.972
1668.319,65.38886,-1117.831
1668.319,65.38886,-1117.831
1668.319,65.38886,-1117.831
1667.481,65.32217,-1116.599
1667.481,65.32217,-1116.599
1667.481,65.32217,-1116.599
1666.783,65.25392,-1115.408
1666.783,65.25392,-1115.408
1666.783,65.25392,-1115.408
1666.116,65.18499,-1114.183
1666.116,65.18499,-1114.183
1666.116,65.18499,-1114.183
1665.409,65.10462,-1112.881
1665.409,65.10462,-1112.881
1665.409,65.10462,-1112.881
1664.817,65.03254,-1111.609
1664.817,65.03254,-1111.609
1664.817,65.03254,-1111.609
1664.267,64.95835,-1110.32
1664.267,64.95835,-1110.32
1664.267,64.95835,-1110.32
1663.679,64.87654,-1108.96
1663.679,64.87654,-1108.96
1663.679,64.87654,-1108.96
1663.209,64.79507,-1107.637
1663.209,64.79507,-1107.637
1663.209,64.79507,-1107.637
1662.781,64.71287,-1106.297
1662.781,64.71287,-1106.297
1662.781,64.71287,-1106.297
1662.301,64.62431,-1104.878
1662.301,64.62431,-1104.878
1662.301,64.62431,-1104.878
1661.958,64.538,-1103.507
1661.958,64.538,-1103.507
1661.958,64.538,-1103.507
1661.562,64.46915,-1102.062
1661.562,64.46915,-1102.062
1661.562,64.46915,-1102.062
1661.319,64.3632,-1100.685
1661.319,64.3632,-1100.685
1661.319,64.3632,-1100.685
1661.115,64.26554,-1099.284
1661.115,64.26554,-1099.284
1661.115,64.26554,-1099.284
1660.875,64.14444,-1097.802
1660.875,64.14444,-1097.802
1660.875,64.14444,-1097.802
1660.772,64.05174,-1096.37
1660.772,64.05174,-1096.37
1660.772,64.05174,-1096.37
1660.724,63.95351,-1094.939
1660.724,63.95351,-1094.939
1660.724,63.95351,-1094.939
1660.624,63.86049,-1093.444
1660.624,63.86049,-1093.444
1660.624,63.86049,-1093.444
1660.666,63.75655,-1092.014
1660.666,63.75655,-1092.014
1660.666,63.75655,-1092.014
1660.665,63.65347,-1090.516
1660.665,63.65347,-1090.516
1660.665,63.65347,-1090.516
1660.808,63.53899,-1089.081
1660.808,63.53899,-1089.081
1660.808,63.53899,-1089.081
1660.998,63.42386,-1087.649
1660.998,63.42386,-1087.649
1660.998,63.42386,-1087.649
1661.14,63.30548,-1086.159
1661.14,63.30548,-1086.159
1661.14,63.30548,-1086.159
1661.423,63.18844,-1084.736
1661.423,63.18844,-1084.736
1661.423,63.18844,-1084.736
1661.752,63.07257,-1083.312
1661.752,63.07257,-1083.312
1661.752,63.07257,-1083.312
1662.049,62.95694,-1081.841
1662.049,62.95694,-1081.841
1662.049,62.95694,-1081.841
1662.469,62.84239,-1080.424
1662.469,62.84239,-1080.424
1662.469,62.84239,-1080.424
1662.869,62.72406,-1078.968
1662.869,62.72406,-1078.968
1662.869,62.72406,-1078.968
1663.374,62.61487,-1077.556
1663.374,62.61487,-1077.556
1663.374,62.61487,-1077.556
1663.914,62.50419,-1076.148
1663.914,62.50419,-1076.148
1663.914,62.50419,-1076.148
1664.445,62.39675,-1074.719
1664.445,62.39675,-1074.719
1664.445,62.39675,-1074.719
1665.055,62.28661,-1073.325
1665.055,62.28661,-1073.325
1665.055,62.28661,-1073.325
1665.691,62.17659,-1071.933
1665.691,62.17659,-1071.933
1665.691,62.17659,-1071.933
1666.334,62.06217,-1070.534
1666.334,62.06217,-1070.534
1666.334,62.06217,-1070.534
1667.04,61.9526,-1069.131
1667.04,61.9526,-1069.131
1667.04,61.9526,-1069.131
1667.748,61.84362,-1067.757
1667.748,61.84362,-1067.757
1667.748,61.84362,-1067.757
1668.471,61.73872,-1066.365
1668.471,61.73872,-1066.365
1668.471,61.73872,-1066.365
1669.233,61.6328,-1064.989
1669.233,61.6328,-1064.989
1669.233,61.6328,-1064.989
1670.011,61.52604,-1063.611
1670.011,61.52604,-1063.611
1670.011,61.52604,-1063.611
1670.82,61.41849,-1062.227
1670.82,61.41849,-1062.227
1670.82,61.41849,-1062.227
1671.64,61.31031,-1060.84
1671.64,61.31031,-1060.84
1671.64,61.31031,-1060.84
1672.455,61.20477,-1059.464
1672.455,61.20477,-1059.464
1672.455,61.20477,-1059.464
1673.289,61.0989,-1058.082
1673.289,61.0989,-1058.082
1673.289,61.0989,-1058.082
1674.135,60.99427,-1056.683
1674.135,60.99427,-1056.683
1674.135,60.99427,-1056.683
1674.989,60.89092,-1055.278
1674.989,60.89092,-1055.278
1674.989,60.89092,-1055.278
1675.853,60.79,-1053.86
1675.853,60.79,-1053.86
1675.853,60.79,-1053.86
1676.716,60.69111,-1052.451
1676.716,60.69111,-1052.451
1676.716,60.69111,-1052.451
1677.591,60.59208,-1051.033
1677.591,60.59208,-1051.033
1677.591,60.59208,-1051.033
1678.473,60.49193,-1049.604
1678.473,60.49193,-1049.604
1678.473,60.49193,-1049.604
1679.381,60.38454,-1048.145
1679.381,60.38454,-1048.145
1679.381,60.38454,-1048.145
1680.259,60.28089,-1046.739
1680.259,60.28089,-1046.739
1680.259,60.28089,-1046.739
1681.167,60.17613,-1045.291
1681.167,60.17613,-1045.291
1681.167,60.17613,-1045.291
