-0.0921784,-0.195447,11.0131
-0.0663368,-0.12596,11.5036
-0.094515,-0.0721687,12.1387
-0.187149,-0.0480616,12.8844
-0.351947,-0.0501265,13.7137
-0.571155,-0.0727476,14.5737
-0.825098,-0.111218,15.4358
-1.0955,-0.165304,16.2943
-1.39004,-0.220068,17.1574
-1.69557,-0.280732,18.024
-2.00511,-0.347504,18.895
-2.31546,-0.419396,19.7715
-2.62797,-0.495743,20.6554
-2.937,-0.578807,21.5441
-3.24472,-0.66486,22.4399
-3.56021,-0.74701,23.3457
-3.87019,-0.834975,24.2523
-4.17251,-0.926296,25.1621
-4.46969,-1.01634,26.0757
-4.7617,-1.1063,26.9943
-5.05818,-1.19999,27.916
-5.36284,-1.27891,28.8415
-5.68531,-1.34326,29.7696
-6.00998,-1.40438,30.6938
-6.32529,-1.46628,31.6146
-6.6293,-1.52675,32.5351
-6.92507,-1.58329,33.4578
-7.20999,-1.63848,34.3806
-7.48455,-1.6913,35.3044
-7.74998,-1.74098,36.2294
-8.0096,-1.7857,37.1568
-8.261,-1.82814,38.0843
-8.50757,-1.86537,39.014
-8.76832,-1.8932,39.9679
-9.04811,-1.89924,40.9194
-9.347,-1.89005,41.8673
-9.65898,-1.86854,42.8126
-9.97904,-1.83669,43.7567
-10.3029,-1.79605,44.7005
-10.627,-1.74772,45.6452
-10.9484,-1.69254,46.5917
-11.2644,-1.63123,47.5402
-11.5727,-1.56422,48.4915
-11.8715,-1.49179,49.4457
-12.1593,-1.41413,50.4033
-12.4463,-1.33559,51.3659
-12.7244,-1.24371,52.3292
-12.9944,-1.14285,53.2926
-13.2537,-1.03416,54.2574
-13.5004,-0.918551,55.2241
-13.7331,-0.796678,56.1931
-13.9599,-0.673179,57.1596
-14.1888,-0.541559,58.1217
-14.4135,-0.393251,59.0748
-14.6328,-0.233754,60.0214
-14.8427,-0.0653295,60.964
-15.0405,0.110212,61.9045
-15.2244,0.291446,62.8441
-15.393,0.477252,63.7836
-15.545,0.666386,64.7212
-15.6812,0.857797,65.6576
-15.8008,1.05117,66.5933
-15.9035,1.2461,67.5287
-15.989,1.44218,68.4641
-16.067,1.63614,69.4039
-16.1312,1.83923,70.3406
-16.1837,2.0469,71.2748
-16.2226,2.25764,72.2074
-16.2466,2.47026,73.1389
-16.2549,2.68387,74.0694
-16.247,2.89778,74.9992
-16.2225,3.11146,75.9281
-16.1812,3.32447,76.8562
-16.1229,3.53649,77.7831
-16.0476,3.74723,78.7088
-15.9553,3.95646,79.6331
-15.8459,4.164,80.5557
-15.7194,4.36968,81.4764
-15.576,4.57337,82.3949
-15.4156,4.77495,83.3109
-15.2381,4.97763,84.2443
-15.0511,5.18839,85.1695
-14.8562,5.40258,86.089
-14.6597,5.61598,87.0108
-14.4548,5.83823,87.9253
-14.2428,6.06428,88.8342
-14.0207,6.29207,89.738
-13.7868,6.52017,90.637
-13.5396,6.74754,91.5314
-13.2783,6.97343,92.421
-13.0022,7.19734,93.3059
-12.7111,7.41885,94.186
-12.4123,7.63603,95.0693
-12.1014,7.85938,95.9456
-11.7808,8.08475,96.8162
-11.4483,8.31058,97.6812
-11.1028,8.53572,98.5405
-10.7434,8.75933,99.394
-10.3698,8.98081,100.241
-9.9814,9.19969,101.083
-9.57822,9.41563,101.917
-9.16014,9.62838,102.745
-8.72714,9.83771,103.566
-8.27928,10.0435,104.38
-7.8166,10.2455,105.186
-7.33922,10.4438,105.985
-6.84727,10.6381,106.775
-6.34088,10.8284,107.558
-5.8202,11.0147,108.332
-5.2908,11.1957,109.107
-4.75064,11.3817,109.872
-4.20197,11.5691,110.629
-3.64309,11.756,111.379
-3.07304,11.9413,112.119
-2.49122,12.1242,112.85
-1.89727,12.3039,113.572
-1.29102,12.4801,114.284
-0.672398,12.6523,114.986
-0.0414371,12.8204,115.678
0.6018,12.984,116.359
1.25721,13.143,117.03
1.92463,13.2974,117.689
2.6039,13.4469,118.338
3.29158,13.5907,118.986
3.98471,13.7381,119.634
4.68169,13.8958,120.271
5.38222,14.0583,120.901
6.0888,14.2226,121.521
6.80294,14.3868,122.131
7.5256,14.5491,122.731
8.25479,14.708,123.331
8.99063,14.8727,123.918
9.73166,15.0392,124.497
10.4796,15.2051,125.064
11.2354,15.3691,125.621
11.9997,15.5299,126.166
12.7727,15.6869,126.699
13.5547,15.8395,127.22
14.3456,15.9872,127.728
15.1442,16.1292,128.234
15.9523,16.2738,128.738
16.7619,16.4263,129.232
17.5726,16.5821,129.718
18.3868,16.7385,130.195
19.2089,16.8941,130.673
20.0494,17.048,131.14
20.8855,17.2143,131.6
21.7186,17.3929,132.054
22.5516,17.5781,132.501
23.3866,17.766,132.937
24.225,17.9539,133.362
25.0681,18.1397,133.775
25.9164,18.3219,134.175
26.7705,18.4996,134.563
27.6307,18.6719,134.937
28.4971,18.8383,135.298
29.3705,18.9987,135.656
30.2475,19.1622,136.0
31.1273,19.3252,136.332
32.011,19.4857,136.653
32.8993,19.6423,136.961
33.7924,19.7942,137.255
34.6904,19.9406,137.535
35.5933,20.0809,137.801
36.5011,20.2149,138.052
37.4136,20.3422,138.289
38.3306,20.4627,138.512
39.2518,20.5762,138.719
40.1771,20.6826,138.912
41.1061,20.7819,139.089
42.0385,20.874,139.251
42.9741,20.9588,139.398
43.9126,21.0362,139.53
44.8537,21.1064,139.647
45.797,21.1692,139.748
46.7424,21.2246,139.835
47.6894,21.2726,139.905
48.6378,21.3132,139.961
49.5872,21.3464,140.001
50.5374,21.3721,140.025
51.4881,21.3904,140.035
52.4388,21.4013,140.029
53.3895,21.4047,140.007
54.3396,21.4006,139.971
55.289,21.3891,139.919
56.2373,21.3701,139.851
57.1843,21.3437,139.769
58.1497,21.3094,139.672
59.1092,21.2806,139.564
60.0647,21.2531,139.446
61.0261,21.2052,139.307
61.9824,21.1599,139.162
62.9353,21.1201,139.011
63.8844,21.0819,138.854
64.8296,21.0428,138.686
65.7774,21.0006,138.517
66.7207,20.9641,138.336
67.6598,20.929,138.146
68.5948,20.8924,137.946
69.5257,20.8524,137.733
70.4522,20.8077,137.507
71.3815,20.757,137.277
72.3133,20.7095,137.043
73.2402,20.6718,136.799
74.1629,20.6383,136.547
75.0811,20.6054,136.285
75.9947,20.5705,136.011
76.9035,20.5319,135.725
77.8072,20.4882,135.426
78.7055,20.4387,135.114
79.5982,20.3827,134.788
80.4851,20.3199,134.449
81.3658,20.2499,134.096
82.2401,20.1725,133.729
83.1077,20.0876,133.349
83.9771,19.9948,132.962
84.8394,19.9043,132.562
85.6956,19.813,132.152
86.5452,19.7188,131.731
87.3877,19.6204,131.298
88.2229,19.5167,130.853
89.0502,19.407,130.395
89.8695,19.291,129.926
90.691,19.1481,129.432
91.5041,19.0207,128.928
92.3116,18.9005,128.416
93.1117,18.783,127.896
93.8986,18.602,127.368
94.6631,18.4237,126.815
95.4157,18.2585,126.262
96.1597,18.1074,125.708
96.894,17.9653,125.148
97.6179,17.8282,124.582
98.3309,17.6933,124.008
99.033,17.5581,123.426
99.7241,17.4209,122.835
100.404,17.2804,122.235
101.092,17.1351,121.633
101.783,16.9839,121.024
102.471,16.8242,120.409
103.156,16.6548,119.789
103.835,16.4752,119.165
104.508,16.2853,118.535
105.173,16.0851,117.9
105.831,15.8747,117.261
106.48,15.6544,116.616
107.12,15.4243,115.967
107.751,15.1846,115.312
108.372,14.9355,114.651
108.983,14.677,113.985
109.584,14.4094,113.314
110.174,14.1327,112.637
110.753,13.8471,111.955
111.321,13.5527,111.268
111.878,13.2497,110.575
112.424,12.9381,109.876
112.957,12.6181,109.173
113.479,12.2897,108.465
113.989,11.9531,107.752
114.487,11.6084,107.034
114.972,11.2557,106.312
115.445,10.8951,105.586
115.905,10.5267,104.855
116.352,10.1506,104.121
116.787,9.76691,103.382
117.208,9.37573,102.64
117.617,8.97717,101.895
118.012,8.57136,101.147
118.394,8.15838,100.395
118.763,7.73834,99.6411
119.118,7.31134,98.8844
119.46,6.87751,98.1253
119.788,6.43695,97.364
120.102,5.98977,96.6009
120.402,5.53606,95.836
120.689,5.07599,95.0696
120.961,4.60964,94.3019
121.22,4.13712,93.5331
121.464,3.65855,92.7634
121.694,3.17406,91.9931
121.91,2.68375,91.2223
122.112,2.18776,90.4513
122.299,1.68622,89.6803
122.472,1.17923,88.9095
122.631,0.666934,88.1391
122.775,0.149439,87.3693
122.905,-0.373103,86.6004
123.02,-0.90058,85.8326
123.12,-1.43285,85.066
123.206,-1.96979,84.3008
123.278,-2.51127,83.5374
123.335,-3.05715,82.7759
123.377,-3.60729,82.0165
123.405,-4.16157,81.2595
123.418,-4.71984,80.505
123.416,-5.28196,79.7532
123.4,-5.84779,79.0044
123.369,-6.4172,78.2588
123.324,-6.99004,77.5166
123.264,-7.56617,76.778
123.189,-8.14544,76.0431
123.1,-8.72773,75.3123
122.996,-9.31285,74.5856
122.878,-9.9007,73.8634
122.746,-10.4911,73.1458
122.599,-11.0839,72.433
122.438,-11.679,71.7252
122.263,-12.2762,71.0226
122.073,-12.8754,70.3254
121.869,-13.4765,69.6338
121.651,-14.0792,68.948
121.419,-14.6834,68.2682
121.173,-15.289,67.5946
120.913,-15.8958,66.9273
120.639,-16.5037,66.2666
120.359,-17.1199,65.6084
120.068,-17.7436,64.9354
119.775,-18.3546,64.259
119.481,-18.9592,63.5828
119.183,-19.5595,62.9092
118.878,-20.1571,62.24
118.563,-20.7529,61.5762
118.239,-21.3477,60.9186
117.903,-21.9418,60.2678
117.556,-22.5355,59.6242
117.197,-23.129,58.9882
116.825,-23.7223,58.3601
116.441,-24.3154,57.7401
116.044,-24.9082,57.1283
115.634,-25.5006,56.525
115.212,-26.0926,55.9304
114.783,-26.6926,55.3414
114.351,-27.2953,54.7515
113.914,-27.8896,54.1598
113.475,-28.4797,53.5695
113.029,-29.0666,52.9827
112.575,-29.651,52.401
112.112,-30.2333,51.8258
111.638,-30.8139,51.2579
111.14,-31.4089,50.6941
110.64,-31.9959,50.1358
110.137,-32.5801,49.58
109.629,-33.1616,49.0292
109.115,-33.7404,48.4851
108.592,-34.3169,47.949
108.06,-34.8911,47.4217
107.523,-35.4723,46.9003
106.978,-36.047,46.3838
106.428,-36.619,45.8732
105.872,-37.1888,45.3699
105.307,-37.7565,44.875
104.733,-38.322,44.3892
104.15,-38.8854,43.9133
103.557,-39.4466,43.4478
102.954,-40.0056,42.9931
102.341,-40.5623,42.5494
101.718,-41.1166,42.117
101.085,-41.6684,41.6962
100.443,-42.2176,41.2871
99.7911,-42.764,40.8898
99.1297,-43.3074,40.5045
98.459,-43.8479,40.1313
97.7792,-44.3851,39.7702
97.0905,-44.9191,39.4214
96.3931,-45.4496,39.0849
95.6871,-45.9765,38.7609
94.9728,-46.4997,38.4494
94.2503,-47.0191,38.1505
93.5043,-47.5418,37.8715
92.7555,-48.0569,37.5951
92.0046,-48.5656,37.318
91.2503,-49.068,37.0444
90.4918,-49.5647,36.7771
89.7285,-50.056,36.518
88.9599,-50.542,36.2686
88.1859,-51.0231,36.0299
87.4063,-51.4993,35.8028
86.6209,-51.9706,35.5878
85.83,-52.4371,35.3853
85.0334,-52.8987,35.1957
84.2313,-53.3554,35.0192
83.4239,-53.807,34.856
82.6112,-54.2534,34.7062
81.7945,-54.698,34.583
80.9736,-55.1374,34.4677
80.1497,-55.5718,34.3551
79.3217,-56.0007,34.2483
78.4896,-56.4238,34.1492
77.6532,-56.841,34.0596
76.8128,-57.2522,33.9808
75.9682,-57.6679,33.9078
75.1195,-58.073,33.8384
74.2688,-58.4721,33.7743
73.4154,-58.8756,33.7123
72.5587,-59.2685,33.6515
71.7008,-59.6553,33.5942
70.8411,-60.0362,33.5437
69.9791,-60.4111,33.5021
69.1148,-60.7801,33.4711
68.2481,-61.1432,33.4517
67.3792,-61.5004,33.4447
66.508,-61.8517,33.4506
65.6349,-62.1969,33.4698
64.7599,-62.536,33.5025
63.8833,-62.869,33.549
63.0053,-63.1957,33.6093
62.126,-63.5161,33.6836
61.2458,-63.83,33.7717
60.3648,-64.1375,33.8738
59.4834,-64.4384,33.9899
58.6016,-64.7326,34.1199
57.7198,-65.0202,34.2637
56.8381,-65.301,34.4215
55.9569,-65.5749,34.593
55.0764,-65.8419,34.7784
54.1968,-66.1019,34.9774
53.3183,-66.355,35.1901
52.4412,-66.6009,35.4165
51.5657,-66.8397,35.6563
50.6921,-67.0714,35.9097
49.8206,-67.2957,36.1765
48.9515,-67.5128,36.4566
48.0849,-67.7226,36.75
47.2211,-67.925,37.0566
46.3604,-68.12,37.3763
45.484,-68.3146,37.713
44.6103,-68.4981,38.0492
43.7397,-68.6757,38.3879
42.8728,-68.847,38.7323
42.0101,-69.0119,39.0843
41.1517,-69.1701,39.4455
40.2979,-69.3214,39.8169
39.4489,-69.4658,40.1992
38.6047,-69.6029,40.5928
37.7656,-69.7328,40.998
36.9318,-69.8553,41.4151
36.1035,-69.9702,41.8441
35.2807,-70.0776,42.2851
34.4638,-70.1774,42.738
33.6528,-70.2694,43.2028
32.8481,-70.3537,43.6794
32.0497,-70.4302,44.1677
31.2579,-70.499,44.6676
30.473,-70.5599,45.179
29.695,-70.613,45.7017
28.9242,-70.6582,46.2357
28.1608,-70.6957,46.7807
27.405,-70.7253,47.3367
26.6571,-70.7471,47.9034
25.9171,-70.7611,48.4807
25.1853,-70.7672,49.0686
24.4619,-70.7656,49.6667
23.747,-70.7562,50.275
23.041,-70.7391,50.8933
22.3439,-70.7142,51.5214
21.656,-70.6816,52.1592
20.9774,-70.6413,52.8065
20.3084,-70.5933,53.4632
19.6417,-70.547,54.1297
18.9718,-70.4986,54.7986
18.3016,-70.4399,55.4631
17.6336,-70.3753,56.1263
16.9699,-70.3042,56.7914
16.3124,-70.2263,57.4605
15.6623,-70.1414,58.135
15.0205,-70.0493,58.8158
14.3878,-69.9502,59.5035
13.7647,-69.8438,60.1986
13.1517,-69.7303,60.9011
12.5491,-69.6097,61.6112
11.9573,-69.4819,62.3289
11.3685,-69.3556,63.0559
10.785,-69.2182,63.7837
10.1994,-69.0833,64.5153
9.61546,-68.9379,65.2437
9.03506,-68.7868,65.9714
8.46059,-68.6295,66.701
7.89381,-68.4656,67.4341
7.33598,-68.2951,68.1717
6.78804,-68.1181,68.9146
6.2507,-67.9344,69.6632
5.72451,-67.7441,70.4177
5.20989,-67.5472,71.1782
4.70717,-67.3438,71.9448
4.20831,-67.1418,72.7204
3.7155,-66.9291,73.4956
3.22927,-66.7107,74.2718
2.75154,-66.4863,75.0505
2.28364,-66.2558,75.8328
1.82656,-66.0191,76.619
1.38102,-65.7763,77.4097
0.94756,-65.5274,78.2049
0.526603,-65.2726,79.0047
0.118475,-65.0117,79.8091
-0.276564,-64.7451,80.618
-0.658299,-64.4726,81.4312
-1.02655,-64.1944,82.2487
-1.38961,-63.9175,83.0748
-1.74572,-63.6305,83.8992
-2.09464,-63.3384,84.7234
-2.43428,-63.041,85.5487
-2.76319,-62.7381,86.3757
-3.08034,-62.43,87.205
-3.38497,-62.1166,88.0366
-3.67655,-61.7981,88.8707
-3.95464,-61.4746,89.7073
-4.21895,-61.1461,90.5463
-4.46924,-60.8127,91.3875
-4.70531,-60.4746,92.2309
-4.92701,-60.1319,93.0763
-5.13424,-59.7847,93.9235
-5.32688,-59.433,94.7722
-5.50487,-59.077,95.6223
-5.66814,-58.7167,96.4735
-5.81663,-58.3523,97.3257
-5.95028,-57.9839,98.1786
-6.06907,-57.6116,99.0321
-6.17296,-57.2354,99.8857
-6.26191,-56.8557,100.739
-6.3359,-56.4723,101.593
-6.39491,-56.0855,102.446
-6.43892,-55.6953,103.299
-6.46793,-55.302,104.151
-6.48191,-54.9055,105.001
-6.48087,-54.506,105.851
-6.46481,-54.1037,106.699
-6.43372,-53.6986,107.545
-6.38762,-53.2909,108.389
-6.33362,-52.8852,109.239
-6.27205,-52.4714,110.084
-6.20309,-52.0543,110.926
-6.12434,-51.6342,111.764
-6.03424,-51.2112,112.598
-5.9317,-50.7857,113.43
-5.81599,-50.358,114.259
-5.67233,-49.9236,115.095
-5.52591,-49.4845,115.925
-5.37943,-49.0403,116.75
-5.23533,-48.596,117.58
-5.0914,-48.1429,118.402
-4.94565,-47.6862,119.219
-4.80087,-47.2303,120.04
-4.65502,-46.7663,120.853
-4.5064,-46.2992,121.662
-4.3512,-45.8296,122.465
-4.18689,-45.3581,123.265
-4.0117,-44.885,124.06
-3.82442,-44.4106,124.85
-3.62421,-43.9353,125.637
-3.41049,-43.4593,126.419
-3.18197,-42.9737,127.214
-2.95107,-42.4826,128.0
-2.71654,-41.9904,128.78
-2.47504,-41.4979,129.555
-2.22433,-41.0055,130.324
-1.96284,-40.5134,131.087
-1.6895,-40.0218,131.845
-1.40354,-39.5308,132.597
-1.10444,-39.0404,133.343
-0.791848,-38.5508,134.083
-0.465566,-38.0619,134.817
-0.125455,-37.5739,135.545
0.228531,-37.0869,136.266
0.596391,-36.6008,136.981
0.978096,-36.1159,137.689
1.37359,-35.6321,138.39
1.78278,-35.1498,139.084
2.20557,-34.6688,139.771
2.64186,-34.1894,140.45
3.09152,-33.7117,141.121
3.55444,-33.2358,141.785
4.03047,-32.7619,142.44
4.51949,-32.29,143.088
5.02136,-31.8204,143.727
5.53594,-31.353,144.358
6.06308,-30.8882,144.98
6.60264,-30.4259,145.594
7.15447,-29.9664,146.198
7.71842,-29.5097,146.794
8.29432,-29.0561,147.38
8.88204,-28.6055,147.956
9.4814,-28.1583,148.524
10.0922,-27.7144,149.081
10.7144,-27.2741,149.629
11.3477,-26.8374,150.167
11.992,-26.4044,150.695
12.6471,-25.9754,151.212
13.3129,-25.5505,151.72
13.9891,-25.1297,152.216
14.6756,-24.7132,152.702
15.3722,-24.3011,153.178
16.0786,-23.8935,153.642
16.7949,-23.4906,154.096
17.52,-23.0925,154.551
18.249,-22.6912,154.994
18.9902,-22.3059,155.453
19.7302,-21.9064,155.909
20.464,-21.4981,156.364
21.1928,-21.0861,156.818
21.9203,-20.6727,157.269
22.6489,-20.2595,157.714
23.3808,-19.8479,158.151
24.1175,-19.4388,158.58
24.86,-19.0331,158.998
25.6092,-18.6314,159.405
26.3656,-18.234,159.801
27.1295,-17.8414,160.186
27.9011,-17.4538,160.559
28.6804,-17.0714,160.92
29.4674,-16.6944,161.269
30.2621,-16.3229,161.605
31.0655,-15.957,161.941
31.8711,-15.5884,162.265
32.6791,-15.2211,162.58
33.491,-14.8563,162.886
34.3078,-14.4951,163.18
35.13,-14.1382,163.463
35.9579,-13.7862,163.734
36.7916,-13.4395,163.993
37.6333,-13.0981,164.252
38.476,-12.7538,164.498
39.3201,-12.4108,164.736
40.1672,-12.0705,164.964
41.0179,-11.734,165.182
41.8728,-11.4022,165.388
42.735,-11.0752,165.593
43.6034,-10.7428,165.798
44.4672,-10.4023,165.996
45.3281,-10.0592,166.189
46.1888,-9.71658,166.374
47.0507,-9.37631,166.55
47.9149,-9.03981,166.716
48.7821,-8.70816,166.871
49.6527,-8.38207,167.015
50.5269,-8.06212,167.146
51.4049,-7.74869,167.265
52.2865,-7.44208,167.372
53.1717,-7.14255,167.466
54.0605,-6.85027,167.547
54.961,-6.56691,167.623
55.8616,-6.28311,167.687
56.7618,-6.00278,167.743
57.6672,-5.7264,167.8
58.5745,-5.44578,167.859
59.4926,-5.1612,167.906
60.4013,-4.86502,167.953
61.3029,-4.55837,168.0
62.2,-4.24675,168.045
63.0944,-3.93401,168.083
63.9876,-3.62294,168.112
64.8807,-3.31555,168.132
65.7743,-3.01329,168.142
66.6689,-2.71718,168.14
67.5648,-2.42803,168.127
68.4622,-2.14636,168.102
69.361,-1.87257,168.065
70.2612,-1.60694,168.015
71.1628,-1.34969,167.952
72.0655,-1.10099,167.877
72.9692,-0.860944,167.789
73.8737,-0.629654,167.689
74.7789,-0.407203,167.576
75.6844,-0.193631,167.45
76.59,0.0109933,167.311
77.4956,0.206635,167.16
78.4149,0.386238,166.985
79.3298,0.56667,166.804
80.2414,0.750262,166.618
81.1696,0.939074,166.424
82.0891,1.13683,166.226
83.0027,1.33736,166.026
83.9188,1.53834,165.829
84.828,1.74486,165.627
85.7323,1.95181,165.42
86.6402,2.15779,165.217
87.5419,2.36829,165.006
88.4397,2.57857,164.791
89.3342,2.78576,164.568
90.2261,2.98778,164.337
91.1157,3.18321,164.096
92.0032,3.37105,163.844
92.8884,3.55058,163.582
93.7715,3.72132,163.308
94.6523,3.88287,163.023
95.5307,4.03499,162.726
96.4243,4.16472,162.407
97.3288,4.31194,162.077
98.2232,4.47604,161.747
99.1107,4.64816,161.418
99.9918,4.82247,161.086
100.867,4.99509,160.749
101.746,5.16543,160.414
102.617,5.33909,160.07
103.483,5.51168,159.722
104.344,5.68036,159.367
105.201,5.84313,159.004
106.054,5.9986,158.632
106.903,6.14577,158.251
107.748,6.28396,157.859
108.589,6.4127,157.457
109.426,6.53165,157.045
110.259,6.64056,156.622
111.087,6.73925,156.189
111.91,6.82764,155.746
112.738,6.90538,155.298
113.559,6.97973,154.841
114.376,7.04877,154.378
115.188,7.11109,153.907
115.996,7.16561,153.429
116.798,7.21156,152.942
117.596,7.24833,152.447
118.387,7.27549,151.942
119.173,7.2927,151.428
119.953,7.29974,150.905
120.726,7.29644,150.373
121.493,7.28268,149.831
122.261,7.24486,149.268
123.021,7.20516,148.7
123.777,7.16687,148.129
124.528,7.12671,147.554
125.272,7.08224,146.974
126.01,7.03163,146.388
126.752,6.97519,145.8
127.485,6.92007,145.204
128.212,6.86276,144.605
128.933,6.80057,144.0
129.646,6.73163,143.389
130.369,6.65096,142.761
131.082,6.57264,142.129
131.79,6.49249,141.496
132.491,6.40743,140.86
133.184,6.31554,140.221
133.87,6.21549,139.577
134.547,6.10638,138.928
135.216,5.98761,138.274
135.876,5.85877,137.615
136.527,5.71959,136.949
137.169,5.56994,136.278
137.802,5.4097,135.602
138.425,5.23885,134.919
139.038,5.05739,134.231
139.642,4.86533,133.537
140.235,4.66271,132.838
140.819,4.44958,132.133
141.392,4.226,131.424
141.954,3.99204,130.709
142.506,3.74774,129.99
143.047,3.4932,129.267
143.577,3.2285,128.539
144.096,2.9537,127.806
144.604,2.66886,127.07
145.101,2.37408,126.33
145.587,2.06944,125.587
146.06,1.755,124.84
146.523,1.43088,124.09
146.973,1.09712,123.338
147.412,0.753855,122.582
147.839,0.401138,121.824
148.254,0.0390435,121.064
148.657,-0.332305,120.302
149.047,-0.712834,119.538
149.426,-1.10242,118.772
149.791,-1.50099,118.005
150.145,-1.90845,117.237
150.485,-2.32469,116.468
150.813,-2.7496,115.698
151.129,-3.18308,114.927
151.431,-3.62501,114.156
151.721,-4.0753,113.385
151.997,-4.53384,112.614
152.261,-5.0005,111.844
152.511,-5.47518,111.073
152.748,-5.95775,110.304
152.972,-6.4481,109.536
153.183,-6.9461,108.768
153.381,-7.45163,108.003
153.565,-7.96456,107.238
153.735,-8.48477,106.476
153.893,-9.01213,105.715
154.036,-9.54651,104.957
154.166,-10.0878,104.201
154.283,-10.6358,103.448
154.386,-11.1904,102.698
154.476,-11.7514,101.951
154.552,-12.3189,101.207
154.614,-12.8925,100.467
154.663,-13.4721,99.7299
154.698,-14.0576,98.9971
154.719,-14.6489,98.2684
154.727,-15.2459,97.544
154.721,-15.8482,96.8242
154.701,-16.4559,96.109
154.668,-17.0687,95.3988
154.621,-17.6865,94.6936
154.57,-18.3151,93.9917
154.506,-18.9423,93.2914
154.435,-19.5707,92.5947
154.354,-20.2013,91.9018
154.262,-20.8347,91.2134
154.159,-21.4712,90.5299
154.043,-22.1112,89.852
153.915,-22.7547,89.1798
153.775,-23.4017,88.5139
153.621,-24.0523,87.8545
153.454,-24.7065,87.2018
153.275,-25.3641,86.5562
153.082,-26.0249,85.9179
152.877,-26.689,85.287
152.658,-27.3561,84.6638
152.427,-28.0261,84.0485
152.182,-28.6988,83.4412
151.925,-29.3741,82.8421
151.655,-30.0518,82.2513
151.373,-30.7317,81.6691
151.077,-31.4137,81.0956
150.77,-32.0975,80.531
150.45,-32.783,79.9753
150.118,-33.4701,79.4289
149.773,-34.1585,78.8917
149.417,-34.8481,78.3641
149.048,-35.5387,77.846
148.668,-36.2301,77.3377
148.276,-36.9222,76.8393
147.872,-37.6147,76.3509
147.457,-38.3075,75.8727
147.031,-39.0004,75.4048
146.593,-39.6933,74.9474
146.144,-40.3859,74.5005
145.683,-41.0782,74.0644
145.212,-41.7698,73.6391
144.731,-42.4607,73.2247
144.238,-43.1506,72.8214
143.736,-43.8394,72.4292
143.215,-44.5428,72.0376
142.689,-45.2363,71.6474
142.159,-45.925,71.261
141.624,-46.6098,70.8812
141.082,-47.2912,70.5095
140.534,-47.9696,70.1472
139.978,-48.6453,69.7952
139.414,-49.3185,69.454
138.841,-49.989,69.1241
138.26,-50.657,68.8058
137.67,-51.3222,68.4994
137.072,-51.9847,68.2051
136.465,-52.6442,67.923
135.85,-53.3006,67.6532
135.226,-53.9537,67.3959
134.593,-54.6035,67.1511
133.953,-55.2498,66.9189
133.304,-55.8923,66.6994
132.637,-56.5465,66.4852
131.965,-57.1902,66.2721
131.291,-57.8282,66.0628
130.613,-58.4609,65.8603
129.931,-59.0886,65.6664
129.245,-59.7114,65.4826
128.553,-60.3295,65.3099
127.856,-60.9427,65.1488
127.153,-61.5511,64.9999
126.444,-62.1546,64.8636
125.729,-62.7531,64.74
125.009,-63.3463,64.6293
124.282,-63.9343,64.5318
123.55,-64.5168,64.4474
122.812,-65.0937,64.3762
122.069,-65.6649,64.3183
121.321,-66.2302,64.2736
120.567,-66.7894,64.2423
119.809,-67.3425,64.2243
119.046,-67.8893,64.2196
118.278,-68.4296,64.2283
117.506,-68.9634,64.2502
116.73,-69.4905,64.2855
115.95,-70.0107,64.3341
115.167,-70.524,64.396
114.38,-71.0302,64.4711
113.59,-71.5292,64.5595
112.797,-72.0209,64.6611
112.001,-72.5051,64.7759
111.202,-72.9818,64.9039
110.402,-73.4508,65.045
109.599,-73.912,65.1992
108.794,-74.3653,65.3665
107.988,-74.8107,65.5468
107.18,-75.2478,65.7401
106.371,-75.6768,65.9463
105.561,-76.0975,66.1655
104.75,-76.5097,66.3974
103.939,-76.9133,66.6421
103.126,-77.3198,66.8966
102.31,-77.7148,67.1547
101.476,-78.1142,67.4204
100.642,-78.5033,67.68
99.8082,-78.8864,67.938
98.9759,-79.2627,68.1989
98.145,-79.6318,68.4655
97.3154,-79.9931,68.7398
96.4854,-80.358,69.0206
95.6537,-80.7119,69.3026
94.8207,-81.0705,69.5851
93.9855,-81.4189,69.8649
93.1506,-81.7609,70.1453
92.3159,-82.0957,70.4301
91.4819,-82.4227,70.7217
90.6487,-82.7414,71.022
89.8167,-83.0516,71.332
88.986,-83.3532,71.6526
88.1569,-83.6458,71.9843
87.3296,-83.9294,72.3274
86.5044,-84.2038,72.6821
85.6816,-84.469,73.0486
84.8612,-84.7249,73.4269
84.0436,-84.9713,73.817
83.229,-85.2081,74.2188
82.4175,-85.4355,74.6323
81.6094,-85.6532,75.0574
80.805,-85.8612,75.4941
80.0044,-86.0595,75.9421
79.2038,-86.2592,76.4003
78.3991,-86.4581,76.86
77.5922,-86.6469,77.3152
76.7856,-86.8295,77.7694
75.9806,-87.0047,78.2266
75.178,-87.1716,78.6891
74.3785,-87.33,79.1587
73.5827,-87.4793,79.6364
72.7911,-87.6195,80.123
72.0042,-87.7503,80.6191
71.2221,-87.8717,81.1249
70.4454,-87.9834,81.6407
69.6742,-88.0855,82.1664
68.9088,-88.1778,82.7022
68.1494,-88.2604,83.248
67.3964,-88.3332,83.8037
66.6498,-88.3961,84.3692
65.9099,-88.4493,84.9444
65.177,-88.4925,85.5292
64.4512,-88.5259,86.1234
63.7327,-88.5494,86.7269
63.0217,-88.5631,87.3395
62.3185,-88.5669,87.9612
61.6231,-88.5608,88.5916
60.9358,-88.545,89.2307
60.2569,-88.5193,89.8782
59.5863,-88.4838,90.5341
58.9245,-88.4386,91.1981
58.2714,-88.3836,91.8701
57.6274,-88.3188,92.5498
56.9926,-88.2444,93.2372
56.3671,-88.1604,93.932
55.7512,-88.0667,94.6341
55.145,-87.9634,95.3433
54.5486,-87.8506,96.0593
53.9623,-87.7282,96.782
53.3862,-87.5964,97.5113
52.8205,-87.4552,98.2469
52.2653,-87.3046,98.9886
51.7207,-87.1447,99.7362
51.187,-86.9755,100.49
50.6642,-86.7972,101.249
50.1526,-86.6097,102.013
49.6522,-86.4131,102.782
49.1633,-86.2075,103.557
48.6859,-85.9929,104.336
48.2132,-85.778,105.124
47.7451,-85.5517,105.911
47.2828,-85.3187,106.697
46.8281,-85.0783,107.485
46.3825,-84.83,108.274
45.9398,-84.582,109.072
45.5005,-84.3233,109.866
45.0661,-84.0583,110.658
44.6389,-83.7864,111.452
44.2206,-83.507,112.247
43.8122,-83.22,113.043
43.4147,-82.9252,113.842
43.0286,-82.6226,114.643
42.6545,-82.3121,115.447
42.2926,-81.9939,116.253
41.9434,-81.6678,117.061
41.607,-81.3341,117.871
41.2835,-80.9927,118.684
40.9732,-80.6437,119.498
40.6762,-80.2873,120.314
40.3926,-79.9235,121.132
40.1224,-79.5525,121.951
39.8659,-79.1742,122.77
39.623,-78.7889,123.591
39.3938,-78.3967,124.413
39.1784,-77.9977,125.234
38.9768,-77.5919,126.056
38.7891,-77.1795,126.878
38.6154,-76.7607,127.7
38.4558,-76.3355,128.522
38.3101,-75.9041,129.342
38.1786,-75.4666,130.162
38.0612,-75.0232,130.981
37.9579,-74.5739,131.799
37.8689,-74.1189,132.615
37.7941,-73.6584,133.43
37.7335,-73.1924,134.242
37.6872,-72.7211,135.053
37.6552,-72.2447,135.861
37.6375,-71.7633,136.666
37.634,-71.2769,137.469
37.645,-70.7859,138.269
37.6702,-70.2902,139.066
37.7097,-69.7902,139.859
37.7611,-69.277,140.667
37.8144,-68.7575,141.467
37.8716,-68.2357,142.26
37.9359,-67.7117,143.048
38.0094,-67.1853,143.832
38.0937,-66.6563,144.61
38.1843,-66.1288,145.393
38.279,-65.5943,146.169
38.3791,-65.057,146.939
38.4873,-64.5168,147.704
38.6057,-63.9734,148.464
38.73,-63.4307,149.23
38.8582,-62.8806,149.987
38.9914,-62.3275,150.739
39.1328,-61.7712,151.485
39.284,-61.2119,152.227
39.4465,-60.6497,152.963
39.6211,-60.0847,153.693
39.8085,-59.5171,154.418
40.0041,-58.95,155.148
40.2053,-58.3655,155.887
40.3995,-57.7754,156.616
40.5914,-57.1836,157.339
40.7861,-56.5906,158.055
40.987,-55.9964,158.766
41.1964,-55.401,159.47
41.4159,-54.8045,160.168
41.6468,-54.2069,160.86
41.8898,-53.6082,161.546
42.1455,-53.0084,162.224
42.4142,-52.4077,162.896
42.6962,-51.8061,163.561
42.9915,-51.2037,164.219
43.3004,-50.6006,164.87
43.6227,-49.9968,165.513
43.9585,-49.3926,166.149
44.3076,-48.7881,166.777
44.6701,-48.1834,167.397
45.0459,-47.5787,168.009
45.4347,-46.974,168.613
45.8366,-46.3697,169.208
46.2514,-45.7658,169.795
46.679,-45.1625,170.373
47.1193,-44.5601,170.942
47.5722,-43.9585,171.503
48.0375,-43.3581,172.054
48.5151,-42.7589,172.596
49.0049,-42.1612,173.129
49.5068,-41.5651,173.652
50.0205,-40.9709,174.166
50.5461,-40.3786,174.67
51.0832,-39.7884,175.164
51.6319,-39.2005,175.649
52.1918,-38.615,176.123
52.763,-38.0322,176.587
53.3452,-37.4522,177.04
53.9399,-36.8719,177.495
54.5372,-36.2879,177.939
55.1377,-35.7042,178.376
55.7437,-35.1219,178.803
56.3565,-34.5417,179.222
56.9772,-33.9641,179.63
57.6064,-33.3896,180.029
58.2444,-32.8186,180.417
58.8916,-32.2513,180.795
59.548,-31.688,181.162
60.2137,-31.1289,181.518
60.8886,-30.5742,181.862
61.5726,-30.0241,182.196
62.2657,-29.4786,182.518
62.9678,-28.9381,182.828
63.6786,-28.4027,183.128
64.3979,-27.8724,183.415
65.1257,-27.3476,183.691
65.8803,-26.8274,183.951
66.6336,-26.3064,184.204
67.3847,-25.7825,184.45
68.1362,-25.2585,184.689
68.8914,-24.7343,184.93
69.6579,-24.1979,185.166
70.4131,-23.6551,185.397
71.1626,-23.1081,185.625
71.9095,-22.5603,185.849
72.6564,-22.014,186.066
73.4051,-21.4709,186.275
74.1573,-20.9323,186.474
74.9138,-20.399,186.663
75.6756,-19.8718,186.842
76.443,-19.351,187.009
77.2163,-18.8371,187.166
77.9958,-18.3304,187.31
78.7815,-17.8309,187.443
79.5733,-17.3391,187.565
80.3711,-16.8548,187.674
81.1749,-16.3785,187.771
81.9845,-15.91,187.857
82.7997,-15.4496,187.93
83.6203,-14.9973,187.991
84.4461,-14.5534,188.04
85.277,-14.1177,188.077
86.1126,-13.6906,188.102
86.9527,-13.272,188.115
87.8014,-12.8591,188.126
88.6491,-12.4465,188.125
89.497,-12.0372,188.115
90.3462,-11.6328,188.096
91.1973,-11.2346,188.067
92.0509,-10.8435,188.027
92.9071,-10.4601,187.976
93.7659,-10.0849,187.913
94.6274,-9.71838,187.839
95.4914,-9.3608,187.753
96.3578,-9.01241,187.656
97.2264,-8.67341,187.547
98.0972,-8.34399,187.426
98.9883,-8.01541,187.295
99.8731,-7.68583,187.154
100.755,-7.35874,187.007
101.634,-7.03677,186.854
102.512,-6.72163,186.692
103.389,-6.41449,186.521
104.265,-6.11615,186.34
105.142,-5.82721,186.15
106.018,-5.54803,185.949
106.895,-5.27895,185.737
107.771,-5.02016,185.514
108.647,-4.77183,185.281
109.529,-4.53078,185.045
110.408,-4.29122,184.798
111.284,-4.05585,184.544
112.158,-3.82667,184.281
113.031,-3.6051,184.009
113.902,-3.39215,183.726
114.779,-3.1852,183.442
115.659,-2.97542,183.156
116.532,-2.75992,182.863
117.401,-2.54353,182.565
118.267,-2.32987,182.26
119.13,-2.12147,181.948
119.991,-1.92013,181.626
120.85,-1.72711,181.296
121.707,-1.54334,180.956
122.561,-1.36947,180.606
123.413,-1.206,180.246
124.263,-1.05328,179.877
125.11,-0.911564,179.498
125.963,-0.777643,179.116
126.81,-0.645635,178.723
127.653,-0.518049,178.324
128.493,-0.397072,177.918
129.329,-0.284216,177.503
130.162,-0.18054,177.079
130.99,-0.0868285,176.647
131.815,-0.00360424,176.206
132.636,0.0687126,175.755
133.453,0.129861,175.296
134.265,0.179654,174.828
135.073,0.21792,174.352
135.876,0.244556,173.866
136.674,0.259507,173.372
137.467,0.2627,172.87
138.255,0.254112,172.36
139.056,0.235904,171.833
139.847,0.219008,171.3
140.633,0.19988,170.763
141.423,0.178327,170.229
142.204,0.159066,169.688
142.98,0.138345,169.144
143.75,0.112903,168.595
144.513,0.0805272,168.042
145.271,0.0396701,167.482
146.022,-0.0107466,166.917
146.767,-0.0714788,166.345
147.505,-0.143063,165.766
148.247,-0.223241,165.186
148.98,-0.305219,164.597
149.707,-0.391445,164.004
150.427,-0.484293,163.405
151.141,-0.585355,162.801
151.848,-0.695749,162.191
152.547,-0.816257,161.575
153.239,-0.947387,160.953
153.923,-1.0895,160.326
154.599,-1.24283,159.692
155.267,-1.40754,159.053
155.926,-1.5837,158.408
156.577,-1.77139,157.758
157.219,-1.9706,157.103
157.853,-2.18133,156.443
158.477,-2.40356,155.779
159.092,-2.63723,155.109
159.709,-2.88081,154.438
160.316,-3.12626,153.76
160.916,-3.37571,153.078
161.508,-3.63143,152.393
162.091,-3.89494,151.704
162.665,-4.16724,151.012
163.23,-4.44899,150.316
163.785,-4.7407,149.617
164.33,-5.04265,148.914
164.866,-5.35504,148.209
165.39,-5.67799,147.501
165.905,-6.01153,146.79
166.408,-6.35569,146.076
166.901,-6.71042,145.36
167.395,-7.07527,144.644
167.89,-7.44087,143.922
168.377,-7.80052,143.196
168.858,-8.15872,142.467
169.332,-8.51918,141.737
169.796,-8.88438,141.005
170.252,-9.25602,140.27
170.709,-9.63499,139.535
171.156,-10.0131,138.795
171.596,-10.3933,138.053
172.027,-10.778,137.31
172.448,-11.169,136.565
172.859,-11.5676,135.819
173.259,-11.9744,135.073
173.649,-12.39,134.326
174.027,-12.8147,133.578
174.405,-13.2491,132.83
174.783,-13.6878,132.075
175.153,-14.1212,131.317
175.519,-14.5534,130.559
175.877,-14.9876,129.801
176.239,-15.4281,129.039
176.591,-15.8804,128.266
176.939,-16.3207,127.49
177.285,-16.7507,126.712
177.627,-17.1762,125.933
177.961,-17.6012,125.154
178.286,-18.0289,124.374
178.602,-18.4613,123.596
178.908,-18.8999,122.819
179.203,-19.3459,122.042
179.487,-19.7999,121.268
179.759,-20.2624,120.495
180.032,-20.7345,119.723
180.292,-21.2068,118.948
180.545,-21.6815,118.174
180.787,-22.1609,117.401
181.019,-22.6464,116.629
181.241,-23.1389,115.859
181.45,-23.6389,115.092
181.648,-24.1469,114.327
181.834,-24.663,113.564
182.008,-25.1875,112.805
182.169,-25.7202,112.049
182.318,-26.2612,111.296
182.455,-26.8104,110.547
182.579,-27.3677,109.802
182.691,-27.933,109.061
182.79,-28.5061,108.324
182.876,-29.087,107.592
182.95,-29.6755,106.865
183.011,-30.2713,106.142
183.06,-30.8745,105.424
183.096,-31.4848,104.712
183.119,-32.102,104.005
183.13,-32.726,103.304
183.128,-33.3566,102.609
183.114,-33.9937,101.92
183.086,-34.6371,101.237
183.047,-35.2866,100.561
182.994,-35.942,99.8907
182.93,-36.6033,99.2277
182.852,-37.2701,98.5717
182.763,-37.9424,97.9228
182.662,-38.6336,97.266
182.553,-39.3181,96.6105
182.438,-40.0005,95.9583
182.303,-40.7022,95.3147
182.165,-41.3997,94.6739
182.025,-42.0928,94.0334
181.881,-42.7836,93.3957
181.73,-43.474,92.7625
181.581,-44.1699,92.1301
181.423,-44.8603,91.4979
181.26,-45.5484,90.8686
181.088,-46.2364,90.244
180.907,-46.9256,89.6255
180.717,-47.6169,89.014
180.525,-48.316,88.405
180.332,-49.016,87.7922
180.132,-49.7077,87.1765
179.928,-50.3953,86.5615
179.716,-51.0814,85.9498
179.496,-51.7677,85.3431
179.267,-52.4553,84.7429
179.027,-53.145,84.1501
178.776,-53.8372,83.5654
178.515,-54.5321,82.9894
178.243,-55.2299,82.4226
177.959,-55.9307,81.8652
177.664,-56.6343,81.3177
177.359,-57.3407,80.7802
177.05,-58.0559,80.2471
176.73,-58.7669,79.7171
176.402,-59.4766,79.192
176.067,-60.1861,78.6736
175.721,-60.8961,78.1631
175.366,-61.607,77.6614
175.001,-62.3192,77.1693
174.626,-63.0326,76.6871
174.23,-63.7689,76.2204
173.825,-64.4913,75.7466
173.416,-65.2075,75.271
173.001,-65.9192,74.798
172.578,-66.6602,74.3659
172.133,-67.3844,73.9333
171.691,-68.0896,73.4924
171.25,-68.7784,73.0415
170.805,-69.4535,72.5858
170.354,-70.1177,72.1292
169.895,-70.773,71.6748
169.428,-71.4213,71.2248
168.95,-72.064,70.7809
168.463,-72.7021,70.3445
167.976,-73.3496,69.9045
167.483,-74.0036,69.4658
166.986,-74.6632,69.0328
166.483,-75.3277,68.608
165.976,-75.9964,68.1931
165.463,-76.6688,67.789
164.944,-77.3441,67.3962
164.42,-78.022,67.0151
163.89,-78.7019,66.6462
163.354,-79.3835,66.2894
162.812,-80.0662,65.9451
162.263,-80.7499,65.6134
161.709,-81.4342,65.2944
161.147,-82.1187,64.9882
160.579,-82.8032,64.6949
160.004,-83.4874,64.4147
159.423,-84.1712,64.1475
158.835,-84.8542,63.8936
158.24,-85.5362,63.653
157.639,-86.2171,63.4257
157.032,-86.8966,63.2118
156.418,-87.5745,63.0113
155.798,-88.2506,62.8244
155.172,-88.9248,62.6511
154.541,-89.5968,62.4914
153.903,-90.2666,62.3453
153.26,-90.9338,62.2129
152.612,-91.5983,62.0943
151.958,-92.2601,61.9894
151.3,-92.9188,61.8983
150.636,-93.5743,61.8211
149.968,-94.2265,61.7576
149.295,-94.8753,61.7081
148.618,-95.5204,61.6724
147.936,-96.1617,61.6506
147.251,-96.799,61.6427
146.562,-97.4323,61.6487
145.869,-98.0613,61.6686
145.173,-98.6858,61.7024
144.473,-99.3059,61.7501
143.771,-99.9212,61.8118
143.065,-100.532,61.8873
142.357,-101.137,61.9766
141.647,-101.737,62.0799
140.934,-102.333,62.197
140.219,-102.922,62.3279
139.502,-103.506,62.4725
138.783,-104.085,62.631
138.063,-104.657,62.8031
137.342,-105.224,62.989
136.62,-105.785,63.1885
135.896,-106.339,63.4016
135.172,-106.887,63.6282
134.447,-107.428,63.8684
133.723,-107.963,64.1219
132.997,-108.492,64.3889
132.272,-109.013,64.6692
131.548,-109.527,64.9628
130.824,-110.035,65.2695
130.1,-110.535,65.5894
129.377,-111.028,65.9223
128.656,-111.513,66.2682
127.935,-111.991,66.627
127.216,-112.461,66.9986
126.499,-112.923,67.3828
125.784,-113.378,67.7797
125.07,-113.825,68.1892
124.359,-114.263,68.611
123.651,-114.694,69.0452
122.945,-115.116,69.4916
122.241,-115.53,69.9501
121.541,-115.935,70.4206
120.844,-116.332,70.9031
120.151,-116.72,71.3972
119.461,-117.1,71.9031
118.774,-117.471,72.4204
118.092,-117.832,72.9492
117.414,-118.185,73.4892
116.738,-118.541,74.039
116.045,-118.897,74.6008
115.349,-119.244,75.154
114.653,-119.587,75.7036
113.959,-119.924,76.2537
113.268,-120.254,76.8076
112.581,-120.577,77.3672
111.899,-120.892,77.934
111.222,-121.199,78.509
110.549,-121.498,79.0929
109.882,-121.787,79.6861
109.221,-122.068,80.2889
108.565,-122.339,80.9015
107.916,-122.602,81.5239
107.272,-122.854,82.156
106.635,-123.098,82.7979
106.002,-123.342,83.4511
105.369,-123.587,84.1079
104.733,-123.825,84.7617
104.097,-124.058,85.4151
103.464,-124.284,86.0712
102.835,-124.504,86.732
102.211,-124.715,87.399
101.591,-124.918,88.0729
100.972,-125.116,88.7744
100.357,-125.306,89.4727
99.7449,-125.492,90.1713
99.1365,-125.674,90.8722
98.5335,-125.848,91.5772
97.9369,-126.015,92.2873
97.3473,-126.173,93.0035
96.7629,-126.334,93.7288
96.1818,-126.484,94.4557
95.6057,-126.629,95.1852
95.0354,-126.767,95.919
94.4719,-126.898,96.6582
93.9159,-127.021,97.4036
93.3677,-127.135,98.1556
92.8279,-127.24,98.9145
92.2968,-127.336,99.6803
91.7747,-127.423,100.453
91.2619,-127.5,101.233
90.7585,-127.568,102.019
90.2647,-127.627,102.813
89.7807,-127.676,103.612
89.3066,-127.715,104.418
88.8425,-127.745,105.231
88.3886,-127.766,106.049
87.9449,-127.777,106.873
87.5117,-127.778,107.703
87.0889,-127.77,108.538
86.6767,-127.753,109.378
86.2752,-127.726,110.223
85.8884,-127.684,111.09
85.5033,-127.634,111.954
85.1171,-127.579,112.815
84.7335,-127.518,113.676
84.3551,-127.45,114.536
83.9836,-127.374,115.398
83.6206,-127.29,116.261
83.2668,-127.198,117.127
82.9232,-127.097,117.994
82.5902,-126.988,118.865
82.2683,-126.871,119.737
81.9577,-126.745,120.613
81.6587,-126.61,121.49
81.3716,-126.466,122.37
81.0963,-126.314,123.252
80.8459,-126.154,124.14
80.6024,-125.987,125.027
80.3608,-125.814,125.915
80.1238,-125.635,126.802
79.8935,-125.448,127.69
79.6714,-125.254,128.579
79.4587,-125.052,129.468
79.2511,-124.85,130.364
79.0458,-124.638,131.257
78.845,-124.42,132.148
78.646,-124.204,133.044
78.4469,-123.978,133.937
78.2508,-123.748,134.827
78.0607,-123.512,135.715
77.8787,-123.269,136.603
77.7063,-123.019,137.49
77.5446,-122.762,138.377
77.3943,-122.498,139.263
77.256,-122.227,140.149
77.1301,-121.948,141.034
77.0168,-121.663,141.918
76.9164,-121.37,142.801
76.8289,-121.07,143.684
76.7546,-120.762,144.565
76.6934,-120.448,145.444
76.6454,-120.127,146.322
76.6107,-119.799,147.198
76.5893,-119.464,148.072
76.5812,-119.123,148.943
76.5863,-118.775,149.812
76.6048,-118.42,150.678
76.6365,-118.06,151.541
76.6815,-117.693,152.4
76.7398,-117.319,153.257
76.8114,-116.94,154.109
76.8963,-116.555,154.958
76.9943,-116.164,155.803
77.1056,-115.768,156.643
77.23,-115.365,157.479
77.3677,-114.958,158.31
77.5184,-114.545,159.137
77.6823,-114.127,159.958
77.8594,-113.697,160.793
78.0363,-113.261,161.62
78.2159,-112.823,162.441
78.4014,-112.382,163.257
78.5951,-111.938,164.067
78.7984,-111.49,164.87
79.0122,-111.04,165.668
79.2373,-110.586,166.459
79.4742,-110.128,167.243
79.7232,-109.667,168.021
79.9845,-109.202,168.792
80.2582,-108.733,169.556
80.5444,-108.261,170.313
80.8431,-107.785,171.063
81.1543,-107.305,171.805
81.4779,-106.822,172.539
81.8139,-106.336,173.265
82.1623,-105.847,173.983
82.5229,-105.355,174.693
82.8957,-104.86,175.394
83.2805,-104.362,176.087
83.6774,-103.861,176.772
84.0861,-103.358,177.447
84.5066,-102.853,178.113
84.9387,-102.345,178.77
85.3824,-101.836,179.418
85.8376,-101.324,180.056
86.3041,-100.811,180.684
86.7818,-100.296,181.302
87.2706,-99.7793,181.911
87.7705,-99.2615,182.509
88.2812,-98.7426,183.097
88.8026,-98.2226,183.675
89.3341,-97.7045,184.254
89.8673,-97.1832,184.835
90.3959,-96.6548,185.409
90.9235,-96.1239,185.98
91.4537,-95.5909,186.543
91.9889,-95.0562,187.099
92.5306,-94.5203,187.645
93.08,-93.9835,188.183
93.6377,-93.4461,188.71
94.2044,-92.9084,189.227
94.7801,-92.3706,189.733
95.3652,-91.8329,190.229
95.9596,-91.2956,190.713
96.5638,-90.7606,191.198
97.1695,-90.2203,191.672
97.7786,-89.681,192.151
98.3849,-89.1353,192.623
98.9911,-88.5879,193.088
99.6003,-88.0393,193.546
100.214,-87.4902,193.996
100.835,-86.9412,194.435
101.462,-86.3927,194.864
102.096,-85.8451,195.283
102.739,-85.2986,195.69
103.39,-84.7535,196.085
104.049,-84.21,196.468
104.717,-83.6694,196.852
105.387,-83.1243,197.224
106.058,-82.5791,197.589
106.734,-82.0343,197.945
107.415,-81.4905,198.29
108.102,-80.9482,198.624
108.796,-80.4078,198.947
109.497,-79.8697,199.258
110.204,-79.3342,199.557
110.919,-78.8013,199.843
111.64,-78.2715,200.117
112.369,-77.7449,200.379
113.104,-77.2216,200.627
113.849,-76.702,200.874
114.593,-76.1789,201.111
115.339,-75.6565,201.339
116.088,-75.1357,201.557
116.841,-74.6172,201.765
117.598,-74.1015,201.961
118.36,-73.5893,202.145
119.128,-73.0807,202.317
119.9,-72.5762,202.477
120.678,-72.0761,202.623
121.461,-71.5805,202.757
122.249,-71.0897,202.878
123.042,-70.6038,202.985
123.839,-70.123,203.08
124.641,-69.6474,203.161
125.448,-69.1773,203.229
126.258,-68.7128,203.283
127.073,-68.2539,203.325
127.891,-67.8008,203.353
128.713,-67.3537,203.368
129.539,-66.9126,203.369
130.368,-66.4778,203.357
131.199,-66.0493,203.332
132.034,-65.6272,203.294
132.871,-65.2117,203.242
133.71,-64.8029,203.178
134.552,-64.4009,203.1
135.395,-64.0059,203.009
136.241,-63.6178,202.905
137.088,-63.237,202.787
137.936,-62.8634,202.657
138.792,-62.4958,202.524
139.644,-62.1269,202.379
140.495,-61.7606,202.227
141.345,-61.3982,202.065
142.195,-61.0409,201.893
143.044,-60.6896,201.71
143.893,-60.3448,201.516
144.756,-60.0102,201.297
145.613,-59.6743,201.073
146.467,-59.3354,200.846
147.325,-58.9949,200.623
148.176,-58.6483,200.393
149.022,-58.3009,200.16
149.873,-57.9533,199.93
150.717,-57.601,199.693
151.558,-57.2486,199.452
152.396,-56.899,199.204
153.232,-56.5538,198.948
154.066,-56.2145,198.683
154.898,-55.8822,198.407
155.73,-55.5574,198.12
156.56,-55.2407,197.822
157.408,-54.924,197.51
158.247,-54.6053,197.192
159.082,-54.2888,196.87
159.913,-53.9771,196.542
160.741,-53.6717,196.206
161.566,-53.3738,195.862
162.388,-53.0841,195.509
163.208,-52.8032,195.145
164.025,-52.5313,194.771
164.84,-52.2688,194.386
165.651,-52.0159,193.991
166.46,-51.7726,193.585
167.266,-51.5392,193.168
168.069,-51.3156,192.74
168.868,-51.1019,192.301
169.664,-50.8983,191.851
170.456,-50.7047,191.391
171.244,-50.5213,190.92
172.028,-50.348,190.439
172.807,-50.1848,189.948
173.583,-50.0319,189.446
174.353,-49.8893,188.934
175.119,-49.757,188.413
175.88,-49.635,187.881
176.635,-49.5234,187.34
177.386,-49.4223,186.79
178.13,-49.3315,186.23
178.869,-49.2513,185.661
179.602,-49.1815,185.083
180.329,-49.1222,184.497
181.049,-49.0735,183.901
181.764,-49.0354,183.298
182.471,-49.0079,182.686
183.172,-48.991,182.065
183.866,-48.9847,181.437
184.552,-48.989,180.801
185.231,-49.004,180.157
185.903,-49.0297,179.506
186.568,-49.066,178.848
187.224,-49.113,178.183
187.873,-49.1707,177.51
188.513,-49.239,176.831
189.145,-49.3181,176.146
189.781,-49.4064,175.457
190.406,-49.4955,174.761
191.05,-49.6031,174.07
191.691,-49.6988,173.37
192.332,-49.7841,172.671
192.972,-49.8639,171.974
193.61,-49.9424,171.276
194.242,-50.0226,170.578
194.868,-50.1069,169.876
195.486,-50.1973,169.171
196.097,-50.2949,168.461
196.699,-50.4009,167.748
197.292,-50.5159,167.029
197.877,-50.6404,166.305
198.451,-50.7748,165.576
199.016,-50.9193,164.842
199.572,-51.074,164.103
200.117,-51.239,163.36
200.664,-51.4139,162.613
201.201,-51.5894,161.861
201.73,-51.7683,161.106
202.251,-51.9527,160.348
202.764,-52.1442,159.586
203.266,-52.3436,158.821
203.759,-52.5515,158.052
204.242,-52.7685,157.279
204.727,-52.9948,156.504
205.201,-53.2208,155.724
205.668,-53.4497,154.942
206.126,-53.6836,154.158
206.575,-53.924,153.37
207.014,-54.172,152.581
207.455,-54.4283,151.789
207.899,-54.6845,150.989
208.336,-54.9324,150.187
208.768,-55.1773,149.384
209.194,-55.4234,148.581
209.611,-55.6733,147.776
210.02,-55.9287,146.969
210.419,-56.1912,146.162
210.808,-56.4614,145.352
211.186,-56.74,144.541
211.554,-57.0275,143.728
211.911,-57.3241,142.914
212.256,-57.6299,142.099
212.59,-57.945,141.283
212.922,-58.2749,140.463
213.243,-58.6059,139.64
213.556,-58.9406,138.817
213.874,-59.2815,137.994
214.194,-59.6202,137.167
214.506,-59.9638,136.327
214.818,-60.2928,135.487
215.13,-60.6095,134.647
215.439,-60.9203,133.806
215.743,-61.2296,132.966
216.038,-61.5406,132.125
216.325,-61.8557,131.285
216.602,-62.1765,130.445
216.869,-62.5042,129.606
217.125,-62.8395,128.767
217.37,-63.1831,127.93
217.604,-63.5353,127.093
217.826,-63.8964,126.257
218.036,-64.2663,125.422
218.235,-64.6453,124.589
218.421,-65.0332,123.757
218.596,-65.43,122.927
218.758,-65.8358,122.099
218.908,-66.2503,121.274
219.046,-66.6735,120.45
219.172,-67.1053,119.629
219.28,-67.5606,118.802
219.379,-68.0135,117.976
219.475,-68.4628,117.149
219.57,-68.9194,116.305
219.659,-69.3645,115.461
219.745,-69.8046,114.619
219.837,-70.2457,113.776
219.923,-70.6793,112.934
220.004,-71.1103,112.094
220.09,-71.5442,111.253
220.168,-71.972,110.411
220.241,-72.3984,109.572
220.307,-72.8264,108.736
220.364,-73.2582,107.902
220.412,-73.6951,107.072
220.449,-74.1381,106.245
220.475,-74.5877,105.422
220.489,-75.0446,104.604
220.492,-75.5087,103.79
220.484,-75.9804,102.98
220.457,-76.4816,102.168
220.425,-76.9774,101.333
220.393,-77.4543,100.494
220.362,-77.921,99.6567
220.327,-78.3827,98.8215
220.286,-78.8431,97.9902
220.248,-79.3074,97.1585
220.202,-79.7658,96.3281
220.15,-80.2227,95.501
220.091,-80.681,94.6778
220.023,-81.1426,93.8592
219.946,-81.6089,93.0458
219.858,-82.0807,92.2378
219.76,-82.5586,91.4356
219.65,-83.043,90.6395
219.53,-83.534,89.8498
219.398,-84.0318,89.0666
219.255,-84.5365,88.2902
219.1,-85.0479,87.5208
218.943,-85.5711,86.7538
218.774,-86.0943,85.9911
218.6,-86.6201,85.2333
218.418,-87.1497,84.481
218.226,-87.6838,83.7348
218.025,-88.223,82.9951
217.814,-88.7675,82.2626
217.593,-89.3176,81.5376
217.361,-89.8734,80.8205
217.118,-90.4348,80.1115
216.865,-91.002,79.411
216.601,-91.5748,78.7192
216.315,-92.1696,78.0355
216.023,-92.7624,77.3569
215.728,-93.3525,76.6796
215.428,-93.9417,76.0061
215.122,-94.5316,75.3381
214.808,-95.1235,74.6771
214.494,-95.7226,74.0166
214.171,-96.3171,73.359
213.842,-96.9105,72.7059
213.507,-97.5048,72.059
213.165,-98.1013,71.4196
212.809,-98.7153,70.776
212.447,-99.3229,70.1359
212.083,-99.9289,69.5008
211.715,-100.535,68.873
211.341,-101.143,68.2539
210.96,-101.754,67.6442
210.572,-102.367,67.0446
210.176,-102.984,66.4555
209.773,-103.604,65.8774
209.36,-104.229,65.3105
208.94,-104.856,64.7551
208.51,-105.488,64.2112
208.072,-106.123,63.6791
207.626,-106.761,63.159
207.171,-107.403,62.6508
206.707,-108.048,62.1549
206.235,-108.696,61.6712
205.754,-109.347,61.1999
205.266,-110.001,60.7411
204.769,-110.657,60.2949
204.265,-111.315,59.8613
203.753,-111.976,59.4406
203.233,-112.639,59.0327
202.705,-113.304,58.6379
202.171,-113.971,58.2561
201.629,-114.639,57.8875
201.08,-115.309,57.5321
200.525,-115.98,57.19
199.962,-116.652,56.8614
199.393,-117.325,56.5463
198.818,-117.999,56.2448
198.237,-118.673,55.957
197.649,-119.348,55.6828
197.056,-120.024,55.4225
196.457,-120.699,55.1761
195.852,-121.375,54.9436
195.242,-122.05,54.7251
194.627,-122.725,54.5207
194.006,-123.4,54.3304
193.381,-124.074,54.1543
192.752,-124.747,53.9924
192.117,-125.419,53.8447
191.479,-126.09,53.7114
190.836,-126.76,53.5924
190.189,-127.428,53.4877
189.538,-128.095,53.3975
188.884,-128.76,53.3217
188.227,-129.423,53.2604
187.566,-130.084,53.2136
186.902,-130.743,53.1813
186.235,-131.4,53.1634
185.565,-132.054,53.1601
184.893,-132.705,53.1713
184.219,-133.354,53.1971
183.542,-133.999,53.2373
182.864,-134.641,53.2921
182.184,-135.28,53.3614
181.502,-135.916,53.4452
180.819,-136.548,53.5434
180.134,-137.177,53.6562
179.449,-137.801,53.7833
178.762,-138.421,53.9249
178.075,-139.038,54.0808
177.388,-139.65,54.2511
176.7,-140.257,54.4356
176.013,-140.86,54.6345
175.325,-141.458,54.8475
174.639,-142.062,55.0715
173.95,-142.657,55.3034
173.262,-143.249,55.5425
172.575,-143.837,55.7908
171.889,-144.42,56.0498
171.203,-144.998,56.3204
170.518,-145.571,56.6033
169.834,-146.139,56.8989
169.152,-146.701,57.2075
168.472,-147.258,57.5294
167.793,-147.809,57.8647
167.117,-148.354,58.2133
166.442,-148.893,58.5754
165.771,-149.426,58.9509
165.102,-149.953,59.3397
164.436,-150.473,59.7418
163.772,-150.987,60.1571
163.113,-151.494,60.5854
162.456,-151.994,61.0268
161.803,-152.488,61.481
161.155,-152.974,61.948
160.509,-153.454,62.4277
159.869,-153.926,62.9198
159.232,-154.391,63.4244
158.6,-154.848,63.9412
157.972,-155.298,64.4702
157.35,-155.741,65.0111
156.732,-156.175,65.564
156.12,-156.602,66.1285
155.513,-157.021,66.7046
154.911,-157.432,67.2922
154.315,-157.835,67.891
153.725,-158.23,68.5009
153.141,-158.616,69.1218
152.564,-158.994,69.7536
151.992,-159.364,70.396
151.427,-159.725,71.0489
150.869,-160.078,71.7121
150.317,-160.422,72.3854
149.759,-160.768,73.0806
149.201,-161.104,73.7742
148.646,-161.433,74.4684
148.095,-161.756,75.1659
147.55,-162.072,75.8683
147.011,-162.38,76.5768
146.479,-162.679,77.2922
145.954,-162.971,78.0151
145.437,-163.254,78.7459
144.929,-163.528,79.4847
144.428,-163.793,80.2317
143.935,-164.049,80.9868
143.451,-164.296,81.75
142.976,-164.534,82.5212
142.509,-164.762,83.3003
142.051,-164.981,84.0871
141.602,-165.19,84.8815
141.162,-165.39,85.6833
140.72,-165.589,86.5076
140.277,-165.777,87.3293
139.837,-165.959,88.1502
139.403,-166.134,88.9723
138.976,-166.302,89.7971
138.556,-166.462,90.6254
138.146,-166.613,91.4581
137.744,-166.756,92.2954
137.351,-166.89,93.1377
136.968,-167.014,93.9852
136.596,-167.13,94.8378
136.233,-167.235,95.6955
135.88,-167.331,96.5583
135.538,-167.417,97.4259
135.206,-167.494,98.2984
134.885,-167.561,99.1753
134.574,-167.618,100.057
134.274,-167.665,100.942
133.985,-167.703,101.832
133.706,-167.73,102.725
133.439,-167.748,103.622
133.182,-167.756,104.522
132.937,-167.755,105.425
132.702,-167.743,106.331
132.479,-167.722,107.24
132.267,-167.691,108.151
132.067,-167.65,109.064
131.877,-167.6,109.98
131.699,-167.54,110.896
131.533,-167.471,111.815
131.378,-167.391,112.734
131.234,-167.303,113.655
131.103,-167.205,114.577
130.982,-167.097,115.498
130.874,-166.981,116.421
130.777,-166.854,117.343
130.692,-166.719,118.265
130.619,-166.574,119.187
130.558,-166.42,120.108
130.505,-166.266,121.035
130.454,-166.102,121.959
130.404,-165.931,122.901
130.349,-165.753,123.837
130.292,-165.571,124.768
130.239,-165.386,125.695
130.191,-165.194,126.619
130.152,-164.997,127.54
130.118,-164.801,128.466
130.085,-164.596,129.387
130.052,-164.395,130.312
130.016,-164.186,131.232
129.981,-163.972,132.149
129.95,-163.753,133.063
129.926,-163.526,133.974
129.91,-163.293,134.883
129.905,-163.052,135.79
129.909,-162.803,136.693
129.925,-162.546,137.594
129.952,-162.281,138.492
129.991,-162.008,139.387
130.041,-161.727,140.279
130.104,-161.438,141.167
130.179,-161.141,142.052
130.266,-160.836,142.932
130.366,-160.524,143.809
130.477,-160.203,144.681
130.601,-159.875,145.549
130.737,-159.539,146.412
130.882,-159.204,147.279
131.027,-158.866,148.15
131.168,-158.52,149.016
131.308,-158.17,149.878
131.451,-157.815,150.736
131.6,-157.454,151.589
131.758,-157.088,152.438
131.924,-156.714,153.281
132.1,-156.335,154.12
132.288,-155.949,154.952
132.486,-155.556,155.779
132.695,-155.157,156.6
132.916,-154.752,157.414
133.149,-154.34,158.222
133.393,-153.922,159.023
133.649,-153.498,159.818
133.917,-153.068,160.605
134.196,-152.632,161.384
134.487,-152.191,162.157
134.79,-151.744,162.921
135.104,-151.291,163.678
135.429,-150.833,164.426
135.766,-150.369,165.166
136.114,-149.901,165.898
136.473,-149.428,166.621
136.844,-148.949,167.335
137.225,-148.466,168.04
137.618,-147.979,168.736
138.021,-147.487,169.422
138.435,-146.991,170.099
138.86,-146.49,170.767
139.295,-145.986,171.424
139.741,-145.478,172.071
140.197,-144.966,172.708
140.663,-144.451,173.335
141.14,-143.932,173.952
141.626,-143.41,174.557
142.122,-142.885,175.152
142.628,-142.357,175.736
143.144,-141.826,176.309
143.669,-141.292,176.87
144.204,-140.756,177.421
144.748,-140.218,177.959
145.301,-139.677,178.486
145.863,-139.134,179.001
146.435,-138.59,179.505
147.016,-138.047,180.008
147.598,-137.497,180.501
148.182,-136.945,180.986
148.77,-136.391,181.463
149.364,-135.836,181.929
149.966,-135.281,182.396
150.567,-134.721,182.854
151.169,-134.158,183.306
151.774,-133.594,183.749
152.384,-133.028,184.181
153.0,-132.461,184.603
153.622,-131.894,185.014
154.251,-131.325,185.412
154.886,-130.756,185.799
155.529,-130.187,186.173
156.179,-129.618,186.534
156.836,-129.05,186.882
157.5,-128.481,187.217
158.171,-127.913,187.539
158.848,-127.346,187.847
159.532,-126.779,188.142
160.223,-126.214,188.424
160.919,-125.649,188.692
161.622,-125.086,188.946
162.331,-124.524,189.187
163.046,-123.964,189.414
163.766,-123.406,189.627
164.492,-122.85,189.826
165.223,-122.296,190.012
165.959,-121.744,190.183
166.7,-121.194,190.341
167.446,-120.647,190.484
168.196,-120.103,190.613
168.951,-119.561,190.729
169.71,-119.023,190.83
170.472,-118.487,190.917
171.239,-117.956,190.99
172.009,-117.427,191.049
172.783,-116.902,191.094
173.56,-116.381,191.125
174.34,-115.864,191.142
175.122,-115.351,191.144
175.908,-114.842,191.132
176.696,-114.338,191.107
177.503,-113.826,191.071
178.303,-113.312,191.027
179.1,-112.8,190.979
179.894,-112.29,190.922
180.688,-111.784,190.856
181.482,-111.282,190.778
182.283,-110.784,190.699
183.078,-110.284,190.611
183.872,-109.786,190.517
184.664,-109.29,190.413
185.456,-108.798,190.298
186.254,-108.309,190.182
187.048,-107.818,190.057
187.839,-107.327,189.925
188.629,-106.839,189.783
189.418,-106.355,189.632
190.207,-105.874,189.468
190.995,-105.399,189.293
191.783,-104.929,189.105
192.579,-104.464,188.913
193.388,-103.986,188.711
194.185,-103.5,188.509
194.977,-103.014,188.307
195.765,-102.529,188.101
196.549,-102.048,187.887
197.332,-101.571,187.665
198.113,-101.099,187.433
198.892,-100.633,187.189
199.671,-100.174,186.934
200.448,-99.7218,186.666
201.225,-99.2764,186.386
202.0,-98.8383,186.094
202.774,-98.4075,185.788
203.547,-97.9842,185.47
204.318,-97.5685,185.139
205.087,-97.1606,184.795
205.855,-96.7605,184.439
206.62,-96.3684,184.069
207.384,-95.9843,183.687
208.145,-95.6083,183.293
208.903,-95.2406,182.886
209.659,-94.8812,182.466
210.412,-94.5302,182.035
211.162,-94.1877,181.592
211.908,-93.8539,181.136
212.651,-93.5287,180.669
213.39,-93.2123,180.19
214.126,-92.9048,179.7
214.857,-92.6063,179.198
215.585,-92.3168,178.685
216.308,-92.0365,178.161
217.026,-91.7654,177.626
217.74,-91.5036,177.08
218.449,-91.2511,176.524
219.153,-91.0081,175.957
219.851,-90.7747,175.38
220.557,-90.5475,174.794
221.254,-90.3199,174.201
221.946,-90.0954,173.603
222.632,-89.8762,172.999
223.313,-89.6637,172.387
223.988,-89.4589,171.768
224.657,-89.2625,171.141
225.32,-89.0751,170.506
225.977,-88.897,169.861
226.628,-88.7286,169.209
227.272,-88.57,168.547
227.909,-88.4215,167.878
228.54,-88.2831,167.199
229.163,-88.155,166.513
229.78,-88.0372,165.818
230.389,-87.9298,165.116
230.991,-87.8328,164.405
231.585,-87.7463,163.687
232.176,-87.6792,162.946
232.759,-87.6119,162.202
233.337,-87.5419,161.457
233.909,-87.4733,160.709
234.486,-87.4064,159.96
235.064,-87.3355,159.194
235.635,-87.2542,158.432
236.203,-87.1669,157.671
236.766,-87.0783,156.911
237.324,-86.9921,156.15
237.875,-86.9108,155.386
238.419,-86.8363,154.618
238.956,-86.7699,153.847
239.484,-86.7129,153.071
240.005,-86.6657,152.29
240.518,-86.6289,151.504
241.022,-86.6029,150.714
241.518,-86.5878,149.918
242.005,-86.5839,149.117
242.484,-86.5912,148.312
242.953,-86.6098,147.501
243.414,-86.6397,146.686
243.865,-86.6809,145.867
244.308,-86.7335,145.044
244.741,-86.7973,144.216
245.165,-86.8724,143.385
245.579,-86.9588,142.55
245.983,-87.0563,141.712
246.39,-87.1635,140.87
246.786,-87.272,140.024
247.175,-87.3845,139.177
247.555,-87.5032,138.328
247.928,-87.6296,137.477
248.291,-87.7647,136.623
248.644,-87.9091,135.768
248.988,-88.0635,134.911
249.323,-88.2281,134.052
249.647,-88.4031,133.191
249.962,-88.5886,132.329
250.266,-88.7848,131.466
250.56,-88.9918,130.602
250.854,-89.2116,129.719
251.138,-89.4285,128.836
251.415,-89.6467,127.956
251.685,-89.8691,127.077
251.947,-90.0978,126.199
252.201,-90.3341,125.323
252.445,-90.5791,124.448
252.679,-90.8333,123.574
252.903,-91.0971,122.702
253.117,-91.3709,121.83
253.321,-91.6548,120.96
253.514,-91.949,120.092
253.708,-92.2531,119.221
253.891,-92.558,118.35
254.066,-92.8662,117.48
254.232,-93.1799,116.611
254.389,-93.5005,115.744
254.536,-93.829,114.879
254.685,-94.1662,114.012
254.834,-94.5029,113.14
254.975,-94.8324,112.268
255.111,-95.1599,111.396
255.241,-95.4891,110.525
255.362,-95.8226,109.656
255.474,-96.1622,108.789
255.577,-96.509,107.924
255.67,-96.8639,107.062
255.753,-97.2274,106.202
255.826,-97.5999,105.346
255.888,-97.9817,104.493
255.939,-98.3729,103.644
255.991,-98.7741,102.794
256.031,-99.1755,101.945
256.064,-99.5797,101.098
256.088,-99.9888,100.255
256.103,-100.404,99.4145
256.109,-100.827,98.5782
256.104,-101.257,97.7462
256.089,-101.696,96.9189
256.064,-102.143,96.0965
256.029,-102.598,95.2794
255.983,-103.063,94.4678
255.927,-103.536,93.662
255.86,-104.017,92.8622
255.783,-104.507,92.0686
255.695,-105.006,91.2815
255.597,-105.513,90.501
255.49,-106.038,89.709
255.374,-106.558,88.9201
255.253,-107.077,88.1354
255.136,-107.601,87.3499
255.011,-108.119,86.5663
254.882,-108.637,85.7863
254.746,-109.156,85.0112
254.602,-109.679,84.2419
254.451,-110.207,83.4791
254.29,-110.74,82.7233
254.121,-111.28,81.975
253.942,-111.827,81.2345
253.763,-112.384,80.4952
253.573,-112.939,79.7592
253.377,-113.495,79.0279
253.173,-114.054,78.3025
252.961,-114.618,77.5838
252.74,-115.188,76.8726
252.51,-115.763,76.1695
252.271,-116.344,75.4748
252.023,-116.931,74.789
251.765,-117.525,74.1124
251.498,-118.125,73.4452
251.222,-118.731,72.7877
250.936,-119.344,72.1402
250.641,-119.963,71.5027
250.338,-120.587,70.8755
250.025,-121.218,70.2588
249.703,-121.855,69.6527
249.38,-122.501,69.0495
249.047,-123.145,68.4512
248.708,-123.79,67.8588
248.363,-124.436,67.2737
248.01,-125.085,66.6973
247.649,-125.738,66.1302
247.28,-126.395,65.5733
246.904,-127.056,65.027
246.52,-127.722,64.4918
246.128,-128.391,63.9678
245.728,-129.065,63.4555
245.32,-129.743,62.9551
244.905,-130.425,62.4667
244.482,-131.111,61.9906
244.058,-131.806,61.5185
243.632,-132.504,61.0439
243.199,-133.194,60.5693
242.762,-133.88,60.0969
242.32,-134.566,59.63
241.873,-135.251,59.1707
241.419,-135.938,58.7205
240.966,-136.632,58.2723
240.504,-137.322,57.8285
240.038,-138.01,57.3903
239.567,-138.698,56.9599
239.09,-139.387,56.539
238.607,-140.077,56.1286
238.118,-140.77,55.7298
237.623,-141.465,55.343
237.122,-142.162,54.9688
236.62,-142.868,54.599
236.112,-143.579,54.2283
235.6,-144.282,53.8588
235.086,-144.983,53.4918
234.569,-145.682,53.1306
234.05,-146.389,52.7681
233.516,-147.104,52.4134
232.98,-147.807,52.0534
232.443,-148.502,51.6879
231.904,-149.192,51.3228
231.361,-149.878,50.9623
230.815,-150.562,50.6092
230.266,-151.246,50.2655
229.712,-151.93,49.9328
229.154,-152.615,49.6119
228.592,-153.301,49.3039
228.026,-153.989,49.009
227.46,-154.685,48.7191
226.887,-155.376,48.4363
226.31,-156.065,48.1609
225.73,-156.753,47.895
225.146,-157.442,47.6402
224.559,-158.131,47.3975
223.967,-158.82,47.1678
223.372,-159.511,46.9516
222.773,-160.202,46.7492
222.171,-160.893,46.561
221.565,-161.586,46.3872
220.956,-162.279,46.2279
220.344,-162.972,46.0832
219.729,-163.665,45.9533
219.111,-164.359,45.8381
218.49,-165.052,45.7378
217.867,-165.745,45.6523
217.242,-166.438,45.5817
216.615,-167.13,45.5261
215.985,-167.822,45.4853
215.354,-168.512,45.4594
214.721,-169.202,45.4485
214.087,-169.89,45.4525
213.452,-170.577,45.4714
212.815,-171.262,45.5052
212.178,-171.946,45.5539
211.54,-172.627,45.6175
210.901,-173.307,45.6959
210.262,-173.984,45.7892
209.623,-174.659,45.8973
208.983,-175.332,46.0201
208.331,-176.018,46.1562
207.676,-176.693,46.2956
207.022,-177.365,46.4392
206.364,-178.041,46.6103
205.707,-178.713,46.783
205.051,-179.38,46.9541
204.396,-180.044,47.1281
203.742,-180.703,47.3084
203.09,-181.369,47.4905
202.434,-182.026,47.6758
201.778,-182.678,47.8651
201.123,-183.326,48.062
200.469,-183.97,48.2684
199.816,-184.61,48.486
199.165,-185.256,48.7093
198.51,-185.904,48.9316
197.85,-186.542,49.1529
197.19,-187.176,49.3753
196.528,-187.805,49.6033
195.868,-188.43,49.8395
195.208,-189.05,50.086
194.55,-189.666,50.3439
193.894,-190.278,50.6143
193.239,-190.886,50.8976
192.588,-191.49,51.1943
191.939,-192.089,51.5047
191.292,-192.684,51.8289
190.649,-193.275,52.1669
190.008,-193.871,52.5131
189.365,-194.458,52.8664
188.723,-195.041,53.2262
188.082,-195.618,53.595
187.443,-196.19,53.974
186.808,-196.757,54.3644
186.176,-197.319,54.7668
185.547,-197.876,55.1815
184.919,-198.439,55.63
184.282,-198.989,56.074
183.642,-199.534,56.5161
183.001,-200.072,56.9608
182.387,-200.621,57.4429
181.759,-201.148,57.9283
181.126,-201.662,58.3957
180.485,-202.166,58.8478
179.837,-202.658,59.292
179.185,-203.138,59.7337
178.53,-203.606,60.1769
177.875,-204.064,60.6245
177.219,-204.511,61.0783
176.564,-204.948,61.54
175.905,-205.395,62.0051
175.245,-205.844,62.4769
174.586,-206.295,62.9578
173.931,-206.746,63.4486
173.282,-207.196,63.9498
172.638,-207.645,64.4617
172.001,-208.091,64.9844
171.371,-208.534,65.5179
170.747,-208.974,66.0624
170.131,-209.409,66.6178
169.522,-209.84,67.1842
168.92,-210.266,67.7616
168.325,-210.687,68.3499
167.737,-211.102,68.9493
167.157,-211.511,69.5596
166.584,-211.914,70.1808
166.019,-212.311,70.8127
165.462,-212.701,71.4554
164.912,-213.084,72.1086
164.37,-213.46,72.7722
163.836,-213.83,73.4461
163.31,-214.192,74.1302
162.793,-214.546,74.8243
162.283,-214.894,75.5283
161.783,-215.233,76.2419
161.29,-215.565,76.965
160.807,-215.889,77.6975
160.332,-216.206,78.439
159.866,-216.514,79.1895
159.41,-216.814,79.9488
158.962,-217.107,80.7166
158.524,-217.391,81.4929
158.095,-217.667,82.2773
157.676,-217.934,83.0696
157.266,-218.194,83.8698
156.867,-218.445,84.6775
156.477,-218.687,85.4926
156.097,-218.922,86.3149
155.727,-219.147,87.1441
155.367,-219.364,87.9801
155.018,-219.573,88.8226
154.679,-219.772,89.6714
154.351,-219.963,90.5263
154.033,-220.146,91.3871
153.726,-220.32,92.2536
153.429,-220.484,93.1255
153.144,-220.64,94.0027
152.869,-220.788,94.8848
152.606,-220.926,95.7718
152.354,-221.056,96.6633
152.112,-221.176,97.5591
151.882,-221.288,98.4591
151.664,-221.391,99.3629
151.457,-221.485,100.27
151.261,-221.57,101.181
151.077,-221.646,102.095
150.904,-221.714,103.012
150.743,-221.772,103.932
150.594,-221.821,104.854
150.456,-221.862,105.779
150.331,-221.893,106.705
150.217,-221.916,107.634
150.115,-221.93,108.564
150.025,-221.934,109.495
149.947,-221.93,110.427
149.88,-221.918,111.36
149.826,-221.896,112.294
149.784,-221.865,113.228
149.754,-221.826,114.162
149.736,-221.778,115.096
149.73,-221.721,116.03
149.737,-221.656,116.963
149.755,-221.582,117.896
149.786,-221.499,118.827
149.828,-221.407,119.757
149.883,-221.308,120.686
149.95,-221.199,121.613
150.029,-221.082,122.538
150.117,-220.966,123.467
150.207,-220.841,124.414
150.287,-220.708,125.356
150.365,-220.573,126.293
150.445,-220.434,127.227
150.53,-220.289,128.156
150.622,-220.139,129.082
150.723,-219.982,130.005
150.834,-219.818,130.923
150.956,-219.648,131.839
151.089,-219.47,132.75
151.233,-219.284,133.657
151.389,-219.091,134.561
151.557,-218.89,135.46
151.736,-218.682,136.355
151.928,-218.466,137.246
152.132,-218.25,138.139
152.338,-218.034,139.035
152.541,-217.811,139.928
152.744,-217.585,140.818
152.951,-217.354,141.704
153.164,-217.117,142.586
153.385,-216.874,143.464
153.615,-216.625,144.338
153.869,-216.364,145.222
154.123,-216.1,146.098
154.378,-215.834,146.97
154.638,-215.564,147.838
154.904,-215.291,148.701
155.179,-215.012,149.558
155.463,-214.728,150.408
155.757,-214.445,151.261
156.054,-214.155,152.106
156.357,-213.863,152.947
156.667,-213.566,153.783
156.986,-213.264,154.612
157.314,-212.958,155.435
157.652,-212.646,156.252
158.0,-212.328,157.061
158.36,-212.005,157.863
158.731,-211.676,158.657
159.113,-211.342,159.443
159.507,-211.002,160.222
159.911,-210.656,160.992
160.327,-210.305,161.753
160.754,-209.949,162.506
161.192,-209.588,163.249
161.64,-209.222,163.984
162.1,-208.85,164.709
162.57,-208.474,165.425
163.051,-208.093,166.131
163.542,-207.707,166.828
164.044,-207.317,167.514
164.572,-206.915,168.194
165.1,-206.508,168.867
165.625,-206.096,169.537
166.151,-205.681,170.201
166.679,-205.262,170.859
167.213,-204.839,171.508
167.754,-204.412,172.148
168.301,-203.982,172.778
168.856,-203.549,173.398
169.419,-203.113,174.008
169.991,-202.673,174.606
170.571,-202.23,175.194
171.16,-201.785,175.77
171.758,-201.337,176.334
172.364,-200.886,176.886
172.989,-200.437,177.42
173.617,-199.986,177.945
174.247,-199.531,178.466
174.88,-199.073,178.98
175.517,-198.61,179.487
176.159,-198.145,179.984
176.807,-197.677,180.47
177.463,-197.21,180.957
178.119,-196.736,181.435
178.776,-196.259,181.907
179.438,-195.784,182.381
180.098,-195.301,182.848
180.757,-194.816,183.31
181.418,-194.329,183.764
182.084,-193.84,184.208
182.754,-193.35,184.642
183.43,-192.858,185.065
184.112,-192.365,185.475
184.801,-191.871,185.873
185.496,-191.377,186.259
186.197,-190.882,186.631
186.905,-190.387,186.991
187.62,-189.891,187.337
188.34,-189.396,187.669
189.067,-188.9,187.988
189.8,-188.405,188.293
190.538,-187.91,188.584
191.282,-187.415,188.862
192.032,-186.922,189.125
192.787,-186.428,189.375
193.547,-185.936,189.61
194.312,-185.445,189.831
195.081,-184.955,190.038
195.855,-184.467,190.231
196.634,-183.979,190.41
197.416,-183.494,190.574
198.203,-183.01,190.724
198.993,-182.528,190.86
199.787,-182.048,190.981
200.584,-181.57,191.088
201.384,-181.095,191.18
202.188,-180.621,191.258
203.011,-180.141,191.328
203.827,-179.657,191.391
204.64,-179.173,191.448
205.451,-178.691,191.497
206.263,-178.211,191.535
207.074,-177.734,191.563
207.886,-177.261,191.578
208.699,-176.79,191.58
209.513,-176.324,191.568
210.327,-175.86,191.544
211.143,-175.401,191.505
211.96,-174.946,191.452
212.778,-174.494,191.384
213.596,-174.047,191.303
214.415,-173.603,191.207
215.235,-173.165,191.096
216.054,-172.73,190.972
216.873,-172.3,190.833
217.693,-171.875,190.679
218.512,-171.454,190.512
219.33,-171.038,190.33
220.147,-170.627,190.134
220.964,-170.221,189.924
221.779,-169.821,189.7
222.593,-169.426,189.463
223.405,-169.036,189.211
224.216,-168.651,188.945
225.024,-168.272,188.666
225.83,-167.899,188.373
226.635,-167.532,188.066
227.436,-167.171,187.746
228.235,-166.816,187.413
229.031,-166.467,187.066
229.833,-166.124,186.714
230.638,-165.778,186.36
231.436,-165.426,186.003
232.229,-165.072,185.643
233.019,-164.719,185.277
233.805,-164.369,184.903
234.587,-164.022,184.52
235.365,-163.68,184.126
236.139,-163.344,183.72
236.91,-163.013,183.304
237.676,-162.689,182.875
238.439,-162.371,182.434
239.197,-162.061,181.982
239.96,-161.757,181.524
240.716,-161.451,181.057
241.478,-161.146,180.591
242.232,-160.836,180.119
242.982,-160.526,179.645
243.727,-160.219,179.164
244.467,-159.914,178.675
245.203,-159.615,178.177
245.933,-159.322,177.669
246.659,-159.035,177.15
247.379,-158.755,176.621
248.093,-158.483,176.082
248.802,-158.218,175.531
249.516,-157.96,174.975
250.222,-157.701,174.411
250.922,-157.445,173.842
251.617,-157.193,173.265
252.306,-156.946,172.68
252.99,-156.706,172.086
253.667,-156.473,171.482
254.337,-156.247,170.869
255.001,-156.03,170.247
255.658,-155.821,169.614
256.309,-155.62,168.972
256.952,-155.428,168.32
257.588,-155.245,167.659
258.229,-155.069,166.993
258.859,-154.893,166.319
259.484,-154.72,165.641
260.103,-154.552,164.956
260.714,-154.389,164.265
261.318,-154.234,163.566
261.915,-154.087,162.86
262.504,-153.948,162.145
263.085,-153.817,161.423
263.657,-153.696,160.693
264.222,-153.583,159.955
264.778,-153.48,159.21
265.325,-153.386,158.457
265.864,-153.302,157.696
266.393,-153.227,156.929
266.914,-153.162,156.154
267.426,-153.106,155.373
267.928,-153.06,154.585
268.421,-153.024,153.791
268.904,-152.997,152.99
269.378,-152.98,152.184
