0.0611071,0.0636589,0.295675
0.0611071,0.0636589,0.295675
0.0611071,0.0636589,0.295675
0.17788,0.0588153,1.50276
0.17788,0.0588153,1.50276
0.17788,0.0588153,1.50276
0.341107,0.0296047,2.62544
0.341107,0.0296047,2.62544
0.341107,0.0296047,2.62544
0.516542,-0.0122875,3.6827
0.516542,-0.0122875,3.6827
0.516542,-0.0122875,3.6827
0.72604,-0.0548787,4.70067
0.72604,-0.0548787,4.70067
0.72604,-0.0548787,4.70067
0.993306,-0.0961356,5.69668
0.993306,-0.0961356,5.69668
0.993306,-0.0961356,5.69668
1.30672,-0.139722,6.66414
1.30672,-0.139722,6.66414
1.30672,-0.139722,6.66414
1.66369,-0.185361,7.6089
1.66369,-0.185361,7.6089
1.66369,-0.185361,7.6089
2.06684,-0.226889,8.52684
2.06684,-0.226889,8.52684
2.06684,-0.226889,8.52684
2.50629,-0.267457,9.42363
2.50629,-0.267457,9.42363
2.50629,-0.267457,9.42363
2.98427,-0.307656,10.2946
2.98427,-0.307656,10.2946
2.98427,-0.307656,10.2946
3.50131,-0.346869,11.1368
3.50131,-0.346869,11.1368
3.50131,-0.346869,11.1368
4.05644,-0.386111,11.9501
4.05644,-0.386111,11.9501
4.05644,-0.386111,11.9501
4.64668,-0.422061,12.7324
4.64668,-0.422061,12.7324
4.64668,-0.422061,12.7324
5.27635,-0.457646,13.4803
5.27635,-0.457646,13.4803
5.27635,-0.457646,13.4803
5.93027,-0.493246,14.1952
5.93027,-0.493246,14.1952
5.93027,-0.493246,14.1952
6.62329,-0.525045,14.874
6.62329,-0.525045,14.874
6.62329,-0.525045,14.874
7.3427,-0.556157,15.5187
7.3427,-0.556157,15.5187
7.3427,-0.556157,15.5187
8.08526,-0.587689,16.1286
8.08526,-0.587689,16.1286
8.08526,-0.587689,16.1286
8.856,-0.615437,16.6947
8.856,-0.615437,16.6947
8.856,-0.615437,16.6947
9.63878,-0.661198,17.252
9.63878,-0.661198,17.252
9.63878,-0.661198,17.252
10.4518,-0.703768,17.7632
10.4518,-0.703768,17.7632
10.4518,-0.703768,17.7632
11.2928,-0.741829,18.227
11.2928,-0.741829,18.227
11.2928,-0.741829,18.227
12.1461,-0.763451,18.6513
12.1461,-0.763451,18.6513
12.1461,-0.763451,18.6513
13.0286,-0.787413,19.0389
13.0286,-0.787413,19.0389
13.0286,-0.787413,19.0389
13.9306,-0.812929,19.3877
13.9306,-0.812929,19.3877
13.9306,-0.812929,19.3877
14.8446,-0.838039,19.707
14.8446,-0.838039,19.707
14.8446,-0.838039,19.707
15.7805,-0.857966,19.9968
15.7805,-0.857966,19.9968
15.7805,-0.857966,19.9968
16.7348,-0.87476,20.2587
16.7348,-0.87476,20.2587
16.7348,-0.87476,20.2587
17.7032,-0.893461,20.4881
17.7032,-0.893461,20.4881
17.7032,-0.893461,20.4881
18.6772,-0.909636,20.6896
18.6772,-0.909636,20.6896
18.6772,-0.909636,20.6896
19.6647,-0.924921,20.8611
19.6647,-0.924921,20.8611
19.6647,-0.924921,20.8611
20.6721,-0.938315,21.0015
20.6721,-0.938315,21.0015
20.6721,-0.938315,21.0015
21.6946,-0.948739,21.1133
21.6946,-0.948739,21.1133
21.6946,-0.948739,21.1133
22.7319,-0.956185,21.1983
22.7319,-0.956185,21.1983
22.7319,-0.956185,21.1983
23.7844,-0.960858,21.2553
23.7844,-0.960858,21.2553
23.7844,-0.960858,21.2553
24.8496,-0.962806,21.281
24.8496,-0.962806,21.281
24.8496,-0.962806,21.281
25.9284,-0.96299,21.2813
25.9284,-0.96299,21.2813
25.9284,-0.96299,21.2813
27.0214,-0.961026,21.2577
27.0214,-0.961026,21.2577
27.0214,-0.961026,21.2577
28.1253,-0.957658,21.2122
28.1253,-0.957658,21.2122
28.1253,-0.957658,21.2122
29.2404,-0.952131,21.1482
29.2404,-0.952131,21.1482
29.2404,-0.952131,21.1482
30.3676,-0.946811,21.0699
30.3676,-0.946811,21.0699
30.3676,-0.946811,21.0699
31.4996,-0.93972,20.9774
31.4996,-0.93972,20.9774
31.4996,-0.93972,20.9774
32.6378,-0.930694,20.8743
32.6378,-0.930694,20.8743
32.6378,-0.930694,20.8743
33.7818,-0.92145,20.7589
33.7818,-0.92145,20.7589
33.7818,-0.92145,20.7589
34.9362,-0.913191,20.6288
34.9362,-0.913191,20.6288
34.9362,-0.913191,20.6288
36.1076,-0.904916,20.4849
36.1076,-0.904916,20.4849
36.1076,-0.904916,20.4849
37.3009,-0.895123,20.3265
37.3009,-0.895123,20.3265
37.3009,-0.895123,20.3265
38.5176,-0.884604,20.1607
38.5176,-0.884604,20.1607
38.5176,-0.884604,20.1607
39.7574,-0.873496,19.9867
39.7574,-0.873496,19.9867
39.7574,-0.873496,19.9867
41.0134,-0.863879,19.803
41.0134,-0.863879,19.803
41.0134,-0.863879,19.803
42.2942,-0.855027,19.6122
42.2942,-0.855027,19.6122
42.2942,-0.855027,19.6122
43.5949,-0.847182,19.4121
43.5949,-0.847182,19.4121
43.5949,-0.847182,19.4121
44.9205,-0.837987,19.2063
44.9205,-0.837987,19.2063
44.9205,-0.837987,19.2063
46.2671,-0.822828,18.9954
46.2671,-0.822828,18.9954
46.2671,-0.822828,18.9954
47.6333,-0.808289,18.7793
47.6333,-0.808289,18.7793
47.6333,-0.808289,18.7793
49.0194,-0.793078,18.5554
49.0194,-0.793078,18.5554
49.0194,-0.793078,18.5554
50.4253,-0.779698,18.3289
50.4253,-0.779698,18.3289
50.4253,-0.779698,18.3289
51.8541,-0.765364,18.0957
51.8541,-0.765364,18.0957
51.8541,-0.765364,18.0957
53.2989,-0.754222,17.8618
53.2989,-0.754222,17.8618
53.2989,-0.754222,17.8618
54.7665,-0.745838,17.625
54.7665,-0.745838,17.625
54.7665,-0.745838,17.625
56.258,-0.73623,17.3869
56.258,-0.73623,17.3869
56.258,-0.73623,17.3869
57.7694,-0.726881,17.1494
57.7694,-0.726881,17.1494
57.7694,-0.726881,17.1494
59.3022,-0.717762,16.9081
59.3022,-0.717762,16.9081
59.3022,-0.717762,16.9081
60.8455,-0.706999,16.6686
60.8455,-0.706999,16.6686
60.8455,-0.706999,16.6686
62.4186,-0.70477,16.426
62.4186,-0.70477,16.426
62.4186,-0.70477,16.426
64.0102,-0.701047,16.1836
64.0102,-0.701047,16.1836
64.0102,-0.701047,16.1836
65.6225,-0.693863,15.9369
65.6225,-0.693863,15.9369
65.6225,-0.693863,15.9369
67.251,-0.685479,15.6877
67.251,-0.685479,15.6877
67.251,-0.685479,15.6877
68.8897,-0.677839,15.4394
68.8897,-0.677839,15.4394
68.8897,-0.677839,15.4394
70.5458,-0.673637,15.1873
70.5458,-0.673637,15.1873
70.5458,-0.673637,15.1873
72.2164,-0.670097,14.9384
72.2164,-0.670097,14.9384
72.2164,-0.670097,14.9384
73.9014,-0.665727,14.6858
73.9014,-0.665727,14.6858
73.9014,-0.665727,14.6858
75.6077,-0.658629,14.4333
75.6077,-0.658629,14.4333
75.6077,-0.658629,14.4333
77.326,-0.650412,14.1759
77.326,-0.650412,14.1759
77.326,-0.650412,14.1759
79.0616,-0.643285,13.9179
79.0616,-0.643285,13.9179
79.0616,-0.643285,13.9179
80.8131,-0.637222,13.6564
80.8131,-0.637222,13.6564
80.8131,-0.637222,13.6564
82.575,-0.632748,13.3947
82.575,-0.632748,13.3947
82.575,-0.632748,13.3947
84.3511,-0.629866,13.1283
84.3511,-0.629866,13.1283
84.3511,-0.629866,13.1283
86.1413,-0.628686,12.8579
86.1413,-0.628686,12.8579
86.1413,-0.628686,12.8579
87.9526,-0.625826,12.5841
87.9526,-0.625826,12.5841
87.9526,-0.625826,12.5841
89.7743,-0.620629,12.3045
89.7743,-0.620629,12.3045
89.7743,-0.620629,12.3045
91.6203,-0.614416,12.0423
91.6203,-0.614416,12.0423
91.6203,-0.614416,12.0423
93.477,-0.608813,11.7623
93.477,-0.608813,11.7623
93.477,-0.608813,11.7623
95.3502,-0.604772,11.4745
95.3502,-0.604772,11.4745
95.3502,-0.604772,11.4745
97.2335,-0.598138,11.1739
97.2335,-0.598138,11.1739
97.2335,-0.598138,11.1739
99.1261,-0.596284,10.8647
99.1261,-0.596284,10.8647
99.1261,-0.596284,10.8647
101.028,-0.59399,10.5486
101.028,-0.59399,10.5486
101.028,-0.59399,10.5486
102.934,-0.594524,10.2184
102.934,-0.594524,10.2184
102.934,-0.594524,10.2184
104.85,-0.594438,9.8733
104.85,-0.594438,9.8733
104.85,-0.594438,9.8733
106.773,-0.59834,9.51668
106.773,-0.59834,9.51668
106.773,-0.59834,9.51668
108.707,-0.603815,9.1486
108.707,-0.603815,9.1486
108.707,-0.603815,9.1486
110.651,-0.605901,8.77054
110.651,-0.605901,8.77054
110.651,-0.605901,8.77054
112.604,-0.607411,8.38148
112.604,-0.607411,8.38148
112.604,-0.607411,8.38148
114.564,-0.605903,7.97719
114.564,-0.605903,7.97719
114.564,-0.605903,7.97719
116.53,-0.603322,7.55968
116.53,-0.603322,7.55968
116.53,-0.603322,7.55968
118.5,-0.601912,7.12739
118.5,-0.601912,7.12739
118.5,-0.601912,7.12739
120.478,-0.600461,6.6834
120.478,-0.600461,6.6834
120.478,-0.600461,6.6834
122.467,-0.598711,6.22074
122.467,-0.598711,6.22074
122.467,-0.598711,6.22074
124.462,-0.597915,5.74743
124.462,-0.597915,5.74743
124.462,-0.597915,5.74743
126.459,-0.595072,5.26273
126.459,-0.595072,5.26273
126.459,-0.595072,5.26273
128.467,-0.593481,4.7652
128.467,-0.593481,4.7652
128.467,-0.593481,4.7652
130.478,-0.589489,4.25209
130.478,-0.589489,4.25209
130.478,-0.589489,4.25209
132.501,-0.581501,3.72616
132.501,-0.581501,3.72616
132.501,-0.581501,3.72616
134.525,-0.575643,3.19051
134.525,-0.575643,3.19051
134.525,-0.575643,3.19051
136.56,-0.569106,2.64625
136.56,-0.569106,2.64625
136.56,-0.569106,2.64625
138.601,-0.56234,2.09394
138.601,-0.56234,2.09394
138.601,-0.56234,2.09394
140.655,-0.555306,1.53134
140.655,-0.555306,1.53134
140.655,-0.555306,1.53134
142.704,-0.551617,0.959681
142.704,-0.551617,0.959681
142.704,-0.551617,0.959681
144.766,-0.545948,0.374671
144.766,-0.545948,0.374671
144.766,-0.545948,0.374671
146.834,-0.539204,-0.222917
146.834,-0.539204,-0.222917
146.834,-0.539204,-0.222917
148.902,-0.533865,-0.831037
148.902,-0.533865,-0.831037
148.902,-0.533865,-0.831037
150.977,-0.52941,-1.45184
150.977,-0.52941,-1.45184
150.977,-0.52941,-1.45184
153.067,-0.521923,-2.08722
153.067,-0.521923,-2.08722
153.067,-0.521923,-2.08722
155.15,-0.514645,-2.73237
155.15,-0.514645,-2.73237
155.15,-0.514645,-2.73237
157.244,-0.507106,-3.3902
157.244,-0.507106,-3.3902
157.244,-0.507106,-3.3902
159.341,-0.500251,-4.05744
159.341,-0.500251,-4.05744
159.341,-0.500251,-4.05744
161.441,-0.495217,-4.73488
161.441,-0.495217,-4.73488
161.441,-0.495217,-4.73488
163.554,-0.490046,-5.42489
163.554,-0.490046,-5.42489
163.554,-0.490046,-5.42489
165.67,-0.487698,-6.12485
165.67,-0.487698,-6.12485
165.67,-0.487698,-6.12485
167.791,-0.48454,-6.83442
167.791,-0.48454,-6.83442
167.791,-0.48454,-6.83442
169.918,-0.480161,-7.55516
169.918,-0.480161,-7.55516
169.918,-0.480161,-7.55516
172.051,-0.475754,-8.29061
172.051,-0.475754,-8.29061
172.051,-0.475754,-8.29061
174.187,-0.47074,-9.03701
174.187,-0.47074,-9.03701
174.187,-0.47074,-9.03701
176.329,-0.462661,-9.7915
176.329,-0.462661,-9.7915
176.329,-0.462661,-9.7915
178.478,-0.453274,-10.5546
178.478,-0.453274,-10.5546
178.478,-0.453274,-10.5546
180.632,-0.444121,-11.3247
180.632,-0.444121,-11.3247
180.632,-0.444121,-11.3247
182.79,-0.438478,-12.1045
182.79,-0.438478,-12.1045
182.79,-0.438478,-12.1045
184.956,-0.433939,-12.8955
184.956,-0.433939,-12.8955
184.956,-0.433939,-12.8955
187.128,-0.43588,-13.6969
187.128,-0.43588,-13.6969
187.128,-0.43588,-13.6969
189.301,-0.438421,-14.5078
189.301,-0.438421,-14.5078
189.301,-0.438421,-14.5078
191.476,-0.439193,-15.3312
191.476,-0.439193,-15.3312
191.476,-0.439193,-15.3312
193.664,-0.4403,-16.1686
193.664,-0.4403,-16.1686
193.664,-0.4403,-16.1686
195.855,-0.438929,-17.0167
195.855,-0.438929,-17.0167
195.855,-0.438929,-17.0167
198.046,-0.437098,-17.8749
198.046,-0.437098,-17.8749
198.046,-0.437098,-17.8749
200.248,-0.430621,-18.7483
200.248,-0.430621,-18.7483
200.248,-0.430621,-18.7483
202.431,-0.428397,-19.6229
202.431,-0.428397,-19.6229
202.431,-0.428397,-19.6229
204.638,-0.428239,-20.5173
204.638,-0.428239,-20.5173
204.638,-0.428239,-20.5173
206.827,-0.430592,-21.4139
206.827,-0.430592,-21.4139
206.827,-0.430592,-21.4139
209.024,-0.431985,-22.327
209.024,-0.431985,-22.327
209.024,-0.431985,-22.327
211.223,-0.430053,-23.248
211.223,-0.430053,-23.248
211.223,-0.430053,-23.248
213.422,-0.428354,-24.1765
213.422,-0.428354,-24.1765
213.422,-0.428354,-24.1765
215.616,-0.428079,-25.108
215.616,-0.428079,-25.108
215.616,-0.428079,-25.108
217.818,-0.430254,-26.0499
217.818,-0.430254,-26.0499
217.818,-0.430254,-26.0499
220.03,-0.435085,-27.0034
220.03,-0.435085,-27.0034
220.03,-0.435085,-27.0034
222.219,-0.442001,-27.9543
222.219,-0.442001,-27.9543
222.219,-0.442001,-27.9543
224.418,-0.450974,-28.9139
224.418,-0.450974,-28.9139
224.418,-0.450974,-28.9139
226.617,-0.461143,-29.8848
226.617,-0.461143,-29.8848
226.617,-0.461143,-29.8848
228.81,-0.469719,-30.8638
228.81,-0.469719,-30.8638
228.81,-0.469719,-30.8638
231.006,-0.475635,-31.8491
231.006,-0.475635,-31.8491
231.006,-0.475635,-31.8491
233.198,-0.476542,-32.8395
233.198,-0.476542,-32.8395
233.198,-0.476542,-32.8395
235.386,-0.478627,-33.8356
235.386,-0.478627,-33.8356
235.386,-0.478627,-33.8356
237.577,-0.481286,-34.8423
237.577,-0.481286,-34.8423
237.577,-0.481286,-34.8423
239.762,-0.482376,-35.8544
239.762,-0.482376,-35.8544
239.762,-0.482376,-35.8544
241.944,-0.484243,-36.8761
241.944,-0.484243,-36.8761
241.944,-0.484243,-36.8761
244.12,-0.485205,-37.9051
244.12,-0.485205,-37.9051
244.12,-0.485205,-37.9051
246.289,-0.48791,-38.9417
246.289,-0.48791,-38.9417
246.289,-0.48791,-38.9417
248.454,-0.486757,-39.9867
248.454,-0.486757,-39.9867
248.454,-0.486757,-39.9867
250.612,-0.486569,-41.0425
250.612,-0.486569,-41.0425
250.612,-0.486569,-41.0425
252.769,-0.488537,-42.1089
252.769,-0.488537,-42.1089
252.769,-0.488537,-42.1089
254.915,-0.487788,-43.1801
254.915,-0.487788,-43.1801
254.915,-0.487788,-43.1801
257.067,-0.485674,-44.2605
257.067,-0.485674,-44.2605
257.067,-0.485674,-44.2605
259.218,-0.481894,-45.3517
259.218,-0.481894,-45.3517
259.218,-0.481894,-45.3517
261.366,-0.477227,-46.4517
261.366,-0.477227,-46.4517
261.366,-0.477227,-46.4517
263.512,-0.472778,-47.5654
263.512,-0.472778,-47.5654
263.512,-0.472778,-47.5654
265.652,-0.471131,-48.6851
265.652,-0.471131,-48.6851
265.652,-0.471131,-48.6851
267.809,-0.469723,-49.8226
267.809,-0.469723,-49.8226
267.809,-0.469723,-49.8226
269.941,-0.467683,-50.9592
269.941,-0.467683,-50.9592
269.941,-0.467683,-50.9592
272.088,-0.465474,-52.1147
272.088,-0.465474,-52.1147
272.088,-0.465474,-52.1147
274.244,-0.461109,-53.285
274.244,-0.461109,-53.285
274.244,-0.461109,-53.285
276.398,-0.454848,-54.4629
276.398,-0.454848,-54.4629
276.398,-0.454848,-54.4629
278.568,-0.448862,-55.6572
278.568,-0.448862,-55.6572
278.568,-0.448862,-55.6572
280.735,-0.443963,-56.8628
280.735,-0.443963,-56.8628
280.735,-0.443963,-56.8628
282.923,-0.442132,-58.0852
282.923,-0.442132,-58.0852
282.923,-0.442132,-58.0852
285.094,-0.441374,-59.3064
285.094,-0.441374,-59.3064
285.094,-0.441374,-59.3064
287.276,-0.439216,-60.5464
287.276,-0.439216,-60.5464
287.276,-0.439216,-60.5464
289.473,-0.434826,-61.8039
289.473,-0.434826,-61.8039
289.473,-0.434826,-61.8039
291.672,-0.428283,-63.0704
291.672,-0.428283,-63.0704
291.672,-0.428283,-63.0704
293.884,-0.420251,-64.3469
293.884,-0.420251,-64.3469
293.884,-0.420251,-64.3469
296.095,-0.41077,-65.632
296.095,-0.41077,-65.632
296.095,-0.41077,-65.632
298.32,-0.399203,-66.9336
298.32,-0.399203,-66.9336
298.32,-0.399203,-66.9336
300.54,-0.386025,-68.2394
300.54,-0.386025,-68.2394
300.54,-0.386025,-68.2394
302.773,-0.375132,-69.5584
302.773,-0.375132,-69.5584
302.773,-0.375132,-69.5584
305.009,-0.367972,-70.887
305.009,-0.367972,-70.887
305.009,-0.367972,-70.887
307.253,-0.361105,-72.2302
307.253,-0.361105,-72.2302
307.253,-0.361105,-72.2302
309.505,-0.351745,-73.587
309.505,-0.351745,-73.587
309.505,-0.351745,-73.587
311.76,-0.338973,-74.9602
311.76,-0.338973,-74.9602
311.76,-0.338973,-74.9602
314.017,-0.322056,-76.3527
314.017,-0.322056,-76.3527
314.017,-0.322056,-76.3527
316.27,-0.304253,-77.7644
316.27,-0.304253,-77.7644
316.27,-0.304253,-77.7644
318.52,-0.282131,-79.1915
318.52,-0.282131,-79.1915
318.52,-0.282131,-79.1915
320.775,-0.262619,-80.6384
320.775,-0.262619,-80.6384
320.775,-0.262619,-80.6384
323.036,-0.243514,-82.1016
323.036,-0.243514,-82.1016
323.036,-0.243514,-82.1016
325.288,-0.22286,-83.5735
325.288,-0.22286,-83.5735
325.288,-0.22286,-83.5735
327.536,-0.202422,-85.0571
327.536,-0.202422,-85.0571
327.536,-0.202422,-85.0571
329.777,-0.180555,-86.5495
329.777,-0.180555,-86.5495
329.777,-0.180555,-86.5495
332.017,-0.157186,-88.0559
332.017,-0.157186,-88.0559
332.017,-0.157186,-88.0559
334.251,-0.129469,-89.5764
334.251,-0.129469,-89.5764
334.251,-0.129469,-89.5764
336.478,-0.100927,-91.108
336.478,-0.100927,-91.108
336.478,-0.100927,-91.108
338.701,-0.068263,-92.649
338.701,-0.068263,-92.649
338.701,-0.068263,-92.649
340.916,-0.0301503,-94.2012
340.916,-0.0301503,-94.2012
340.916,-0.0301503,-94.2012
343.134,0.0108549,-95.7691
343.134,0.0108549,-95.7691
343.134,0.0108549,-95.7691
345.346,0.0506136,-97.3431
345.346,0.0506136,-97.3431
345.346,0.0506136,-97.3431
347.556,0.0886998,-98.9219
347.556,0.0886998,-98.9219
347.556,0.0886998,-98.9219
349.764,0.125963,-100.511
349.764,0.125963,-100.511
349.764,0.125963,-100.511
351.961,0.163374,-102.107
351.961,0.163374,-102.107
351.961,0.163374,-102.107
354.16,0.203798,-103.723
354.16,0.203798,-103.723
354.16,0.203798,-103.723
356.347,0.243594,-105.34
356.347,0.243594,-105.34
356.347,0.243594,-105.34
358.527,0.278979,-106.967
358.527,0.278979,-106.967
358.527,0.278979,-106.967
360.711,0.32219,-108.607
360.711,0.32219,-108.607
360.711,0.32219,-108.607
362.881,0.374274,-110.248
362.881,0.374274,-110.248
362.881,0.374274,-110.248
365.045,0.427637,-111.898
365.045,0.427637,-111.898
365.045,0.427637,-111.898
367.201,0.479826,-113.555
367.201,0.479826,-113.555
367.201,0.479826,-113.555
369.351,0.530537,-115.222
369.351,0.530537,-115.222
369.351,0.530537,-115.222
371.489,0.582347,-116.893
371.489,0.582347,-116.893
371.489,0.582347,-116.893
373.625,0.630769,-118.572
373.625,0.630769,-118.572
373.625,0.630769,-118.572
375.763,0.674139,-120.254
375.763,0.674139,-120.254
375.763,0.674139,-120.254
377.873,0.700061,-121.926
377.873,0.700061,-121.926
377.873,0.700061,-121.926
379.975,0.712257,-123.629
379.975,0.712257,-123.629
379.975,0.712257,-123.629
382.071,0.734706,-125.343
382.071,0.734706,-125.343
382.071,0.734706,-125.343
384.178,0.787328,-127.056
384.178,0.787328,-127.056
384.178,0.787328,-127.056
386.285,0.862961,-128.767
386.285,0.862961,-128.767
386.285,0.862961,-128.767
388.385,0.946061,-130.478
388.385,0.946061,-130.478
388.385,0.946061,-130.478
390.468,1.02368,-132.194
390.468,1.02368,-132.194
390.468,1.02368,-132.194
392.534,1.09516,-133.92
392.534,1.09516,-133.92
392.534,1.09516,-133.92
394.595,1.15611,-135.655
394.595,1.15611,-135.655
394.595,1.15611,-135.655
396.652,1.2119,-137.399
396.652,1.2119,-137.399
396.652,1.2119,-137.399
398.704,1.27181,-139.148
398.704,1.27181,-139.148
398.704,1.27181,-139.148
400.752,1.3353,-140.899
400.752,1.3353,-140.899
400.752,1.3353,-140.899
402.784,1.40149,-142.652
402.784,1.40149,-142.652
402.784,1.40149,-142.652
404.819,1.46571,-144.425
404.819,1.46571,-144.425
404.819,1.46571,-144.425
406.844,1.53268,-146.196
406.844,1.53268,-146.196
406.844,1.53268,-146.196
408.867,1.59886,-147.974
408.867,1.59886,-147.974
408.867,1.59886,-147.974
410.889,1.66885,-149.755
410.889,1.66885,-149.755
410.889,1.66885,-149.755
412.902,1.74583,-151.53
412.902,1.74583,-151.53
412.902,1.74583,-151.53
414.921,1.82898,-153.317
414.921,1.82898,-153.317
414.921,1.82898,-153.317
416.93,1.90907,-155.099
416.93,1.90907,-155.099
416.93,1.90907,-155.099
418.936,1.9842,-156.88
418.936,1.9842,-156.88
418.936,1.9842,-156.88
420.938,2.05355,-158.666
420.938,2.05355,-158.666
420.938,2.05355,-158.666
422.938,2.121,-160.455
422.938,2.121,-160.455
422.938,2.121,-160.455
424.939,2.19,-162.249
424.939,2.19,-162.249
424.939,2.19,-162.249
426.931,2.25815,-164.041
426.931,2.25815,-164.041
426.931,2.25815,-164.041
428.924,2.32828,-165.837
428.924,2.32828,-165.837
428.924,2.32828,-165.837
430.906,2.40223,-167.632
430.906,2.40223,-167.632
430.906,2.40223,-167.632
432.891,2.47959,-169.431
432.891,2.47959,-169.431
432.891,2.47959,-169.431
434.868,2.56253,-171.227
434.868,2.56253,-171.227
434.868,2.56253,-171.227
436.85,2.6682,-173.019
436.85,2.6682,-173.019
436.85,2.6682,-173.019
438.84,2.77197,-174.798
438.84,2.77197,-174.798
438.84,2.77197,-174.798
440.829,2.85406,-176.565
440.829,2.85406,-176.565
440.829,2.85406,-176.565
442.834,2.93064,-178.34
442.834,2.93064,-178.34
442.834,2.93064,-178.34
444.841,3.01499,-180.11
444.841,3.01499,-180.11
444.841,3.01499,-180.11
446.85,3.10776,-181.875
446.85,3.10776,-181.875
446.85,3.10776,-181.875
448.86,3.20152,-183.629
448.86,3.20152,-183.629
448.86,3.20152,-183.629
450.872,3.28364,-185.373
450.872,3.28364,-185.373
450.872,3.28364,-185.373
452.902,3.36545,-187.112
452.902,3.36545,-187.112
452.902,3.36545,-187.112
454.936,3.44559,-188.843
454.936,3.44559,-188.843
454.936,3.44559,-188.843
456.969,3.52391,-190.57
456.969,3.52391,-190.57
456.969,3.52391,-190.57
458.999,3.60023,-192.297
458.999,3.60023,-192.297
458.999,3.60023,-192.297
461.028,3.67752,-194.028
461.028,3.67752,-194.028
461.028,3.67752,-194.028
463.06,3.76156,-195.757
463.06,3.76156,-195.757
463.06,3.76156,-195.757
465.094,3.84799,-197.479
465.094,3.84799,-197.479
465.094,3.84799,-197.479
467.129,3.93304,-199.193
467.129,3.93304,-199.193
467.129,3.93304,-199.193
469.167,4.01316,-200.909
469.167,4.01316,-200.909
469.167,4.01316,-200.909
471.201,4.08693,-202.618
471.201,4.08693,-202.618
471.201,4.08693,-202.618
473.243,4.16235,-204.334
473.243,4.16235,-204.334
473.243,4.16235,-204.334
475.287,4.23958,-206.046
475.287,4.23958,-206.046
475.287,4.23958,-206.046
477.33,4.31981,-207.752
477.33,4.31981,-207.752
477.33,4.31981,-207.752
479.376,4.39934,-209.452
479.376,4.39934,-209.452
479.376,4.39934,-209.452
481.426,4.48246,-211.153
481.426,4.48246,-211.153
481.426,4.48246,-211.153
483.475,4.56773,-212.849
483.475,4.56773,-212.849
483.475,4.56773,-212.849
485.528,4.6508,-214.546
485.528,4.6508,-214.546
485.528,4.6508,-214.546
487.579,4.72993,-216.24
487.579,4.72993,-216.24
487.579,4.72993,-216.24
489.629,4.80967,-217.933
489.629,4.80967,-217.933
489.629,4.80967,-217.933
491.685,4.89224,-219.627
491.685,4.89224,-219.627
491.685,4.89224,-219.627
493.739,4.97262,-221.319
493.739,4.97262,-221.319
493.739,4.97262,-221.319
495.794,5.04997,-223.009
495.794,5.04997,-223.009
495.794,5.04997,-223.009
497.847,5.12837,-224.701
497.847,5.12837,-224.701
497.847,5.12837,-224.701
499.894,5.20503,-226.389
499.894,5.20503,-226.389
499.894,5.20503,-226.389
501.955,5.28095,-228.089
501.955,5.28095,-228.089
501.955,5.28095,-228.089
504.008,5.36373,-229.783
504.008,5.36373,-229.783
504.008,5.36373,-229.783
506.061,5.44767,-231.477
506.061,5.44767,-231.477
506.061,5.44767,-231.477
508.113,5.53374,-233.17
508.113,5.53374,-233.17
508.113,5.53374,-233.17
510.159,5.61921,-234.86
510.159,5.61921,-234.86
510.159,5.61921,-234.86
512.216,5.70295,-236.559
512.216,5.70295,-236.559
512.216,5.70295,-236.559
514.267,5.78708,-238.253
514.267,5.78708,-238.253
514.267,5.78708,-238.253
516.319,5.87147,-239.947
516.319,5.87147,-239.947
516.319,5.87147,-239.947
518.371,5.95572,-241.638
518.371,5.95572,-241.638
518.371,5.95572,-241.638
520.423,6.041,-243.33
520.423,6.041,-243.33
520.423,6.041,-243.33
522.479,6.13011,-245.026
522.479,6.13011,-245.026
522.479,6.13011,-245.026
524.533,6.22308,-246.717
524.533,6.22308,-246.717
524.533,6.22308,-246.717
526.585,6.31536,-248.407
526.585,6.31536,-248.407
526.585,6.31536,-248.407
528.638,6.4083,-250.098
528.638,6.4083,-250.098
528.638,6.4083,-250.098
530.688,6.50282,-251.784
530.688,6.50282,-251.784
530.688,6.50282,-251.784
532.749,6.59917,-253.476
532.749,6.59917,-253.476
532.749,6.59917,-253.476
534.804,6.69345,-255.164
534.804,6.69345,-255.164
534.804,6.69345,-255.164
536.86,6.78731,-256.853
536.86,6.78731,-256.853
536.86,6.78731,-256.853
538.918,6.88324,-258.544
538.918,6.88324,-258.544
538.918,6.88324,-258.544
540.976,6.98416,-260.236
540.976,6.98416,-260.236
540.976,6.98416,-260.236
543.036,7.087,-261.927
543.036,7.087,-261.927
543.036,7.087,-261.927
545.09,7.18657,-263.616
545.09,7.18657,-263.616
545.09,7.18657,-263.616
547.147,7.28019,-265.31
547.147,7.28019,-265.31
547.147,7.28019,-265.31
549.198,7.37186,-266.999
549.198,7.37186,-266.999
549.198,7.37186,-266.999
551.258,7.46851,-268.696
551.258,7.46851,-268.696
551.258,7.46851,-268.696
553.318,7.57088,-270.394
553.318,7.57088,-270.394
553.318,7.57088,-270.394
555.371,7.67333,-272.087
555.371,7.67333,-272.087
555.371,7.67333,-272.087
557.427,7.77507,-273.782
557.427,7.77507,-273.782
557.427,7.77507,-273.782
559.481,7.87493,-275.476
559.481,7.87493,-275.476
559.481,7.87493,-275.476
561.542,7.9755,-277.176
561.542,7.9755,-277.176
561.542,7.9755,-277.176
563.6,8.07707,-278.873
563.6,8.07707,-278.873
563.6,8.07707,-278.873
565.661,8.18187,-280.57
565.661,8.18187,-280.57
565.661,8.18187,-280.57
567.718,8.28834,-282.263
567.718,8.28834,-282.263
567.718,8.28834,-282.263
569.773,8.39423,-283.956
569.773,8.39423,-283.956
569.773,8.39423,-283.956
571.838,8.50551,-285.654
571.838,8.50551,-285.654
571.838,8.50551,-285.654
573.9,8.61616,-287.347
573.9,8.61616,-287.347
573.9,8.61616,-287.347
575.962,8.7283,-289.036
575.962,8.7283,-289.036
575.962,8.7283,-289.036
578.024,8.83881,-290.727
578.024,8.83881,-290.727
578.024,8.83881,-290.727
580.078,8.94583,-292.412
580.078,8.94583,-292.412
580.078,8.94583,-292.412
582.139,9.05215,-294.101
582.139,9.05215,-294.101
582.139,9.05215,-294.101
584.196,9.15838,-295.784
584.196,9.15838,-295.784
584.196,9.15838,-295.784
586.264,9.26839,-297.471
586.264,9.26839,-297.471
586.264,9.26839,-297.471
588.345,9.37464,-299.168
588.345,9.37464,-299.168
588.345,9.37464,-299.168
590.375,9.47782,-300.819
590.375,9.47782,-300.819
590.375,9.47782,-300.819
592.437,9.58268,-302.493
592.437,9.58268,-302.493
592.437,9.58268,-302.493
594.499,9.6883,-304.163
594.499,9.6883,-304.163
594.499,9.6883,-304.163
596.564,9.79782,-305.834
596.564,9.79782,-305.834
596.564,9.79782,-305.834
598.63,9.90593,-307.502
598.63,9.90593,-307.502
598.63,9.90593,-307.502
600.695,10.0143,-309.166
600.695,10.0143,-309.166
600.695,10.0143,-309.166
602.762,10.1193,-310.834
602.762,10.1193,-310.834
602.762,10.1193,-310.834
604.83,10.2287,-312.505
604.83,10.2287,-312.505
604.83,10.2287,-312.505
606.898,10.3405,-314.177
606.898,10.3405,-314.177
606.898,10.3405,-314.177
608.961,10.4543,-315.844
608.961,10.4543,-315.844
608.961,10.4543,-315.844
611.031,10.5649,-317.517
611.031,10.5649,-317.517
611.031,10.5649,-317.517
613.098,10.6716,-319.19
613.098,10.6716,-319.19
613.098,10.6716,-319.19
615.159,10.7757,-320.858
615.159,10.7757,-320.858
615.159,10.7757,-320.858
617.229,10.8776,-322.532
617.229,10.8776,-322.532
617.229,10.8776,-322.532
619.293,10.9813,-324.2
619.293,10.9813,-324.2
619.293,10.9813,-324.2
621.363,11.0896,-325.871
621.363,11.0896,-325.871
621.363,11.0896,-325.871
623.434,11.1993,-327.542
623.434,11.1993,-327.542
623.434,11.1993,-327.542
625.503,11.3085,-329.211
625.503,11.3085,-329.211
625.503,11.3085,-329.211
627.574,11.4175,-330.88
627.574,11.4175,-330.88
627.574,11.4175,-330.88
629.642,11.5265,-332.547
629.642,11.5265,-332.547
629.642,11.5265,-332.547
631.717,11.6337,-334.218
631.717,11.6337,-334.218
631.717,11.6337,-334.218
633.787,11.7445,-335.883
633.787,11.7445,-335.883
633.787,11.7445,-335.883
635.861,11.8543,-337.551
635.861,11.8543,-337.551
635.861,11.8543,-337.551
637.924,11.9615,-339.211
637.924,11.9615,-339.211
637.924,11.9615,-339.211
639.995,12.0688,-340.874
639.995,12.0688,-340.874
639.995,12.0688,-340.874
642.067,12.1774,-342.539
642.067,12.1774,-342.539
642.067,12.1774,-342.539
644.135,12.2888,-344.199
644.135,12.2888,-344.199
644.135,12.2888,-344.199
646.205,12.3979,-345.859
646.205,12.3979,-345.859
646.205,12.3979,-345.859
648.276,12.5023,-347.518
648.276,12.5023,-347.518
648.276,12.5023,-347.518
650.346,12.6059,-349.172
650.346,12.6059,-349.172
650.346,12.6059,-349.172
652.423,12.7137,-350.83
652.423,12.7137,-350.83
652.423,12.7137,-350.83
654.494,12.8226,-352.483
654.494,12.8226,-352.483
654.494,12.8226,-352.483
656.568,12.9324,-354.134
656.568,12.9324,-354.134
656.568,12.9324,-354.134
658.638,13.043,-355.78
658.638,13.043,-355.78
658.638,13.043,-355.78
660.711,13.152,-357.426
660.711,13.152,-357.426
660.711,13.152,-357.426
662.792,13.2595,-359.078
662.792,13.2595,-359.078
662.792,13.2595,-359.078
664.869,13.3667,-360.727
664.869,13.3667,-360.727
664.869,13.3667,-360.727
666.945,13.4721,-362.374
666.945,13.4721,-362.374
666.945,13.4721,-362.374
669.024,13.5784,-364.02
669.024,13.5784,-364.02
669.024,13.5784,-364.02
671.105,13.6834,-365.668
671.105,13.6834,-365.668
671.105,13.6834,-365.668
673.184,13.789,-367.315
673.184,13.789,-367.315
673.184,13.789,-367.315
675.265,13.8941,-368.965
675.265,13.8941,-368.965
675.265,13.8941,-368.965
677.342,13.9986,-370.613
677.342,13.9986,-370.613
677.342,13.9986,-370.613
679.42,14.1036,-372.266
679.42,14.1036,-372.266
679.42,14.1036,-372.266
681.498,14.2096,-373.921
681.498,14.2096,-373.921
681.498,14.2096,-373.921
683.575,14.319,-375.577
683.575,14.319,-375.577
683.575,14.319,-375.577
685.652,14.4278,-377.231
685.652,14.4278,-377.231
685.652,14.4278,-377.231
687.726,14.5347,-378.884
687.726,14.5347,-378.884
687.726,14.5347,-378.884
689.797,14.6393,-380.537
689.797,14.6393,-380.537
689.797,14.6393,-380.537
691.873,14.744,-382.196
691.873,14.744,-382.196
691.873,14.744,-382.196
693.948,14.8466,-383.851
693.948,14.8466,-383.851
693.948,14.8466,-383.851
696.026,14.9499,-385.507
696.026,14.9499,-385.507
696.026,14.9499,-385.507
698.104,15.0528,-387.16
698.104,15.0528,-387.16
698.104,15.0528,-387.16
700.179,15.158,-388.81
700.179,15.158,-388.81
700.179,15.158,-388.81
702.261,15.2632,-390.463
702.261,15.2632,-390.463
702.261,15.2632,-390.463
704.34,15.3649,-392.113
704.34,15.3649,-392.113
704.34,15.3649,-392.113
706.417,15.4666,-393.76
706.417,15.4666,-393.76
706.417,15.4666,-393.76
708.496,15.5703,-395.41
708.496,15.5703,-395.41
708.496,15.5703,-395.41
710.579,15.6771,-397.06
710.579,15.6771,-397.06
710.579,15.6771,-397.06
712.659,15.7864,-398.703
712.659,15.7864,-398.703
712.659,15.7864,-398.703
714.741,15.8983,-400.341
714.741,15.8983,-400.341
714.741,15.8983,-400.341
716.816,16.0097,-401.974
716.816,16.0097,-401.974
716.816,16.0097,-401.974
718.893,16.1169,-403.605
718.893,16.1169,-403.605
718.893,16.1169,-403.605
720.973,16.2281,-405.234
720.973,16.2281,-405.234
720.973,16.2281,-405.234
723.057,16.3383,-406.864
723.057,16.3383,-406.864
723.057,16.3383,-406.864
725.143,16.4488,-408.492
725.143,16.4488,-408.492
725.143,16.4488,-408.492
727.232,16.5525,-410.117
727.232,16.5525,-410.117
727.232,16.5525,-410.117
729.324,16.6705,-411.739
729.324,16.6705,-411.739
729.324,16.6705,-411.739
731.414,16.7798,-413.36
731.414,16.7798,-413.36
731.414,16.7798,-413.36
733.5,16.886,-414.98
733.5,16.886,-414.98
733.5,16.886,-414.98
735.591,16.9849,-416.603
735.591,16.9849,-416.603
735.591,16.9849,-416.603
737.68,17.0825,-418.223
737.68,17.0825,-418.223
737.68,17.0825,-418.223
739.777,17.1798,-419.845
739.777,17.1798,-419.845
739.777,17.1798,-419.845
741.871,17.2776,-421.464
741.871,17.2776,-421.464
741.871,17.2776,-421.464
743.964,17.3757,-423.081
743.964,17.3757,-423.081
743.964,17.3757,-423.081
746.057,17.469,-424.699
746.058,17.469,-424.699
746.057,17.469,-424.699
748.151,17.5577,-426.321
748.151,17.5578,-426.321
748.151,17.5577,-426.321
750.243,17.6559,-427.942
750.243,17.6559,-427.942
750.243,17.6559,-427.942
752.34,17.7584,-429.564
752.34,17.7584,-429.564
752.34,17.7584,-429.564
754.434,17.8571,-431.182
754.434,17.8571,-431.182
754.434,17.8571,-431.182
756.534,17.9403,-432.798
756.534,17.9403,-432.798
756.534,17.9403,-432.798
758.632,18.0201,-434.411
758.632,18.0201,-434.411
758.632,18.0201,-434.411
760.732,18.0938,-436.023
760.732,18.0938,-436.023
760.732,18.0938,-436.023
762.842,18.1726,-437.637
762.842,18.1726,-437.637
762.842,18.1726,-437.637
764.949,18.255,-439.246
764.949,18.2551,-439.246
764.949,18.255,-439.246
767.059,18.3389,-440.853
767.059,18.339,-440.853
767.06,18.3389,-440.853
769.172,18.4224,-442.458
769.172,18.4224,-442.458
769.172,18.4224,-442.458
771.283,18.5026,-444.059
771.283,18.5026,-444.059
771.283,18.5026,-444.059
773.399,18.5837,-445.661
773.399,18.5837,-445.661
773.399,18.5837,-445.661
775.517,18.6638,-447.261
775.517,18.6638,-447.261
775.517,18.6638,-447.261
777.632,18.7462,-448.858
777.632,18.7462,-448.858
777.632,18.7462,-448.858
779.745,18.8263,-450.451
779.745,18.8263,-450.451
779.745,18.8263,-450.451
781.866,18.9095,-452.048
781.866,18.9095,-452.048
781.866,18.9095,-452.048
783.983,18.9945,-453.64
783.983,18.9945,-453.64
783.983,18.9945,-453.64
786.098,19.0786,-455.23
786.098,19.0786,-455.23
786.098,19.0786,-455.23
788.213,19.1604,-456.823
788.213,19.1604,-456.823
788.213,19.1604,-456.823
790.32,19.242,-458.413
790.32,19.242,-458.413
790.32,19.242,-458.413
792.431,19.3237,-460.008
792.431,19.3237,-460.008
792.431,19.3236,-460.008
794.535,19.4037,-461.603
794.536,19.4037,-461.603
794.535,19.4037,-461.603
796.639,19.4841,-463.199
796.639,19.4841,-463.199
796.639,19.4841,-463.199
798.739,19.5697,-464.794
798.739,19.5697,-464.794
798.739,19.5697,-464.794
800.837,19.6556,-466.386
800.837,19.6556,-466.386
800.837,19.6556,-466.386
802.933,19.7356,-467.977
802.933,19.7356,-467.977
802.933,19.7356,-467.977
805.028,19.8118,-469.567
805.028,19.8118,-469.567
805.028,19.8118,-469.567
807.124,19.8837,-471.16
807.124,19.8837,-471.16
807.124,19.8837,-471.16
809.221,19.9576,-472.753
809.221,19.9576,-472.753
809.221,19.9576,-472.753
811.316,20.0325,-474.341
811.316,20.0325,-474.341
811.316,20.0325,-474.341
813.417,20.1104,-475.933
813.417,20.1104,-475.933
813.417,20.1104,-475.933
815.515,20.1906,-477.521
815.515,20.1906,-477.521
815.515,20.1906,-477.521
817.619,20.2698,-479.109
817.619,20.2698,-479.109
817.619,20.2698,-479.109
819.723,20.3504,-480.693
819.723,20.3504,-480.693
819.723,20.3504,-480.693
821.831,20.4326,-482.274
821.831,20.4326,-482.274
821.831,20.4326,-482.274
823.946,20.514,-483.856
823.946,20.514,-483.856
823.946,20.514,-483.856
826.06,20.5964,-485.432
826.06,20.5964,-485.432
826.06,20.5964,-485.432
828.178,20.6825,-487.006
828.178,20.6825,-487.006
828.178,20.6825,-487.006
830.296,20.7701,-488.573
830.296,20.7701,-488.573
830.296,20.7701,-488.573
832.423,20.8564,-490.143
832.423,20.8564,-490.143
832.423,20.8564,-490.143
834.555,20.9444,-491.715
834.555,20.9444,-491.715
834.555,20.9444,-491.715
836.687,21.0326,-493.285
836.687,21.0326,-493.285
836.687,21.0326,-493.286
838.819,21.122,-494.854
838.819,21.122,-494.854
838.819,21.122,-494.854
840.953,21.2113,-496.422
840.953,21.2113,-496.422
840.953,21.2113,-496.422
843.096,21.3056,-497.995
843.096,21.3056,-497.995
843.096,21.3056,-497.995
845.237,21.3999,-499.565
845.237,21.3999,-499.565
845.237,21.3999,-499.565
847.377,21.4965,-501.135
847.377,21.4965,-501.135
847.377,21.4965,-501.135
849.516,21.5877,-502.706
849.516,21.5877,-502.706
849.516,21.5877,-502.706
851.654,21.68,-504.276
851.654,21.68,-504.276
851.654,21.68,-504.276
853.806,21.7759,-505.852
853.806,21.7759,-505.852
853.806,21.7759,-505.852
855.948,21.867,-507.422
855.948,21.867,-507.422
855.948,21.867,-507.422
858.096,21.956,-508.995
858.096,21.956,-508.995
858.096,21.956,-508.995
860.243,22.0478,-510.569
860.243,22.0478,-510.569
860.242,22.0478,-510.569
862.391,22.1425,-512.144
862.391,22.1425,-512.144
862.391,22.1425,-512.144
864.545,22.2407,-513.721
864.545,22.2407,-513.721
864.545,22.2407,-513.721
866.694,22.3392,-515.292
866.693,22.3392,-515.292
866.694,22.3392,-515.292
868.846,22.4429,-516.862
868.846,22.4429,-516.862
868.847,22.4429,-516.862
870.992,22.5413,-518.428
870.993,22.5413,-518.428
870.992,22.5413,-518.428
873.13,22.6372,-519.988
873.13,22.6372,-519.988
873.13,22.6372,-519.988
875.279,22.7339,-521.552
875.279,22.7339,-521.552
875.279,22.7339,-521.552
877.426,22.8311,-523.109
877.426,22.8312,-523.109
877.426,22.8311,-523.109
879.575,22.9311,-524.661
879.575,22.9311,-524.661
879.575,22.9311,-524.661
881.722,23.0306,-526.206
881.722,23.0306,-526.205
881.722,23.0306,-526.205
883.872,23.1332,-527.746
883.872,23.1332,-527.746
883.872,23.1332,-527.746
886.041,23.238,-529.293
886.041,23.238,-529.293
886.041,23.2379,-529.293
888.165,23.3376,-530.803
888.165,23.3377,-530.803
888.165,23.3376,-530.803
890.313,23.4386,-532.325
890.313,23.4386,-532.325
890.313,23.4386,-532.325
892.452,23.5407,-533.839
892.452,23.5407,-533.839
892.452,23.5407,-533.839
894.599,23.6421,-535.354
894.598,23.6421,-535.354
894.599,23.6421,-535.354
896.739,23.7414,-536.861
896.739,23.7414,-536.86
896.739,23.7414,-536.861
898.879,23.8439,-538.363
898.879,23.8439,-538.363
898.879,23.8439,-538.363
901.019,23.9509,-539.863
901.019,23.9509,-539.863
901.019,23.9508,-539.863
903.154,24.0584,-541.354
903.154,24.0584,-541.354
903.154,24.0584,-541.354
905.302,24.169,-542.851
905.303,24.169,-542.851
905.302,24.169,-542.851
907.437,24.2767,-544.335
907.437,24.2767,-544.335
907.437,24.2767,-544.335
909.574,24.3821,-545.818
909.574,24.3821,-545.818
909.574,24.3821,-545.818
911.709,24.4889,-547.3
911.709,24.4889,-547.3
911.709,24.4889,-547.3
913.837,24.5934,-548.777
913.837,24.5934,-548.777
913.837,24.5934,-548.777
915.97,24.6947,-550.258
915.97,24.6947,-550.258
915.97,24.6947,-550.258
918.109,24.7966,-551.742
918.109,24.7966,-551.742
918.109,24.7966,-551.743
920.249,24.9053,-553.216
920.248,24.9053,-553.215
920.248,24.9053,-553.216
922.392,25.0254,-554.686
922.392,25.0254,-554.686
922.392,25.0254,-554.686
924.524,25.1261,-556.146
924.524,25.1261,-556.146
924.524,25.1261,-556.146
926.654,25.2094,-557.61
926.655,25.2094,-557.61
926.654,25.2094,-557.61
928.793,25.3045,-559.079
928.793,25.3045,-559.079
928.793,25.3045,-559.079
930.934,25.4206,-560.549
930.934,25.4206,-560.548
930.934,25.4206,-560.549
933.075,25.5425,-562.019
933.075,25.5425,-562.019
933.075,25.5425,-562.019
935.203,25.6638,-563.479
935.203,25.6638,-563.479
935.203,25.6638,-563.479
937.342,25.7843,-564.949
937.342,25.7843,-564.949
937.342,25.7843,-564.949
939.482,25.9052,-566.414
939.482,25.9052,-566.414
939.482,25.9052,-566.415
941.621,26.0281,-567.878
941.621,26.0281,-567.878
941.621,26.0281,-567.878
943.766,26.1522,-569.34
943.766,26.1522,-569.34
943.766,26.1522,-569.34
945.908,26.2721,-570.802
945.908,26.2721,-570.802
945.908,26.2721,-570.802
948.056,26.3933,-572.265
948.056,26.3933,-572.265
948.056,26.3933,-572.265
950.205,26.5129,-573.726
950.205,26.5129,-573.726
950.205,26.5129,-573.726
952.36,26.6332,-575.187
952.36,26.6332,-575.187
952.36,26.6331,-575.187
954.513,26.7538,-576.642
954.513,26.7538,-576.642
954.513,26.7538,-576.642
956.669,26.8728,-578.094
956.668,26.8729,-578.094
956.668,26.8728,-578.094
958.834,26.9953,-579.549
958.834,26.9953,-579.549
958.834,26.9953,-579.549
960.992,27.113,-580.999
960.992,27.113,-580.999
960.992,27.113,-580.999
963.156,27.2353,-582.45
963.156,27.2353,-582.45
963.156,27.2353,-582.45
965.319,27.368,-583.896
965.319,27.368,-583.896
965.319,27.368,-583.896
967.492,27.5065,-585.345
967.492,27.5065,-585.345
967.492,27.5065,-585.345
969.656,27.6505,-586.785
969.656,27.6506,-586.785
969.656,27.6505,-586.785
971.819,27.7862,-588.228
971.819,27.7862,-588.228
971.819,27.7862,-588.228
973.981,27.918,-589.674
973.981,27.918,-589.674
973.981,27.918,-589.674
976.143,28.0482,-591.119
976.143,28.0482,-591.119
976.143,28.0481,-591.119
978.311,28.1785,-592.563
978.311,28.1785,-592.563
978.311,28.1785,-592.563
980.48,28.3107,-594.003
980.48,28.3107,-594.003
980.48,28.3107,-594.003
982.65,28.441,-595.446
982.65,28.441,-595.446
982.65,28.441,-595.446
984.817,28.571,-596.891
984.817,28.5711,-596.891
984.817,28.571,-596.891
986.982,28.702,-598.339
986.982,28.702,-598.339
986.982,28.702,-598.339
989.149,28.8318,-599.788
989.149,28.8318,-599.788
989.149,28.8318,-599.788
991.318,28.9617,-601.236
991.318,28.9617,-601.236
991.318,28.9617,-601.236
993.486,29.0909,-602.682
993.486,29.0909,-602.682
993.486,29.0909,-602.682
995.655,29.2207,-604.125
995.655,29.2207,-604.125
995.655,29.2207,-604.125
997.823,29.3491,-605.565
997.823,29.3491,-605.565
997.823,29.3491,-605.565
999.994,29.4738,-607.005
999.994,29.4739,-607.005
999.994,29.4738,-607.005
1002.16,29.5962,-608.441
1002.16,29.5962,-608.441
1002.16,29.5962,-608.441
1004.33,29.7187,-609.875
1004.33,29.7187,-609.875
1004.33,29.7187,-609.875
1006.49,29.8445,-611.306
1006.49,29.8445,-611.306
1006.49,29.8445,-611.306
1008.66,29.9751,-612.735
1008.66,29.9751,-612.735
1008.66,29.9751,-612.735
1010.83,30.1076,-614.161
1010.83,30.1077,-614.161
1010.83,30.1076,-614.161
1013.0,30.2358,-615.584
1013.0,30.2358,-615.584
1013.0,30.2358,-615.584
1015.16,30.3614,-617.003
1015.16,30.3614,-617.003
1015.16,30.3614,-617.003
1017.32,30.4876,-618.424
1017.32,30.4876,-618.424
1017.32,30.4876,-618.424
1019.48,30.6156,-619.845
1019.47,30.6156,-619.845
1019.47,30.6156,-619.845
1021.63,30.7393,-621.264
1021.63,30.7394,-621.264
1021.63,30.7393,-621.264
1023.78,30.8615,-622.681
1023.78,30.8615,-622.681
1023.78,30.8615,-622.681
1025.93,30.9845,-624.094
1025.93,30.9845,-624.094
1025.93,30.9845,-624.094
1028.08,31.1038,-625.505
1028.08,31.1038,-625.505
1028.08,31.1038,-625.505
1030.23,31.2255,-626.915
1030.23,31.2255,-626.915
1030.23,31.2255,-626.915
1032.37,31.35,-628.319
1032.37,31.35,-628.319
1032.37,31.35,-628.319
1034.52,31.4735,-629.714
1034.52,31.4735,-629.714
1034.52,31.4735,-629.714
1036.67,31.5998,-631.102
1036.67,31.5998,-631.102
1036.67,31.5998,-631.102
1038.8,31.7234,-632.484
1038.8,31.7234,-632.484
1038.8,31.7234,-632.484
1040.95,31.8424,-633.87
1040.95,31.8424,-633.87
1040.95,31.8424,-633.87
1043.09,31.9603,-635.257
1043.09,31.9604,-635.257
1043.09,31.9603,-635.257
1045.23,32.0795,-636.641
1045.24,32.0795,-636.641
1045.24,32.0795,-636.641
1047.38,32.2022,-638.023
1047.38,32.2022,-638.023
1047.38,32.2022,-638.023
1049.52,32.3268,-639.4
1049.52,32.3268,-639.401
1049.52,32.3268,-639.4
1051.66,32.4459,-640.771
1051.66,32.4459,-640.771
1051.66,32.4459,-640.771
1053.81,32.5591,-642.138
1053.81,32.5591,-642.138
1053.81,32.5591,-642.138
1055.95,32.6706,-643.503
1055.95,32.6706,-643.503
1055.95,32.6706,-643.503
1058.09,32.7878,-644.868
1058.09,32.7878,-644.868
1058.09,32.7878,-644.868
1060.24,32.916,-646.234
1060.24,32.916,-646.234
1060.24,32.916,-646.234
1062.39,33.0476,-647.593
1062.39,33.0476,-647.593
1062.39,33.0476,-647.593
1064.54,33.1805,-648.94
1064.54,33.1805,-648.94
1064.54,33.1805,-648.94
1066.69,33.3086,-650.286
1066.69,33.3086,-650.286
1066.69,33.3086,-650.286
1068.83,33.4333,-651.634
1068.83,33.4333,-651.634
1068.83,33.4333,-651.634
1070.98,33.5538,-652.982
1070.98,33.5538,-652.982
1070.98,33.5538,-652.982
1073.12,33.6717,-654.332
1073.12,33.6717,-654.332
1073.12,33.6717,-654.332
1075.27,33.788,-655.683
1075.27,33.788,-655.683
1075.27,33.788,-655.683
1077.41,33.9037,-657.037
1077.41,33.9037,-657.037
1077.41,33.9037,-657.037
1079.55,34.0186,-658.388
1079.55,34.0186,-658.388
1079.55,34.0186,-658.388
1081.71,34.1415,-659.74
1081.71,34.1415,-659.74
1081.71,34.1415,-659.74
1083.85,34.2642,-661.086
1083.85,34.2642,-661.086
1083.85,34.2642,-661.086
1086.0,34.3799,-662.427
1086.0,34.3799,-662.427
1086.0,34.3799,-662.427
1088.14,34.4903,-663.773
1088.14,34.4903,-663.773
1088.14,34.4903,-663.773
1090.28,34.5953,-665.113
1090.28,34.5953,-665.113
1090.28,34.5953,-665.113
1092.44,34.7048,-666.457
1092.44,34.7048,-666.457
1092.44,34.7048,-666.457
1094.59,34.8141,-667.789
1094.59,34.8141,-667.789
1094.59,34.8141,-667.789
1096.75,34.9346,-669.119
1096.75,34.9347,-669.119
1096.75,34.9346,-669.119
1098.91,35.065,-670.451
1098.91,35.065,-670.451
1098.91,35.065,-670.452
1101.07,35.1988,-671.78
1101.07,35.1988,-671.78
1101.07,35.1988,-671.78
1103.23,35.3278,-673.111
1103.23,35.3278,-673.111
1103.23,35.3278,-673.111
1105.38,35.4473,-674.433
1105.38,35.4473,-674.433
1105.38,35.4473,-674.433
1107.54,35.5622,-675.754
1107.54,35.5622,-675.754
1107.54,35.5622,-675.754
1109.7,35.6798,-677.073
1109.7,35.6798,-677.073
1109.7,35.6798,-677.073
1111.87,35.8,-678.393
1111.87,35.8,-678.393
1111.87,35.8,-678.393
1114.03,35.9206,-679.706
1114.03,35.9206,-679.706
1114.03,35.9206,-679.706
1116.2,36.0439,-681.02
1116.2,36.0438,-681.02
1116.2,36.0438,-681.02
1118.37,36.1651,-682.328
1118.37,36.1651,-682.328
1118.37,36.1651,-682.328
1120.53,36.2837,-683.632
1120.53,36.2837,-683.632
1120.53,36.2837,-683.632
1122.71,36.4023,-684.942
1122.71,36.4024,-684.942
1122.71,36.4023,-684.942
1124.9,36.5263,-686.253
1124.9,36.5263,-686.253
1124.9,36.5263,-686.253
1127.08,36.6499,-687.561
1127.08,36.6499,-687.561
1127.08,36.6499,-687.561
1129.26,36.7706,-688.867
1129.26,36.7706,-688.867
1129.26,36.7706,-688.867
1131.44,36.8869,-690.17
1131.44,36.8869,-690.17
1131.44,36.8869,-690.17
1133.63,37.0021,-691.472
1133.63,37.0022,-691.472
1133.63,37.0021,-691.472
1135.82,37.1135,-692.775
1135.82,37.1135,-692.775
1135.83,37.1135,-692.776
1138.02,37.2224,-694.078
1138.02,37.2224,-694.078
1138.02,37.2224,-694.078
1140.22,37.3321,-695.379
1140.22,37.3321,-695.379
1140.22,37.3321,-695.379
1142.42,37.4432,-696.678
1142.42,37.4432,-696.678
1142.42,37.4432,-696.678
1144.63,37.5575,-697.978
1144.63,37.5576,-697.978
1144.63,37.5575,-697.978
1146.83,37.6729,-699.274
1146.83,37.6729,-699.274
1146.83,37.6729,-699.274
1149.04,37.788,-700.57
1149.04,37.788,-700.57
1149.04,37.788,-700.57
1151.26,37.9026,-701.867
1151.26,37.9026,-701.866
1151.26,37.9026,-701.866
1153.47,38.0191,-703.162
1153.47,38.0191,-703.163
1153.47,38.0191,-703.162
1155.68,38.1368,-704.463
1155.68,38.1368,-704.463
1155.68,38.1368,-704.463
1157.89,38.2544,-705.76
1157.89,38.2544,-705.76
1157.89,38.2544,-705.76
1160.11,38.3743,-707.06
1160.11,38.3743,-707.06
1160.11,38.3743,-707.06
1162.33,38.4946,-708.359
1162.33,38.4946,-708.359
1162.33,38.4946,-708.359
1164.54,38.6102,-709.66
1164.54,38.6102,-709.66
1164.54,38.6102,-709.66
1166.77,38.7272,-710.961
1166.77,38.7272,-710.961
1166.77,38.7272,-710.961
1168.99,38.8466,-712.266
1168.99,38.8466,-712.267
1168.99,38.8466,-712.267
1171.22,38.9673,-713.574
1171.22,38.9673,-713.574
1171.22,38.9673,-713.574
1173.44,39.0874,-714.882
1173.44,39.0874,-714.882
1173.44,39.0874,-714.882
1175.67,39.201,-716.19
1175.67,39.201,-716.19
1175.67,39.201,-716.19
1177.96,39.3166,-717.534
1177.96,39.3166,-717.534
1177.96,39.3166,-717.534
1180.15,39.4294,-718.815
1180.15,39.4295,-718.815
1180.15,39.4294,-718.815
1182.4,39.556,-720.131
1182.4,39.556,-720.131
1182.4,39.556,-720.131
1184.64,39.6865,-721.443
1184.64,39.6865,-721.443
1184.64,39.6865,-721.443
1186.9,39.8179,-722.765
1186.9,39.8179,-722.765
1186.9,39.8179,-722.765
1189.15,39.9467,-724.079
1189.15,39.9467,-724.079
1189.15,39.9467,-724.079
1191.41,40.0732,-725.394
1191.41,40.0732,-725.394
1191.41,40.0732,-725.394
1193.67,40.1994,-726.714
1193.67,40.1994,-726.714
1193.67,40.1993,-726.714
1195.94,40.3219,-728.039
1195.94,40.3219,-728.039
1195.94,40.3219,-728.039
1198.2,40.4436,-729.355
1198.2,40.4436,-729.355
1198.2,40.4436,-729.355
1200.47,40.563,-730.675
1200.47,40.563,-730.675
1200.47,40.563,-730.675
1202.75,40.682,-731.998
1202.75,40.682,-731.998
1202.75,40.682,-731.998
1205.03,40.8011,-733.313
1205.03,40.8011,-733.313
1205.03,40.8011,-733.313
1207.3,40.9174,-734.627
1207.3,40.9174,-734.627
1207.3,40.9174,-734.627
1209.59,41.0372,-735.948
1209.59,41.0372,-735.948
1209.59,41.0372,-735.948
1211.88,41.1571,-737.259
1211.88,41.1571,-737.259
1211.88,41.1571,-737.259
1214.17,41.2774,-738.572
1214.17,41.2774,-738.572
1214.17,41.2774,-738.572
1216.46,41.3957,-739.887
1216.46,41.3957,-739.887
1216.46,41.3957,-739.887
1218.76,41.514,-741.201
1218.76,41.514,-741.201
1218.76,41.514,-741.201
1221.06,41.6271,-742.514
1221.06,41.6271,-742.514
1221.06,41.6271,-742.514
1223.37,41.7381,-743.823
1223.37,41.7381,-743.823
1223.37,41.7381,-743.823
1225.68,41.8437,-745.128
1225.68,41.8437,-745.128
1225.68,41.8437,-745.128
1227.99,41.9493,-746.432
1227.99,41.9493,-746.432
1227.99,41.9493,-746.432
1230.31,42.0564,-747.731
1230.31,42.0564,-747.731
1230.31,42.0564,-747.731
1232.63,42.1657,-749.033
1232.63,42.1657,-749.034
1232.63,42.1656,-749.034
1234.96,42.2757,-750.331
1234.96,42.2757,-750.331
1234.96,42.2757,-750.331
1237.3,42.3835,-751.628
1237.3,42.3835,-751.628
1237.3,42.3834,-751.628
1239.63,42.4872,-752.92
1239.63,42.4872,-752.92
1239.63,42.4872,-752.92
1241.97,42.5884,-754.223
1241.97,42.5884,-754.223
1241.97,42.5884,-754.223
1244.31,42.6889,-755.52
1244.31,42.6889,-755.52
1244.31,42.6889,-755.52
1246.66,42.7897,-756.818
1246.66,42.7897,-756.818
1246.66,42.7897,-756.818
1249.01,42.8908,-758.116
1249.01,42.8908,-758.116
1249.01,42.8908,-758.116
1251.37,42.9951,-759.411
1251.37,42.9951,-759.411
1251.37,42.995,-759.411
1253.73,43.1028,-760.709
1253.73,43.1028,-760.709
1253.73,43.1028,-760.709
1256.1,43.2129,-762.008
1256.1,43.213,-762.008
1256.1,43.2129,-762.008
1258.47,43.3288,-763.306
1258.47,43.3288,-763.306
1258.47,43.3288,-763.306
1260.84,43.4435,-764.603
1260.84,43.4435,-764.603
1260.84,43.4435,-764.603
1263.21,43.5522,-765.896
1263.21,43.5522,-765.896
1263.21,43.5522,-765.896
1265.61,43.6506,-767.201
1265.61,43.6506,-767.201
1265.61,43.6506,-767.201
1267.98,43.7318,-768.488
1267.98,43.7318,-768.488
1267.98,43.7318,-768.488
1270.37,43.8072,-769.785
1270.37,43.8072,-769.785
1270.37,43.8072,-769.785
1272.76,43.8872,-771.084
1272.76,43.8872,-771.084
1272.76,43.8872,-771.084
1275.16,43.9715,-772.378
1275.16,43.9715,-772.378
1275.16,43.9715,-772.378
1277.57,44.0642,-773.677
1277.57,44.0642,-773.677
1277.57,44.0642,-773.677
1279.97,44.1588,-774.972
1279.97,44.1588,-774.972
1279.97,44.1587,-774.972
1282.37,44.2526,-776.266
1282.37,44.2526,-776.266
1282.37,44.2526,-776.266
1284.78,44.3468,-777.56
1284.78,44.3468,-777.56
1284.78,44.3468,-777.56
1287.19,44.4378,-778.85
1287.19,44.4378,-778.85
1287.19,44.4378,-778.85
1289.59,44.5264,-780.139
1289.59,44.5264,-780.139
1289.59,44.5264,-780.139
1292.0,44.6102,-781.428
1292.0,44.6102,-781.428
1292.0,44.6102,-781.428
1294.41,44.6913,-782.715
1294.41,44.6913,-782.715
1294.41,44.6913,-782.715
1296.82,44.7723,-784.001
1296.82,44.7723,-784.001
1296.82,44.7723,-784.001
1299.23,44.8555,-785.285
1299.23,44.8555,-785.285
1299.23,44.8555,-785.285
1301.64,44.9375,-786.568
1301.64,44.9375,-786.568
1301.64,44.9375,-786.568
1304.05,45.0193,-787.849
1304.05,45.0193,-787.849
1304.05,45.0193,-787.849
1306.46,45.0991,-789.126
1306.46,45.0991,-789.126
1306.46,45.0991,-789.126
1308.86,45.1752,-790.401
1308.86,45.1752,-790.401
1308.86,45.1752,-790.401
1311.28,45.247,-791.678
1311.28,45.247,-791.678
1311.28,45.247,-791.678
1313.69,45.3166,-792.954
1313.69,45.3166,-792.954
1313.69,45.3166,-792.954
1316.11,45.3854,-794.226
1316.11,45.3855,-794.226
1316.11,45.3854,-794.226
1318.52,45.4579,-795.498
1318.52,45.4579,-795.498
1318.52,45.4579,-795.498
1320.93,45.5323,-796.766
1320.93,45.5323,-796.766
1320.93,45.5323,-796.766
1323.35,45.6189,-798.028
1323.35,45.6189,-798.028
1323.35,45.6189,-798.028
1325.77,45.6995,-799.287
1325.77,45.6995,-799.287
1325.77,45.6995,-799.287
1328.19,45.7931,-800.552
1328.19,45.7931,-800.552
1328.19,45.7931,-800.552
1330.61,45.8578,-801.807
1330.61,45.8578,-801.807
1330.61,45.8578,-801.807
1333.02,45.9084,-803.067
1333.02,45.9084,-803.067
1333.02,45.9084,-803.067
1335.44,45.9561,-804.328
1335.44,45.9561,-804.328
1335.44,45.9561,-804.328
1337.86,46.0027,-805.588
1337.86,46.0027,-805.588
1337.86,46.0027,-805.588
1340.28,46.0528,-806.846
1340.28,46.0528,-806.846
1340.28,46.0528,-806.846
1342.7,46.1044,-808.099
1342.7,46.1044,-808.099
1342.7,46.1044,-808.099
1345.11,46.1586,-809.351
1345.11,46.1587,-809.351
1345.11,46.1586,-809.35
1347.54,46.2082,-810.606
1347.54,46.2082,-810.606
1347.54,46.2082,-810.606
1349.96,46.2602,-811.858
1349.96,46.2602,-811.858
1349.96,46.2602,-811.858
1352.38,46.3078,-813.11
1352.38,46.3078,-813.11
1352.38,46.3078,-813.11
1354.8,46.3535,-814.361
1354.8,46.3535,-814.361
1354.8,46.3535,-814.361
1357.22,46.4001,-815.608
1357.22,46.4002,-815.608
1357.22,46.4001,-815.608
1359.64,46.4475,-816.856
1359.64,46.4475,-816.856
1359.64,46.4475,-816.856
1362.06,46.4959,-818.098
1362.06,46.4959,-818.098
1362.06,46.4959,-818.098
1364.47,46.5454,-819.335
1364.47,46.5454,-819.335
1364.47,46.5454,-819.335
1366.88,46.5922,-820.571
1366.88,46.5922,-820.571
1366.88,46.5922,-820.571
1369.29,46.6406,-821.805
1369.29,46.6406,-821.805
1369.29,46.6406,-821.805
1371.7,46.6878,-823.037
1371.7,46.6879,-823.037
1371.7,46.6878,-823.037
1374.11,46.7362,-824.266
1374.11,46.7362,-824.266
1374.11,46.7362,-824.266
1376.52,46.784,-825.492
1376.52,46.784,-825.492
1376.52,46.784,-825.492
1378.92,46.8279,-826.715
1378.92,46.8279,-826.715
1378.92,46.8279,-826.715
1381.33,46.8705,-827.938
1381.33,46.8705,-827.938
1381.33,46.8705,-827.938
1383.73,46.9082,-829.156
1383.73,46.9082,-829.156
1383.73,46.9081,-829.156
1386.15,46.9435,-830.373
1386.15,46.9435,-830.373
1386.15,46.9435,-830.373
1388.55,46.9737,-831.585
1388.55,46.9737,-831.585
1388.55,46.9737,-831.585
1390.96,47.0025,-832.797
1390.96,47.0025,-832.797
1390.96,47.0025,-832.797
1393.38,47.0311,-834.008
1393.38,47.0311,-834.008
1393.38,47.0311,-834.008
1395.79,47.0586,-835.214
1395.79,47.0587,-835.214
1395.79,47.0586,-835.214
1398.2,47.0873,-836.421
1398.2,47.0873,-836.421
1398.2,47.0873,-836.421
1400.62,47.1158,-837.624
1400.62,47.1158,-837.624
1400.62,47.1158,-837.624
1403.02,47.145,-838.824
1403.02,47.145,-838.824
1403.02,47.145,-838.823
1405.44,47.1736,-840.024
1405.44,47.1736,-840.024
1405.44,47.1736,-840.024
1407.85,47.2002,-841.219
1407.85,47.2002,-841.219
1407.85,47.2002,-841.219
1410.25,47.2269,-842.412
1410.25,47.2269,-842.411
1410.25,47.2269,-842.411
1412.66,47.2484,-843.599
1412.66,47.2484,-843.599
1412.66,47.2484,-843.599
1415.05,47.2695,-844.781
1415.05,47.2695,-844.781
1415.05,47.2695,-844.781
1417.45,47.2883,-845.963
1417.45,47.2883,-845.963
1417.45,47.2883,-845.963
1419.85,47.3031,-847.142
1419.85,47.3031,-847.142
1419.85,47.3031,-847.142
1422.25,47.3161,-848.318
1422.25,47.3161,-848.317
1422.25,47.3161,-848.317
1424.65,47.333,-849.49
1424.65,47.333,-849.49
1424.65,47.333,-849.49
1427.05,47.3485,-850.661
1427.05,47.3485,-850.661
1427.05,47.3485,-850.661
1429.45,47.3646,-851.831
1429.45,47.3646,-851.831
1429.45,47.3646,-851.831
1431.85,47.3779,-853.0
1431.85,47.3779,-853.0
1431.85,47.3779,-852.999
1434.25,47.3866,-854.166
1434.25,47.3866,-854.166
1434.25,47.3866,-854.166
1436.65,47.3912,-855.33
1436.65,47.3912,-855.33
1436.64,47.3911,-855.33
1439.04,47.3933,-856.494
1439.04,47.3933,-856.494
1439.04,47.3933,-856.494
1441.45,47.3978,-857.656
1441.45,47.3978,-857.656
1441.45,47.3978,-857.656
1443.85,47.4032,-858.816
1443.85,47.4032,-858.816
1443.85,47.4032,-858.816
1446.24,47.4088,-859.971
1446.24,47.4088,-859.971
1446.24,47.4088,-859.971
1448.63,47.4166,-861.124
1448.63,47.4166,-861.124
1448.63,47.4166,-861.124
1451.03,47.4222,-862.275
1451.03,47.4223,-862.275
1451.03,47.4222,-862.275
1453.42,47.4262,-863.422
1453.42,47.4262,-863.422
1453.42,47.4261,-863.422
1455.81,47.4298,-864.564
1455.81,47.4298,-864.564
1455.81,47.4298,-864.564
1458.2,47.4357,-865.704
1458.2,47.4357,-865.704
1458.2,47.4357,-865.704
1460.58,47.4418,-866.84
1460.58,47.4418,-866.84
1460.58,47.4418,-866.84
1462.97,47.4464,-867.977
1462.97,47.4464,-867.977
1462.97,47.4464,-867.977
1465.34,47.4521,-869.107
1465.34,47.4521,-869.107
1465.34,47.4521,-869.107
1467.72,47.448,-870.235
1467.72,47.448,-870.235
1467.72,47.448,-870.235
1470.1,47.439,-871.361
1470.1,47.439,-871.361
1470.1,47.439,-871.361
1472.46,47.4316,-872.482
1472.46,47.4317,-872.482
1472.46,47.4316,-872.482
1474.83,47.4218,-873.604
1474.83,47.4218,-873.604
1474.83,47.4218,-873.604
1477.2,47.4104,-874.719
1477.2,47.4104,-874.719
1477.2,47.4104,-874.719
1479.56,47.3982,-875.83
1479.56,47.3982,-875.83
1479.56,47.3982,-875.83
1481.92,47.3965,-876.938
1481.92,47.3965,-876.938
1481.92,47.3965,-876.938
1484.26,47.3979,-878.04
1484.26,47.3979,-878.04
1484.26,47.3979,-878.04
1486.61,47.4093,-879.141
1486.61,47.4093,-879.141
1486.61,47.4093,-879.141
1488.96,47.4223,-880.242
1488.96,47.4223,-880.242
1488.96,47.4223,-880.242
1491.3,47.4314,-881.339
1491.3,47.4314,-881.339
1491.3,47.4314,-881.339
1493.63,47.4432,-882.43
1493.63,47.4432,-882.43
1493.63,47.4432,-882.43
1495.96,47.4531,-883.52
1495.96,47.4531,-883.52
1495.96,47.4531,-883.52
1498.28,47.4659,-884.606
1498.28,47.4659,-884.606
1498.28,47.4659,-884.606
1500.6,47.4898,-885.691
1500.6,47.4899,-885.691
1500.6,47.4898,-885.691
1502.91,47.5071,-886.771
1502.91,47.5071,-886.771
1502.91,47.5071,-886.771
1505.21,47.5169,-887.846
1505.21,47.5169,-887.846
1505.21,47.5169,-887.846
1507.52,47.5274,-888.923
1507.52,47.5274,-888.923
1507.52,47.5274,-888.923
1509.83,47.5407,-889.995
1509.83,47.5407,-889.995
1509.83,47.5407,-889.995
1512.13,47.557,-891.065
1512.13,47.557,-891.065
1512.13,47.557,-891.065
1514.43,47.5728,-892.129
1514.43,47.5729,-892.129
1514.43,47.5728,-892.129
1516.72,47.5855,-893.19
1516.72,47.5855,-893.19
1516.72,47.5855,-893.19
1519.01,47.5973,-894.25
1519.01,47.5973,-894.25
1519.01,47.5973,-894.25
1521.3,47.6073,-895.306
1521.3,47.6073,-895.306
1521.3,47.6073,-895.306
1523.59,47.6219,-896.358
1523.59,47.6219,-896.358
1523.59,47.6219,-896.358
1525.88,47.6442,-897.409
1525.88,47.6442,-897.409
1525.88,47.6442,-897.409
1528.16,47.6646,-898.455
1528.16,47.6646,-898.455
1528.16,47.6646,-898.455
1530.44,47.6823,-899.5
1530.44,47.6823,-899.5
1530.44,47.6823,-899.5
1532.71,47.6945,-900.539
1532.71,47.6945,-900.539
1532.71,47.6944,-900.539
1534.98,47.703,-901.576
1534.98,47.703,-901.576
1534.98,47.703,-901.576
1537.25,47.7113,-902.61
1537.25,47.7113,-902.61
1537.25,47.7113,-902.61
1539.52,47.7267,-903.641
1539.52,47.7267,-903.641
1539.52,47.7267,-903.641
1541.79,47.7488,-904.669
1541.79,47.7488,-904.669
1541.79,47.7488,-904.669
1544.05,47.7735,-905.692
1544.05,47.7735,-905.692
1544.05,47.7735,-905.692
1546.31,47.7953,-906.712
1546.31,47.7953,-906.712
1546.31,47.7953,-906.712
1548.56,47.8099,-907.727
1548.56,47.8099,-907.727
1548.56,47.8099,-907.727
1550.8,47.8238,-908.739
1550.8,47.8238,-908.739
1550.8,47.8238,-908.739
1553.05,47.837,-909.752
1553.05,47.837,-909.752
1553.05,47.837,-909.752
1555.29,47.8504,-910.756
1555.29,47.8505,-910.756
1555.29,47.8504,-910.756
1557.53,47.8666,-911.758
1557.53,47.8666,-911.758
1557.53,47.8666,-911.758
1559.76,47.8841,-912.758
1559.76,47.8841,-912.758
1559.76,47.8841,-912.758
1561.99,47.9076,-913.759
1561.99,47.9076,-913.759
1561.99,47.9076,-913.759
1564.21,47.9316,-914.759
1564.21,47.9316,-914.759
1564.21,47.9316,-914.759
1566.43,47.9546,-915.759
1566.43,47.9546,-915.76
1566.43,47.9545,-915.759
1568.63,47.9768,-916.759
1568.63,47.9769,-916.759
1568.63,47.9768,-916.759
1570.84,47.9999,-917.758
1570.84,48.0,-917.758
1570.84,47.9999,-917.757
1573.04,48.0238,-918.759
1573.04,48.0238,-918.759
1573.04,48.0238,-918.759
1575.25,48.0492,-919.763
1575.25,48.0492,-919.763
1575.25,48.0492,-919.763
1577.45,48.0736,-920.766
1577.45,48.0736,-920.766
1577.45,48.0736,-920.766
1579.64,48.0991,-921.769
1579.64,48.0991,-921.769
1579.64,48.0991,-921.769
1581.83,48.1227,-922.77
1581.83,48.1227,-922.77
1581.83,48.1227,-922.77
1584.02,48.1457,-923.778
1584.02,48.1457,-923.778
1584.02,48.1457,-923.778
1586.21,48.1689,-924.784
1586.21,48.1689,-924.784
1586.21,48.1689,-924.784
1588.39,48.1924,-925.792
1588.39,48.1925,-925.792
1588.39,48.1924,-925.792
1590.57,48.2185,-926.802
1590.57,48.2185,-926.802
1590.57,48.2185,-926.802
1592.74,48.2456,-927.814
1592.74,48.2456,-927.814
1592.74,48.2456,-927.814
1594.91,48.2741,-928.833
1594.91,48.2741,-928.833
1594.91,48.2741,-928.833
1597.07,48.3037,-929.854
1597.07,48.3037,-929.854
1597.07,48.3037,-929.854
1599.22,48.3336,-930.88
1599.22,48.3336,-930.88
1599.22,48.3336,-930.88
1601.37,48.3623,-931.909
1601.37,48.3623,-931.909
1601.37,48.3623,-931.909
1603.5,48.3895,-932.94
1603.5,48.3895,-932.94
1603.5,48.3895,-932.94
1605.64,48.4182,-933.977
1605.64,48.4182,-933.977
1605.64,48.4182,-933.977
1607.76,48.4466,-935.019
1607.76,48.4466,-935.019
1607.76,48.4466,-935.019
1609.87,48.4781,-936.067
1609.87,48.4781,-936.067
1609.87,48.4781,-936.067
1611.98,48.5139,-937.117
1611.98,48.5139,-937.117
1611.98,48.5138,-937.117
1614.08,48.5487,-938.167
1614.08,48.5487,-938.167
1614.08,48.5486,-938.167
1616.18,48.5844,-939.223
1616.18,48.5844,-939.223
1616.18,48.5844,-939.223
1618.27,48.6208,-940.279
1618.27,48.6208,-940.279
1618.27,48.6208,-940.279
1620.35,48.6588,-941.338
1620.35,48.6588,-941.338
1620.35,48.6588,-941.338
1622.42,48.6954,-942.396
1622.42,48.6954,-942.396
1622.42,48.6954,-942.396
1624.48,48.7334,-943.459
1624.48,48.7334,-943.459
1624.48,48.7334,-943.459
1626.54,48.7682,-944.518
1626.54,48.7682,-944.519
1626.54,48.7682,-944.518
1628.59,48.7987,-945.575
1628.59,48.7987,-945.575
1628.59,48.7987,-945.575
1630.64,48.8275,-946.63
1630.64,48.8275,-946.631
1630.64,48.8275,-946.63
1632.68,48.8557,-947.684
1632.68,48.8557,-947.684
1632.68,48.8557,-947.684
1634.72,48.8815,-948.74
1634.72,48.8815,-948.74
1634.72,48.8815,-948.74
1636.75,48.9049,-949.792
1636.75,48.905,-949.792
1636.75,48.905,-949.792
1638.78,48.9306,-950.845
1638.78,48.9306,-950.845
1638.78,48.9306,-950.845
1640.8,48.9592,-951.892
1640.8,48.9593,-951.892
1640.8,48.9592,-951.892
1642.8,48.9861,-952.934
1642.8,48.9861,-952.934
1642.8,48.9861,-952.934
1644.82,49.0149,-953.981
1644.82,49.0149,-953.981
1644.82,49.0149,-953.98
1646.83,49.0467,-955.017
1646.83,49.0467,-955.017
1646.83,49.0466,-955.017
1648.83,49.0809,-956.052
1648.83,49.0809,-956.052
1648.83,49.0809,-956.052
1650.83,49.1216,-957.081
1650.83,49.1216,-957.081
1650.83,49.1216,-957.081
1652.83,49.1711,-958.1
1652.83,49.1711,-958.1
1652.83,49.171,-958.1
1654.82,49.2213,-959.114
1654.82,49.2213,-959.114
1654.82,49.2213,-959.114
1656.81,49.2644,-960.116
1656.81,49.2644,-960.116
1656.81,49.2644,-960.116
1658.79,49.293,-961.116
1658.79,49.293,-961.116
1658.79,49.293,-961.116
1660.77,49.3161,-962.109
1660.77,49.3161,-962.109
1660.77,49.3161,-962.109
1662.76,49.3472,-963.098
1662.76,49.3472,-963.098
1662.76,49.3472,-963.098
1664.75,49.3833,-964.077
1664.75,49.3833,-964.077
1664.75,49.3833,-964.077
1666.74,49.426,-965.046
1666.74,49.4261,-965.047
1666.74,49.426,-965.046
1668.74,49.4704,-966.01
1668.74,49.4704,-966.01
1668.74,49.4704,-966.01
1670.72,49.5129,-966.966
1670.72,49.5129,-966.966
1670.72,49.5129,-966.966
1672.71,49.5523,-967.919
1672.71,49.5523,-967.92
1672.71,49.5523,-967.919
1674.7,49.5957,-968.87
1674.7,49.5957,-968.87
1674.7,49.5957,-968.87
1676.69,49.6414,-969.816
1676.69,49.6414,-969.816
1676.69,49.6414,-969.816
1678.67,49.6868,-970.749
1678.67,49.6868,-970.749
1678.67,49.6868,-970.749
1680.65,49.7293,-971.682
1680.65,49.7293,-971.682
1680.65,49.7293,-971.682
1682.64,49.7713,-972.614
1682.64,49.7713,-972.614
1682.64,49.7713,-972.614
1684.62,49.8135,-973.546
1684.62,49.8135,-973.546
1684.62,49.8135,-973.546
1686.59,49.8565,-974.478
1686.59,49.8565,-974.478
1686.59,49.8565,-974.478
1688.57,49.8998,-975.409
1688.57,49.8998,-975.409
1688.57,49.8998,-975.409
1690.53,49.9434,-976.335
1690.53,49.9434,-976.335
1690.53,49.9434,-976.335
1692.5,49.9861,-977.26
1692.5,49.9861,-977.26
1692.5,49.9861,-977.26
1694.46,50.0273,-978.183
1694.46,50.0273,-978.183
1694.46,50.0273,-978.183
1696.42,50.0681,-979.107
1696.42,50.0681,-979.107
1696.42,50.0681,-979.107
1698.37,50.1111,-980.028
1698.37,50.1111,-980.028
1698.37,50.1111,-980.028
1700.33,50.1577,-980.948
1700.33,50.1578,-980.948
1700.33,50.1577,-980.948
1702.29,50.2037,-981.868
1702.29,50.2037,-981.868
1702.29,50.2037,-981.868
1704.23,50.2514,-982.778
1704.23,50.2515,-982.778
1704.23,50.2514,-982.778
1706.17,50.2993,-983.681
1706.17,50.2993,-983.681
1706.17,50.2993,-983.681
1708.12,50.3491,-984.589
1708.12,50.3491,-984.589
1708.12,50.3491,-984.589
1710.06,50.4012,-985.489
1710.06,50.4012,-985.489
1710.06,50.4012,-985.489
1711.99,50.4502,-986.387
1711.99,50.4502,-986.387
1711.99,50.4502,-986.387
1713.93,50.4942,-987.28
1713.93,50.4943,-987.28
1713.93,50.4942,-987.28
1715.87,50.5354,-988.171
1715.87,50.5354,-988.171
1715.87,50.5354,-988.171
1717.8,50.5819,-989.052
1717.8,50.5819,-989.052
1717.8,50.5819,-989.052
1719.73,50.6341,-989.929
1719.73,50.6342,-989.929
1719.73,50.6341,-989.929
1721.67,50.6884,-990.802
1721.67,50.6884,-990.802
1721.67,50.6884,-990.802
1723.6,50.7448,-991.67
1723.6,50.7448,-991.67
1723.6,50.7448,-991.67
1725.53,50.8022,-992.536
1725.53,50.8022,-992.536
1725.53,50.8022,-992.536
1727.45,50.8555,-993.393
1727.45,50.8555,-993.393
1727.45,50.8554,-993.393
1729.36,50.909,-994.246
1729.36,50.909,-994.246
1729.36,50.909,-994.246
1731.28,50.9653,-995.099
1731.28,50.9653,-995.099
1731.28,50.9653,-995.099
1733.17,51.012,-995.938
1733.17,51.012,-995.939
1733.17,51.012,-995.939
1735.07,51.0605,-996.779
1735.07,51.0605,-996.779
1735.07,51.0605,-996.779
1736.94,51.1095,-997.614
1736.94,51.1095,-997.613
1736.94,51.1095,-997.613
1738.82,51.1567,-998.446
1738.82,51.1567,-998.446
1738.82,51.1567,-998.446
1740.68,51.2062,-999.272
1740.68,51.2062,-999.272
1740.68,51.2062,-999.272
1742.53,51.2573,-1000.09
1742.53,51.2573,-1000.09
1742.53,51.2573,-1000.09
1744.38,51.3112,-1000.91
1744.38,51.3112,-1000.91
1744.38,51.3112,-1000.91
1746.21,51.3636,-1001.72
1746.21,51.3637,-1001.72
1746.21,51.3636,-1001.72
1748.05,51.4344,-1002.52
1748.05,51.4344,-1002.52
1748.05,51.4344,-1002.52
1749.87,51.4944,-1003.31
1749.87,51.4944,-1003.31
1749.87,51.4944,-1003.31
1751.68,51.5466,-1004.11
1751.68,51.5466,-1004.11
1751.68,51.5466,-1004.11
1753.49,51.5942,-1004.91
1753.49,51.5942,-1004.91
1753.49,51.5943,-1004.91
1755.29,51.6425,-1005.7
1755.29,51.6425,-1005.7
1755.29,51.6425,-1005.7
1757.08,51.6958,-1006.49
1757.08,51.6958,-1006.49
1757.08,51.6957,-1006.49
1758.87,51.7545,-1007.28
1758.87,51.7545,-1007.28
1758.87,51.7545,-1007.28
1760.65,51.8158,-1008.08
1760.65,51.8158,-1008.08
1760.65,51.8158,-1008.08
1762.41,51.8763,-1008.87
1762.41,51.8763,-1008.87
1762.41,51.8763,-1008.87
1764.16,51.947,-1009.66
1764.16,51.947,-1009.66
1764.16,51.947,-1009.66
1765.89,52.0056,-1010.45
1765.89,52.0056,-1010.45
1765.89,52.0056,-1010.45
1767.61,52.0652,-1011.24
1767.61,52.0652,-1011.24
1767.61,52.0652,-1011.24
1769.32,52.1222,-1012.02
1769.32,52.1222,-1012.02
1769.32,52.1222,-1012.02
1771.01,52.1793,-1012.8
1771.01,52.1793,-1012.8
1771.01,52.1793,-1012.8
1772.68,52.236,-1013.58
1772.68,52.236,-1013.58
1772.68,52.236,-1013.58
1774.34,52.2925,-1014.35
1774.34,52.2925,-1014.35
1774.34,52.2925,-1014.35
1775.99,52.3493,-1015.12
1775.99,52.3493,-1015.12
1775.99,52.3493,-1015.12
1777.62,52.4057,-1015.89
1777.62,52.4057,-1015.89
1777.62,52.4057,-1015.89
1779.24,52.4629,-1016.66
1779.24,52.4629,-1016.66
1779.24,52.4629,-1016.66
1780.84,52.5207,-1017.43
1780.84,52.5207,-1017.42
1780.84,52.5207,-1017.43
1782.43,52.5781,-1018.19
1782.43,52.5781,-1018.19
1782.43,52.5781,-1018.19
1783.99,52.6346,-1018.95
1783.99,52.6346,-1018.95
1783.99,52.6346,-1018.95
1785.53,52.6896,-1019.7
1785.53,52.6896,-1019.7
1785.53,52.6896,-1019.7
1787.06,52.7468,-1020.45
1787.06,52.7468,-1020.45
1787.06,52.7468,-1020.45
1788.57,52.8052,-1021.21
1788.57,52.8052,-1021.21
1788.57,52.8052,-1021.21
1790.06,52.8648,-1021.97
1790.06,52.8648,-1021.97
1790.06,52.8648,-1021.97
1791.52,52.9236,-1022.74
1791.52,52.9236,-1022.74
1791.52,52.9236,-1022.74
1792.97,52.9828,-1023.5
1792.97,52.9828,-1023.5
1792.97,52.9828,-1023.5
1794.38,53.0399,-1024.28
1794.38,53.0399,-1024.28
1794.38,53.0399,-1024.28
1795.78,53.0992,-1025.07
1795.78,53.0992,-1025.07
1795.78,53.0992,-1025.07
1797.16,53.158,-1025.89
1797.16,53.158,-1025.89
1797.16,53.158,-1025.89
1798.49,53.2223,-1026.7
1798.49,53.2223,-1026.7
1798.49,53.2223,-1026.7
1799.83,53.2838,-1027.55
1799.83,53.2838,-1027.55
1799.83,53.2838,-1027.55
1801.14,53.3484,-1028.42
1801.14,53.3483,-1028.42
1801.14,53.3484,-1028.42
1802.4,53.4185,-1029.29
1802.4,53.4186,-1029.29
1802.4,53.4185,-1029.29
1803.67,53.4888,-1030.2
1803.67,53.4888,-1030.2
1803.67,53.4888,-1030.2
1804.88,53.5579,-1031.1
1804.88,53.5579,-1031.1
1804.88,53.5579,-1031.1
1806.1,53.6288,-1032.05
1806.1,53.6288,-1032.05
1806.1,53.6287,-1032.05
1807.3,53.7069,-1033.02
1807.3,53.7069,-1033.02
1807.3,53.7069,-1033.02
1808.43,53.7883,-1033.99
1808.43,53.7883,-1033.99
1808.43,53.7883,-1033.99
1809.58,53.8727,-1035.01
1809.58,53.8727,-1035.01
1809.58,53.8727,-1035.01
1810.71,53.9598,-1036.06
1810.71,53.9598,-1036.06
1810.71,53.9598,-1036.06
1811.77,54.0427,-1037.1
1811.77,54.0427,-1037.1
1811.77,54.0427,-1037.1
1812.84,54.1306,-1038.19
1812.84,54.1306,-1038.19
1812.84,54.1306,-1038.19
1813.83,54.2208,-1039.28
1813.83,54.2208,-1039.28
1813.83,54.2208,-1039.28
1814.85,54.314,-1040.43
1814.85,54.314,-1040.43
1814.85,54.314,-1040.43
1815.84,54.4147,-1041.6
1815.84,54.4147,-1041.6
1815.84,54.4147,-1041.6
1816.73,54.5198,-1042.76
1816.73,54.5198,-1042.76
1816.73,54.5198,-1042.76
1817.66,54.6245,-1043.98
1817.66,54.6245,-1043.98
1817.66,54.6245,-1043.98
1818.54,54.7292,-1045.22
1818.54,54.7292,-1045.22
1818.54,54.7292,-1045.22
1819.34,54.8342,-1046.44
1819.34,54.8343,-1046.44
1819.34,54.8342,-1046.44
1820.16,54.9406,-1047.72
1820.16,54.9407,-1047.72
1820.16,54.9407,-1047.72
1820.88,55.0484,-1048.99
1820.88,55.0484,-1048.99
1820.88,55.0484,-1048.99
1821.63,55.1598,-1050.31
1821.63,55.1598,-1050.31
1821.63,55.1598,-1050.31
1822.34,55.2743,-1051.66
1822.34,55.2743,-1051.66
1822.34,55.2743,-1051.66
1822.95,55.3867,-1052.97
1822.95,55.3867,-1052.97
1822.95,55.3867,-1052.97
1823.58,55.5019,-1054.35
1823.58,55.5019,-1054.35
1823.58,55.5019,-1054.35
1824.17,55.6173,-1055.75
1824.17,55.6173,-1055.75
1824.17,55.6173,-1055.75
1824.66,55.7378,-1057.12
1824.66,55.7378,-1057.12
1824.66,55.7378,-1057.12
1825.18,55.8605,-1058.54
1825.18,55.8605,-1058.54
1825.18,55.8604,-1058.54
1825.59,55.9788,-1059.94
1825.59,55.9788,-1059.94
1825.59,55.9788,-1059.94
1826.02,56.1044,-1061.38
1826.02,56.1044,-1061.38
1826.02,56.1044,-1061.38
1826.41,56.2288,-1062.83
1826.41,56.2288,-1062.83
1826.41,56.2288,-1062.83
1826.7,56.3569,-1064.27
1826.7,56.3569,-1064.27
1826.7,56.3569,-1064.27
1827.02,56.4855,-1065.74
1827.02,56.4855,-1065.74
1827.02,56.4855,-1065.74
1827.29,56.6155,-1067.22
1827.29,56.6155,-1067.22
1827.29,56.6155,-1067.22
1827.46,56.7464,-1068.67
1827.46,56.7464,-1068.67
1827.46,56.7464,-1068.67
1827.65,56.879,-1070.16
1827.65,56.879,-1070.16
1827.65,56.879,-1070.16
1827.8,57.0122,-1071.67
1827.8,57.0122,-1071.67
1827.8,57.0122,-1071.67
1827.85,57.1432,-1073.13
1827.85,57.1432,-1073.13
1827.85,57.1432,-1073.13
1827.92,57.2758,-1074.63
1827.92,57.2758,-1074.63
1827.92,57.2758,-1074.63
1827.9,57.4102,-1076.1
1827.9,57.4102,-1076.1
1827.9,57.4102,-1076.1
1827.89,57.5451,-1077.61
1827.89,57.5451,-1077.61
1827.89,57.5451,-1077.61
1827.85,57.6822,-1079.12
1827.85,57.6822,-1079.12
1827.85,57.6822,-1079.12
1827.71,57.8156,-1080.59
1827.71,57.8156,-1080.59
1827.71,57.8156,-1080.59
1827.59,57.9522,-1082.09
1827.59,57.9523,-1082.09
1827.59,57.9522,-1082.09
1827.43,58.0859,-1083.59
1827.43,58.0859,-1083.59
1827.43,58.0859,-1083.59
1827.17,58.2125,-1085.06
1827.17,58.2125,-1085.06
1827.17,58.2125,-1085.06
1826.93,58.3434,-1086.56
1826.93,58.3434,-1086.56
1826.93,58.3434,-1086.56
1826.59,58.4782,-1088.02
1826.59,58.4782,-1088.02
1826.59,58.4782,-1088.02
1826.27,58.6111,-1089.51
1826.27,58.6111,-1089.51
1826.27,58.6111,-1089.51
1825.91,58.749,-1090.99
1825.91,58.749,-1090.99
1825.91,58.7489,-1090.99
1825.44,58.8773,-1092.42
1825.44,58.8774,-1092.42
1825.44,58.8773,-1092.42
1824.99,59.0121,-1093.88
1824.99,59.0121,-1093.88
1824.99,59.0121,-1093.88
1824.51,59.145,-1095.33
1824.51,59.1451,-1095.33
1824.51,59.145,-1095.33
1823.91,59.2791,-1096.72
1823.91,59.2791,-1096.72
1823.91,59.2792,-1096.72
1823.34,59.4126,-1098.14
1823.34,59.4126,-1098.14
1823.34,59.4126,-1098.14
1822.73,59.5387,-1099.54
1822.73,59.5387,-1099.54
1822.73,59.5387,-1099.54
1822.0,59.6491,-1100.88
1822.0,59.6491,-1100.88
1822.0,59.6491,-1100.88
1821.31,59.7625,-1102.24
1821.31,59.7624,-1102.24
1821.31,59.7625,-1102.24
1820.48,59.8837,-1103.52
1820.48,59.8837,-1103.52
1820.48,59.8837,-1103.52
1819.71,59.9846,-1104.84
1819.71,59.9846,-1104.84
1819.71,59.9846,-1104.84
1818.9,60.0931,-1106.14
1818.9,60.0931,-1106.14
1818.9,60.0931,-1106.14
1817.97,60.2009,-1107.36
1817.97,60.2009,-1107.36
1817.97,60.2009,-1107.36
1817.08,60.312,-1108.61
1817.08,60.312,-1108.61
1817.08,60.312,-1108.61
1816.17,60.4233,-1109.82
1816.17,60.4233,-1109.82
1816.17,60.4233,-1109.82
1815.13,60.5303,-1110.96
1815.13,60.5303,-1110.96
1815.13,60.5303,-1110.96
1814.15,60.6394,-1112.11
1814.15,60.6394,-1112.11
1814.15,60.6394,-1112.11
1813.05,60.7487,-1113.18
1813.05,60.7487,-1113.18
1813.05,60.7487,-1113.18
1811.99,60.858,-1114.27
1811.99,60.858,-1114.27
1811.99,60.858,-1114.27
1810.91,60.966,-1115.33
1810.91,60.966,-1115.33
1810.91,60.966,-1115.33
1809.72,61.0699,-1116.31
1809.72,61.0699,-1116.31
1809.72,61.0699,-1116.31
1808.57,61.1755,-1117.3
1808.57,61.1755,-1117.3
1808.57,61.1755,-1117.3
1807.39,61.2775,-1118.25
1807.39,61.2775,-1118.25
1807.39,61.2775,-1118.25
1806.1,61.3764,-1119.13
1806.1,61.3764,-1119.13
1806.1,61.3764,-1119.13
1804.86,61.4754,-1120.01
1804.86,61.4755,-1120.01
1804.86,61.4755,-1120.01
1803.53,61.5744,-1120.83
1803.53,61.5744,-1120.83
1803.53,61.5744,-1120.83
1802.24,61.6718,-1121.65
1802.24,61.6718,-1121.65
1802.24,61.6718,-1121.65
1800.92,61.7672,-1122.43
1800.92,61.7672,-1122.43
1800.92,61.7672,-1122.43
1799.51,61.8621,-1123.14
1799.51,61.8621,-1123.14
1799.51,61.8621,-1123.14
1798.15,61.9563,-1123.85
1798.15,61.9563,-1123.85
1798.15,61.9563,-1123.85
1796.75,62.0499,-1124.53
1796.75,62.0499,-1124.53
1796.75,62.0499,-1124.53
1795.29,62.1356,-1125.15
1795.29,62.1356,-1125.15
1795.29,62.1356,-1125.15
1793.85,62.2243,-1125.76
1793.85,62.2243,-1125.76
1793.85,62.2243,-1125.76
1792.39,62.3131,-1126.34
1792.39,62.3131,-1126.34
1792.39,62.3131,-1126.34
1790.87,62.4031,-1126.86
1790.87,62.4031,-1126.86
1790.87,62.4031,-1126.86
1789.38,62.489,-1127.38
1789.38,62.489,-1127.38
1789.38,62.4891,-1127.38
1787.83,62.5745,-1127.84
1787.83,62.5745,-1127.84
1787.83,62.5745,-1127.84
1786.3,62.6579,-1128.29
1786.3,62.6579,-1128.29
1786.3,62.6579,-1128.29
1784.76,62.7403,-1128.71
1784.76,62.7403,-1128.71
1784.76,62.7403,-1128.71
1783.17,62.8204,-1129.1
1783.17,62.8204,-1129.1
1783.17,62.8204,-1129.1
1781.6,62.9004,-1129.47
1781.6,62.9004,-1129.47
1781.6,62.9004,-1129.47
1780.01,62.978,-1129.82
1780.01,62.978,-1129.82
1780.01,62.978,-1129.82
1778.39,63.0529,-1130.14
1778.4,63.0529,-1130.14
1778.4,63.0529,-1130.14
1776.78,63.1275,-1130.44
1776.78,63.1275,-1130.44
1776.78,63.1275,-1130.44
1775.16,63.1991,-1130.73
1775.16,63.1991,-1130.73
1775.16,63.1991,-1130.73
1773.51,63.2709,-1131.0
1773.51,63.2709,-1131.0
1773.51,63.2709,-1131.0
1771.87,63.3419,-1131.26
1771.87,63.3419,-1131.26
1771.87,63.3419,-1131.26
1770.2,63.4143,-1131.49
1770.2,63.4143,-1131.49
1770.2,63.4143,-1131.49
1768.55,63.4873,-1131.72
1768.55,63.4873,-1131.72
1768.55,63.4874,-1131.72
1766.86,63.5628,-1131.94
1766.86,63.5628,-1131.94
1766.86,63.5627,-1131.94
1765.18,63.6363,-1132.14
1765.18,63.6363,-1132.14
1765.18,63.6363,-1132.14
1763.49,63.7104,-1132.34
1763.49,63.7103,-1132.34
1763.49,63.7104,-1132.34
1761.8,63.7834,-1132.53
1761.8,63.7834,-1132.53
1761.8,63.7834,-1132.53
1760.11,63.8559,-1132.71
1760.11,63.8559,-1132.71
1760.11,63.8559,-1132.71
1758.42,63.9277,-1132.88
1758.42,63.9277,-1132.88
1758.42,63.9277,-1132.88
1756.72,64.0003,-1133.05
1756.72,64.0003,-1133.05
1756.72,64.0003,-1133.05
1755.02,64.0723,-1133.22
1755.02,64.0723,-1133.22
1755.02,64.0723,-1133.22
1753.32,64.1429,-1133.37
1753.32,64.1429,-1133.37
1753.32,64.1429,-1133.37
1751.63,64.2121,-1133.53
1751.63,64.2121,-1133.53
1751.63,64.2121,-1133.53
1749.92,64.283,-1133.68
1749.92,64.283,-1133.68
1749.92,64.2829,-1133.68
1748.22,64.3521,-1133.83
1748.22,64.352,-1133.83
1748.22,64.352,-1133.83
1746.52,64.4208,-1133.97
1746.52,64.4208,-1133.97
1746.52,64.4208,-1133.97
1744.81,64.49,-1134.12
1744.81,64.49,-1134.12
1744.81,64.49,-1134.12
1743.11,64.5614,-1134.26
1743.11,64.5614,-1134.26
1743.11,64.5614,-1134.26
1741.4,64.6339,-1134.4
1741.4,64.6339,-1134.4
1741.4,64.6339,-1134.4
1739.69,64.7079,-1134.54
1739.69,64.7079,-1134.54
1739.69,64.7079,-1134.54
1737.99,64.7821,-1134.68
1737.99,64.782,-1134.68
1737.99,64.7821,-1134.68
1736.28,64.8552,-1134.82
1736.28,64.8552,-1134.82
1736.28,64.8552,-1134.82
1734.57,64.9268,-1134.95
1734.57,64.9269,-1134.95
1734.57,64.9269,-1134.95
1732.87,65.0009,-1135.08
1732.87,65.0008,-1135.08
1732.87,65.0008,-1135.08
1731.17,65.0729,-1135.21
1731.17,65.0729,-1135.21
1731.17,65.0729,-1135.21
1729.48,65.1435,-1135.34
1729.48,65.1435,-1135.34
1729.48,65.1435,-1135.34
1727.81,65.2099,-1135.46
1727.81,65.2099,-1135.46
1727.81,65.2099,-1135.46
1726.13,65.2746,-1135.58
1726.13,65.2746,-1135.58
1726.13,65.2746,-1135.58
1724.46,65.3364,-1135.7
1724.46,65.3364,-1135.7
1724.46,65.3364,-1135.7
1722.8,65.395,-1135.82
1722.8,65.395,-1135.82
1722.8,65.395,-1135.82
1721.14,65.4524,-1135.93
1721.14,65.4524,-1135.93
1721.14,65.4524,-1135.93
1719.49,65.5131,-1136.03
1719.49,65.5131,-1136.03
1719.49,65.5132,-1136.03
1717.84,65.571,-1136.12
1717.84,65.571,-1136.12
1717.84,65.571,-1136.12
1716.22,65.6254,-1136.21
1716.22,65.6254,-1136.21
1716.22,65.6254,-1136.21
1714.59,65.6801,-1136.28
1714.59,65.6801,-1136.28
1714.59,65.6801,-1136.28
1712.98,65.7316,-1136.33
1712.98,65.7316,-1136.33
1712.98,65.7316,-1136.33
1711.39,65.7812,-1136.37
1711.39,65.7812,-1136.37
1711.39,65.7812,-1136.37
1709.8,65.8322,-1136.38
1709.8,65.8322,-1136.38
1709.8,65.8322,-1136.38
1708.23,65.8796,-1136.38
1708.23,65.8796,-1136.38
1708.23,65.8796,-1136.38
1706.66,65.9261,-1136.34
1706.66,65.9262,-1136.34
1706.66,65.9261,-1136.34
1705.13,65.9688,-1136.3
1705.13,65.9688,-1136.3
1705.13,65.9688,-1136.3
1703.61,66.007,-1136.22
1703.61,66.007,-1136.22
1703.61,66.007,-1136.22
1702.08,66.04,-1136.09
1702.08,66.04,-1136.09
1702.08,66.04,-1136.09
1700.59,66.0708,-1135.95
1700.59,66.0708,-1135.95
1700.59,66.0708,-1135.95
1699.13,66.0982,-1135.79
1699.13,66.0982,-1135.79
1699.13,66.0982,-1135.79
1697.63,66.1238,-1135.56
1697.63,66.1238,-1135.56
1697.63,66.1238,-1135.56
1696.21,66.1479,-1135.32
1696.21,66.1479,-1135.32
1696.21,66.1479,-1135.32
1694.72,66.1693,-1135.0
1694.72,66.1693,-1135.0
1694.72,66.1693,-1135.0
1693.3,66.191,-1134.66
1693.3,66.191,-1134.66
1693.3,66.191,-1134.66
1691.9,66.1954,-1134.31
1691.9,66.1954,-1134.31
1691.9,66.1954,-1134.31
1690.44,66.1809,-1133.88
1690.44,66.1809,-1133.88
1690.44,66.1809,-1133.88
1689.06,66.167,-1133.46
1689.06,66.167,-1133.46
1689.06,66.167,-1133.46
1687.7,66.1403,-1132.99
1687.7,66.1403,-1132.99
1687.7,66.1403,-1132.99
1686.28,66.1121,-1132.42
1686.28,66.1121,-1132.42
1686.28,66.1121,-1132.42
1684.97,66.0642,-1131.87
1684.97,66.0642,-1131.87
1684.97,66.0642,-1131.87
1683.58,66.0291,-1131.21
1683.58,66.0291,-1131.21
1683.58,66.0291,-1131.21
1682.32,65.9822,-1130.57
1682.32,65.9822,-1130.57
1682.32,65.9822,-1130.57
1681.09,65.9449,-1129.89
1681.09,65.9449,-1129.89
1681.09,65.9449,-1129.89
1679.79,65.8986,-1129.1
1679.79,65.8986,-1129.1
1679.79,65.8986,-1129.1
1678.62,65.8626,-1128.33
1678.62,65.8626,-1128.33
1678.62,65.8626,-1128.33
1677.48,65.8239,-1127.51
1677.48,65.8239,-1127.52
1677.48,65.8239,-1127.52
1676.28,65.778,-1126.59
1676.28,65.778,-1126.59
1676.28,65.778,-1126.59
1675.2,65.7389,-1125.7
1675.2,65.7389,-1125.7
1675.2,65.7389,-1125.7
1674.06,65.6949,-1124.7
1674.06,65.6949,-1124.7
1674.06,65.6949,-1124.7
1673.07,65.6527,-1123.74
1673.07,65.6528,-1123.73
1673.07,65.6527,-1123.74
1672.11,65.6051,-1122.73
1672.11,65.6051,-1122.73
1672.11,65.6051,-1122.73
1671.09,65.5513,-1121.63
1671.09,65.5513,-1121.63
1671.09,65.5513,-1121.63
1670.21,65.4981,-1120.56
1670.21,65.4982,-1120.56
1670.21,65.4981,-1120.56
1669.37,65.4418,-1119.46
1669.37,65.4418,-1119.46
1669.37,65.4418,-1119.46
1668.47,65.3774,-1118.26
1668.47,65.3774,-1118.26
1668.47,65.3774,-1118.26
1667.72,65.3159,-1117.09
1667.72,65.3159,-1117.09
1667.72,65.3159,-1117.09
1666.91,65.2454,-1115.84
1666.91,65.2454,-1115.84
1666.91,65.2454,-1115.84
1666.24,65.1721,-1114.63
1666.24,65.1721,-1114.63
1666.24,65.1721,-1114.63
1665.59,65.1007,-1113.39
1665.59,65.1008,-1113.39
1665.59,65.1007,-1113.39
1664.91,65.0217,-1112.07
1664.91,65.0217,-1112.07
1664.91,65.0217,-1112.07
1664.34,64.9486,-1110.79
1664.34,64.9486,-1110.79
1664.34,64.9486,-1110.79
1663.82,64.8724,-1109.48
1663.82,64.8724,-1109.48
1663.82,64.8724,-1109.48
1663.26,64.7873,-1108.11
1663.26,64.7873,-1108.11
1663.26,64.7873,-1108.11
1662.81,64.701,-1106.77
1662.81,64.701,-1106.77
1662.81,64.701,-1106.77
1662.41,64.6184,-1105.42
1662.41,64.6184,-1105.42
1662.41,64.6184,-1105.42
1661.96,64.5334,-1103.99
1661.96,64.5334,-1103.99
1661.96,64.5334,-1103.99
1661.65,64.4501,-1102.61
1661.65,64.4501,-1102.61
1661.65,64.4501,-1102.61
1661.28,64.3742,-1101.16
1661.29,64.3742,-1101.15
1661.29,64.3742,-1101.15
1661.07,64.2557,-1099.77
1661.07,64.2557,-1099.77
1661.07,64.2557,-1099.77
1660.9,64.1543,-1098.36
1660.9,64.1543,-1098.36
1660.9,64.1543,-1098.36
1660.69,64.0375,-1096.87
1660.69,64.0375,-1096.87
1660.69,64.0375,-1096.87
1660.62,63.9507,-1095.43
1660.62,63.9507,-1095.43
1660.62,63.9507,-1095.43
1660.6,63.8538,-1094.0
1660.6,63.8538,-1094.0
1660.6,63.8538,-1094.0
1660.54,63.7581,-1092.5
1660.54,63.7581,-1092.5
1660.54,63.758,-1092.5
1660.61,63.6493,-1091.07
1660.61,63.6493,-1091.07
1660.61,63.6493,-1091.07
1660.64,63.5421,-1089.57
1660.64,63.5421,-1089.57
1660.64,63.5421,-1089.57
1660.82,63.4249,-1088.13
1660.82,63.4249,-1088.13
1660.82,63.4249,-1088.13
1661.04,63.3091,-1086.7
1661.04,63.3091,-1086.7
1661.04,63.3091,-1086.7
1661.21,63.1917,-1085.22
1661.21,63.1917,-1085.22
1661.21,63.1917,-1085.22
1661.53,63.0758,-1083.8
1661.53,63.0758,-1083.8
1661.53,63.0758,-1083.8
1661.89,62.9585,-1082.38
1661.89,62.9585,-1082.38
1661.89,62.9585,-1082.38
1662.21,62.8425,-1080.91
1662.21,62.8425,-1080.91
1662.21,62.8425,-1080.91
1662.66,62.7283,-1079.5
1662.66,62.7283,-1079.5
1662.66,62.7283,-1079.5
1663.09,62.611,-1078.05
1663.09,62.611,-1078.05
1663.09,62.611,-1078.05
1663.62,62.504,-1076.64
1663.62,62.504,-1076.64
1663.62,62.504,-1076.64
1664.18,62.3947,-1075.24
1664.18,62.3947,-1075.24
1664.18,62.3947,-1075.24
1664.73,62.2872,-1073.82
1664.73,62.2872,-1073.82
1664.73,62.2872,-1073.82
1665.36,62.1756,-1072.43
1665.36,62.1756,-1072.43
1665.36,62.1756,-1072.43
1666.02,62.0643,-1071.04
1666.02,62.0643,-1071.04
1666.02,62.0643,-1071.04
1666.68,61.9492,-1069.65
1666.68,61.9492,-1069.65
1666.68,61.9492,-1069.65
1667.4,61.8424,-1068.25
1667.4,61.8424,-1068.25
1667.4,61.8424,-1068.25
1668.12,61.7364,-1066.89
1668.12,61.7364,-1066.89
1668.12,61.7364,-1066.89
1668.85,61.6316,-1065.5
1668.85,61.6316,-1065.5
1668.85,61.6316,-1065.5
1669.63,61.5245,-1064.13
1669.63,61.5245,-1064.13
1669.63,61.5245,-1064.13
1670.42,61.4164,-1062.76
1670.42,61.4164,-1062.76
1670.42,61.4164,-1062.76
1671.23,61.3106,-1061.37
1671.23,61.3106,-1061.37
1671.23,61.3106,-1061.37
1672.06,61.2038,-1059.99
1672.06,61.2038,-1059.99
1672.06,61.2038,-1059.99
1672.88,61.0985,-1058.62
1672.88,61.0985,-1058.62
1672.88,61.0985,-1058.62
1673.71,60.9928,-1057.24
1673.71,60.9928,-1057.24
1673.71,60.9928,-1057.24
1674.56,60.8897,-1055.84
1674.56,60.8897,-1055.84
1674.56,60.8897,-1055.84
1675.42,60.7894,-1054.43
1675.42,60.7894,-1054.43
1675.42,60.7894,-1054.43
1676.28,60.6894,-1053.02
1676.28,60.6894,-1053.02
1676.28,60.6894,-1053.02
1677.15,60.5904,-1051.61
1677.15,60.5904,-1051.61
1677.15,60.5904,-1051.61
1678.03,60.4909,-1050.19
1678.03,60.4909,-1050.19
1678.03,60.4909,-1050.19
1678.91,60.3899,-1048.76
1678.91,60.39,-1048.76
1678.91,60.3899,-1048.76
1679.82,60.2808,-1047.3
1679.82,60.2808,-1047.3
1679.82,60.2808,-1047.3
1680.7,60.1773,-1045.9
1680.7,60.1773,-1045.9
1680.7,60.1773,-1045.9
