-0.0951934,-0.194649,11.0062
-0.0734838,-0.124775,11.4874
-0.102821,-0.072699,12.1097
-0.185663,-0.0545848,12.834
-0.320539,-0.0700121,13.6311
-0.494072,-0.112691,14.4661
-0.692984,-0.17633,15.3189
-0.90022,-0.259762,16.1837
-1.12028,-0.348016,17.0627
-1.34155,-0.445499,17.9555
-1.55663,-0.551804,18.8614
-1.76183,-0.665444,19.7796
-1.95835,-0.785278,20.7091
-2.14072,-0.913314,21.6477
-2.31083,-1.04552,22.5957
-2.47839,-1.17464,23.5521
-2.63151,-1.31044,24.5118
-2.76692,-1.4506,25.4773
-2.88675,-1.59026,26.4489
-2.99074,-1.73046,27.4267
-3.09116,-1.87461,28.413
-3.19288,-2.00389,29.4042
-3.30802,-2.11798,30.3965
-3.42231,-2.22872,31.387
-3.52261,-2.34063,32.3779
-3.60543,-2.45161,33.3715
-3.67328,-2.55901,34.3682
-3.72373,-2.66531,35.3659
-3.75671,-2.76938,36.365
-3.77334,-2.87033,37.365
-3.77705,-2.96624,38.366
-3.76576,-3.05972,39.3665
-3.74255,-3.14782,40.3677
-3.72171,-3.22746,41.3922
-3.71845,-3.28416,42.4134
-3.73449,-3.32466,43.4306
-3.76436,-3.35259,44.4445
-3.80318,-3.37054,45.4559
-3.84672,-3.38052,46.4657
-3.89147,-3.38399,47.4745
-3.93443,-3.38209,48.4827
-3.97294,-3.37572,49.4905
-4.00482,-3.36551,50.4982
-4.02822,-3.35186,51.5057
-4.0416,-3.33511,52.5131
-4.05506,-3.31915,53.5243
-4.06079,-3.29179,54.5342
-4.0598,-3.25703,55.5427
-4.04927,-3.21631,56.55
-4.02728,-3.1707,57.5564
-3.99241,-3.121,58.5616
-3.95324,-3.07006,59.5694
-3.91836,-3.01063,60.5782
-3.88137,-2.93392,61.5826
-3.84088,-2.84539,62.5829
-3.79248,-2.74781,63.58
-3.73319,-2.64332,64.5743
-3.66096,-2.53359,65.5659
-3.5744,-2.4199,66.5549
-3.47231,-2.3031,67.5409
-3.35534,-2.18428,68.5237
-3.22282,-2.06387,69.5034
-3.07429,-1.94237,70.4798
-2.90944,-1.82025,71.4529
-2.73794,-1.70033,72.4288
-2.55375,-1.57122,73.3998
-2.35908,-1.43715,74.3666
-2.15193,-1.29993,75.3294
-1.93109,-1.16092,76.2881
-1.69578,-1.02111,77.2426
-1.44552,-0.88128,78.1928
-1.18001,-0.742027,79.1386
-0.899097,-0.603801,80.0798
-0.602706,-0.466962,81.0162
-0.290824,-0.331803,81.9475
0.0365096,-0.198546,82.8737
0.379232,-0.0673836,83.7945
0.737261,0.061529,84.7096
1.11049,0.188059,85.6189
1.4988,0.312089,86.5221
1.90693,0.434773,87.4385
2.3221,0.566434,88.3457
2.74304,0.702484,89.2463
3.16386,0.838751,90.1487
3.59093,0.984806,91.0433
4.02319,1.13571,91.9315
4.46342,1.28904,92.8131
4.91346,1.44307,93.688
5.37456,1.59657,94.5558
5.84755,1.74869,95.4164
6.33301,1.8988,96.2696
6.83132,2.04643,97.1151
7.3355,2.18999,97.9623
7.84973,2.3401,98.801
8.37188,2.49288,99.6328
8.90384,2.6465,100.457
9.44674,2.79964,101.274
10.0013,2.95134,102.082
10.5678,3.10091,102.882
11.1467,3.24782,103.674
11.738,3.3917,104.456
12.3417,3.53225,105.23
12.9579,3.66925,105.994
13.5864,3.80253,106.748
14.2272,3.93194,107.493
14.8801,4.05738,108.227
15.5449,4.17875,108.952
16.2216,4.29597,109.666
16.9099,4.40898,110.37
17.6048,4.51699,111.073
18.3085,4.63047,111.766
19.0188,4.74585,112.451
19.7372,4.86126,113.126
20.4645,4.97535,113.79
21.2012,5.08716,114.445
21.9475,5.19598,115.088
22.7036,5.30129,115.721
23.4694,5.4027,116.341
24.2449,5.49993,116.951
25.03,5.59275,117.548
25.8246,5.681,118.133
26.6285,5.76453,118.706
27.4415,5.84325,119.267
28.2607,5.91668,119.827
29.0839,5.99469,120.386
29.91,6.08411,120.936
30.7386,6.17957,121.479
31.5716,6.27777,122.012
32.4102,6.37637,122.534
33.2553,6.4737,123.045
34.1051,6.56848,123.556
34.9599,6.66983,124.056
35.8184,6.77377,124.545
36.682,6.87792,125.024
37.5513,6.98056,125.492
38.4269,7.08048,125.947
39.3089,7.17681,126.39
40.1975,7.26889,126.82
41.0925,7.35628,127.237
41.9932,7.43877,127.652
42.9022,7.52418,128.065
43.8117,7.61883,128.469
44.7214,7.71816,128.865
45.6331,7.81913,129.253
46.5517,7.92027,129.642
47.4855,8.01814,130.018
48.4151,8.13078,130.389
49.3418,8.2578,130.754
50.2677,8.39319,131.112
51.1944,8.53264,131.46
52.1231,8.67303,131.797
53.0545,8.81212,132.123
53.9893,8.94825,132.436
54.9278,9.08025,132.736
55.8702,9.20723,133.023
56.8167,9.32857,133.297
57.7683,9.44489,133.569
58.722,9.56474,133.827
59.6772,9.68489,134.074
60.6347,9.80312,134.31
61.5949,9.91789,134.533
62.5582,10.0281,134.743
63.5246,10.133,134.939
64.494,10.2319,135.121
65.4664,10.3245,135.29
66.4416,10.4105,135.444
67.4193,10.4897,135.585
68.3995,10.5618,135.711
69.3818,10.6267,135.822
70.366,10.6845,135.92
71.3519,10.7349,136.003
72.3393,10.7779,136.071
73.3278,10.8135,136.125
74.3172,10.8417,136.165
75.3073,10.8624,136.19
76.2977,10.8756,136.201
77.2883,10.8813,136.197
78.2787,10.8794,136.179
79.2688,10.8699,136.146
80.2581,10.8529,136.1
81.2465,10.8283,136.038
82.2337,10.7961,135.963
83.2194,10.7562,135.873
84.2034,10.7088,135.769
85.1854,10.6537,135.651
86.1652,10.591,135.519
87.1424,10.5206,135.373
88.1368,10.4411,135.213
89.125,10.3678,135.042
90.1088,10.2967,134.862
91.0958,10.2032,134.664
92.078,10.1136,134.46
93.0571,10.0308,134.252
94.0324,9.9509,134.038
95.0036,9.87086,133.814
95.9772,9.78968,133.59
96.9463,9.71475,133.355
97.9113,9.64212,133.112
98.8719,9.56866,132.859
99.8281,9.49218,132.595
100.78,9.41113,132.319
101.734,9.32558,132.04
102.69,9.24491,131.759
103.642,9.17482,131.467
104.59,9.10995,131.168
105.533,9.04626,130.859
106.472,8.98093,130.54
107.405,8.912,130.209
108.334,8.83808,129.867
109.257,8.75819,129.512
110.174,8.67164,129.145
111.085,8.57794,128.765
111.99,8.47675,128.374
112.888,8.36784,127.97
113.779,8.25104,127.553
114.673,8.12743,127.133
115.559,8.00583,126.699
116.44,7.88364,126.256
117.314,7.75851,125.803
118.181,7.62892,125.339
119.041,7.49377,124.864
119.893,7.3523,124.378
120.737,7.20399,123.881
121.588,7.02362,123.358
122.428,6.85946,122.825
123.262,6.70365,122.284
124.087,6.55134,121.735
124.903,6.33385,121.185
125.692,6.11889,120.615
126.467,5.92103,120.046
127.232,5.74075,119.475
127.985,5.57227,118.899
128.728,5.41115,118.316
129.458,5.25392,117.725
130.177,5.09794,117.126
130.884,4.94128,116.518
131.58,4.78243,115.901
132.285,4.62151,115.281
132.994,4.45663,114.655
133.703,4.28512,114.023
134.41,4.1057,113.388
135.114,3.91783,112.748
135.813,3.72132,112.105
136.507,3.51619,111.459
137.196,3.30247,110.808
137.879,3.08031,110.155
138.554,2.84978,109.497
139.223,2.61103,108.835
139.885,2.36415,108.169
140.539,2.10922,107.499
141.185,1.84633,106.824
141.824,1.57558,106.146
142.453,1.29702,105.462
143.075,1.01075,104.774
143.687,0.716826,104.082
144.291,0.415323,103.385
144.886,0.106328,102.684
145.471,-0.210095,101.979
146.048,-0.533874,101.269
146.615,-0.864945,100.556
147.172,-1.20323,99.8379
147.72,-1.54865,99.1161
148.258,-1.90119,98.3905
148.786,-2.26072,97.6612
149.305,-2.6272,96.9282
149.813,-3.00055,96.1916
150.312,-3.38072,95.4517
150.8,-3.76763,94.7085
151.278,-4.16122,93.9622
151.745,-4.56142,93.2128
152.202,-4.96816,92.4606
152.649,-5.38138,91.7056
153.085,-5.80101,90.9479
153.511,-6.22698,90.1877
153.925,-6.65923,89.4252
154.329,-7.09768,88.6604
154.722,-7.54225,87.8936
155.105,-7.99288,87.1247
155.476,-8.4495,86.3541
155.836,-8.91205,85.5817
156.185,-9.38041,84.8078
156.524,-9.85456,84.0324
156.85,-10.3344,83.2558
157.166,-10.8199,82.4779
157.47,-11.3109,81.6991
157.763,-11.8073,80.9194
158.045,-12.3092,80.1389
158.315,-12.8164,79.3579
158.574,-13.3288,78.5763
158.821,-13.8463,77.7945
159.057,-14.3689,77.0124
159.281,-14.8966,76.2303
159.493,-15.4291,75.4483
159.694,-15.9664,74.6665
159.883,-16.5085,73.885
160.061,-17.0552,73.104
160.226,-17.6065,72.3237
160.38,-18.1622,71.5441
160.522,-18.7224,70.7654
160.653,-19.2869,69.9878
160.771,-19.8556,69.2114
160.878,-20.4284,68.4363
160.973,-21.0052,67.6626
161.055,-21.586,66.8905
161.126,-22.1706,66.1201
161.186,-22.759,65.3516
161.233,-23.3511,64.5851
161.268,-23.9467,63.8208
161.291,-24.5458,63.0587
161.303,-25.1483,62.299
161.302,-25.7541,61.5418
161.29,-26.3631,60.7873
161.266,-26.9752,60.0356
161.23,-27.5903,59.2868
161.182,-28.2083,58.5412
161.133,-28.8336,57.7958
161.078,-29.4664,57.0326
161.022,-30.0851,56.2646
160.967,-30.6958,55.495
160.908,-31.3018,54.7258
160.844,-31.9052,53.9582
160.773,-32.5077,53.1929
160.692,-33.1103,52.4306
160.603,-33.7137,51.6715
160.503,-34.3185,50.916
160.393,-34.925,50.1643
160.272,-35.5333,49.4165
160.139,-36.1437,48.6728
159.995,-36.756,47.9334
159.84,-37.3704,47.1983
159.673,-37.9867,46.4677
159.503,-38.6113,45.7391
159.335,-39.2373,45.0074
159.164,-39.8544,44.2716
158.991,-40.4667,43.5345
158.812,-41.0762,42.7978
158.627,-41.6844,42.0626
158.433,-42.292,41.3299
158.229,-42.8998,40.6005
158.008,-43.5268,39.8686
157.784,-44.1458,39.1398
157.558,-44.7614,38.4107
157.328,-45.3747,37.6831
157.091,-45.9864,36.9585
156.847,-46.5974,36.2377
156.594,-47.2083,35.5216
156.34,-47.8262,34.8073
156.078,-48.439,34.0943
155.812,-49.05,33.3837
155.54,-49.6602,32.6764
155.259,-50.2703,31.9732
154.97,-50.8806,31.2746
154.671,-51.4915,30.5812
154.362,-52.1032,29.8935
154.042,-52.7157,29.2116
153.712,-53.3292,28.5359
153.372,-53.9437,27.8666
153.021,-54.5591,27.2039
152.659,-55.1753,26.5479
152.287,-55.7924,25.8988
151.904,-56.4101,25.2567
151.511,-57.0286,24.6217
151.107,-57.6475,23.9939
150.693,-58.267,23.3735
150.268,-58.8868,22.7604
149.833,-59.5068,22.1549
149.388,-60.127,21.557
148.933,-60.7473,20.9668
148.454,-61.3798,20.3874
147.971,-62.0053,19.8078
147.486,-62.624,19.2251
146.997,-63.2373,18.6426
146.502,-63.8464,18.0627
146.001,-64.4525,17.4871
145.493,-65.0561,16.9171
144.976,-65.6579,16.3534
144.452,-66.2582,15.7969
143.919,-66.8573,15.2479
143.378,-67.4554,14.7069
142.828,-68.0525,14.1742
142.27,-68.6486,13.65
141.702,-69.2438,13.1345
141.127,-69.8379,12.6278
140.542,-70.437,12.1429
139.951,-71.0335,11.6619
139.356,-71.6259,11.18
138.754,-72.2146,10.6997
138.147,-72.8,10.2232
137.531,-73.3825,9.75193
136.909,-73.9625,9.28706
136.284,-74.548,8.82223
135.652,-75.125,8.35782
135.017,-75.6973,7.8954
134.382,-76.274,7.42985
133.742,-76.8411,6.96269
133.098,-77.4029,6.49608
132.451,-77.9607,6.0328
131.797,-78.5151,5.57481
131.138,-79.0668,5.1235
130.471,-79.6161,4.67986
129.798,-80.1632,4.24464
129.118,-80.7082,3.81838
128.431,-81.2513,3.40149
127.736,-81.7925,2.99426
127.035,-82.3316,2.59692
126.326,-82.8688,2.20967
125.611,-83.4039,1.83264
124.888,-83.9369,1.46595
124.159,-84.4677,1.1097
123.423,-84.9963,0.763968
122.681,-85.5225,0.428822
121.932,-86.0462,0.10433
121.177,-86.5675,-0.209448
120.416,-87.0862,-0.512461
119.649,-87.6022,-0.804655
118.876,-88.1155,-1.08598
118.097,-88.626,-1.3564
117.312,-89.1335,-1.61585
116.523,-89.6381,-1.86431
115.727,-90.1396,-2.10172
114.927,-90.638,-2.32805
114.121,-91.1332,-2.54325
113.311,-91.6251,-2.74729
112.496,-92.1136,-2.94014
111.676,-92.5987,-3.12176
110.837,-93.0922,-3.29856
109.997,-93.5747,-3.47576
109.157,-94.0517,-3.6517
108.317,-94.5237,-3.82318
107.474,-94.9913,-3.98808
106.63,-95.4547,-4.14496
105.784,-95.914,-4.29276
104.935,-96.3695,-4.43076
104.084,-96.8211,-4.55842
103.229,-97.2688,-4.67535
102.371,-97.7125,-4.78128
101.511,-98.1522,-4.876
100.648,-98.5878,-4.95938
99.7813,-99.0192,-5.0313
98.9123,-99.4464,-5.09171
98.0406,-99.8694,-5.14056
97.1664,-100.288,-5.17781
96.2897,-100.702,-5.20344
95.4107,-101.112,-5.21744
94.5295,-101.517,-5.21981
93.6463,-101.917,-5.21054
92.7612,-102.313,-5.18965
91.8744,-102.704,-5.15713
90.986,-103.09,-5.11299
90.0961,-103.471,-5.05725
89.205,-103.848,-4.98991
88.3127,-104.219,-4.91099
87.4194,-104.585,-4.82051
86.5254,-104.947,-4.71847
85.6306,-105.303,-4.6049
84.7354,-105.654,-4.47982
83.8398,-105.999,-4.34325
82.9439,-106.34,-4.1952
82.046,-106.685,-4.04211
81.1438,-107.03,-3.89254
80.2389,-107.365,-3.74804
79.3333,-107.694,-3.60568
78.4271,-108.016,-3.46125
77.5203,-108.333,-3.31196
76.6134,-108.644,-3.15584
75.7064,-108.95,-2.99153
74.7996,-109.249,-2.81809
73.8932,-109.544,-2.63485
72.9874,-109.833,-2.44132
72.0823,-110.116,-2.23719
71.1781,-110.393,-2.02224
70.2718,-110.676,-1.80236
69.3641,-110.948,-1.57976
68.4535,-111.224,-1.36013
67.5407,-111.49,-1.14317
66.6278,-111.749,-0.926807
65.7149,-112.002,-0.707358
64.8026,-112.25,-0.482353
63.891,-112.491,-0.250098
62.9805,-112.727,-0.00940808
62.0713,-112.957,0.240546
61.1637,-113.182,0.500328
60.2579,-113.401,0.770336
59.3541,-113.614,1.05083
58.4483,-113.831,1.3364
57.5418,-114.038,1.6245
56.6362,-114.239,1.91555
55.7319,-114.434,2.21213
54.8292,-114.624,2.51588
53.9285,-114.807,2.82793
53.0301,-114.985,3.14906
52.1343,-115.156,3.47978
51.2412,-115.322,3.82045
50.3512,-115.483,4.17131
49.4644,-115.637,4.53249
48.581,-115.786,4.90409
47.7012,-115.929,5.28615
46.8196,-116.076,5.67391
45.9385,-116.212,6.06408
45.059,-116.342,6.45703
44.1816,-116.467,6.85519
43.3071,-116.585,7.26015
42.4358,-116.698,7.67295
41.5682,-116.805,8.09433
40.7045,-116.905,8.52476
39.8451,-117.0,8.96457
38.9901,-117.089,9.41396
38.1398,-117.173,9.87306
37.2943,-117.25,10.3419
36.4539,-117.322,10.8206
35.6187,-117.388,11.309
34.7889,-117.448,11.8072
33.9646,-117.502,12.3151
33.146,-117.55,12.8326
32.3331,-117.593,13.3597
31.5263,-117.63,13.8962
30.7255,-117.661,14.4422
29.931,-117.686,14.9975
29.1428,-117.705,15.562
28.3611,-117.719,16.1357
27.5861,-117.726,16.7184
26.8178,-117.728,17.31
26.0565,-117.724,17.9105
25.3021,-117.715,18.5197
24.555,-117.699,19.1376
23.8151,-117.678,19.7641
23.0827,-117.651,20.3989
22.3578,-117.619,21.0421
21.6325,-117.59,21.6918
20.91,-117.55,22.3426
20.1906,-117.504,22.9948
19.4758,-117.453,23.6507
18.7666,-117.396,24.3114
18.0638,-117.333,24.978
17.3679,-117.264,25.6509
16.6801,-117.189,26.349
15.9935,-117.106,27.0439
15.3053,-117.016,27.7341
14.6102,-116.929,28.4219
13.9137,-116.83,29.1033
13.2176,-116.726,29.781
12.5155,-116.624,30.4571
11.8131,-116.513,31.1279
11.1116,-116.395,31.7958
10.4134,-116.273,32.464
9.72015,-116.144,33.1348
9.03293,-116.011,33.8096
8.35264,-115.872,34.4894
7.67993,-115.728,35.1749
7.01526,-115.579,35.8667
6.34314,-115.424,36.5774
5.67382,-115.26,37.2827
5.00744,-115.092,37.9853
4.34621,-114.92,38.6879
3.69153,-114.744,39.3925
3.04435,-114.564,40.1005
2.40534,-114.38,40.8129
1.77499,-114.191,41.5303
1.15365,-113.998,42.2533
0.541621,-113.801,42.982
-0.0608875,-113.599,43.7166
-0.653688,-113.392,44.4574
-1.23663,-113.181,45.2042
-1.8096,-112.965,45.957
-2.37247,-112.744,46.7158
-2.92514,-112.519,47.4806
-3.46752,-112.289,48.2512
-3.99953,-112.054,49.0275
-4.52108,-111.815,49.8094
-5.03209,-111.571,50.5967
-5.53249,-111.323,51.3894
-6.02219,-111.07,52.1874
-6.50113,-110.813,52.9904
-6.96923,-110.551,53.7983
-7.42642,-110.285,54.6111
-7.87263,-110.015,55.4285
-8.30779,-109.741,56.2504
-8.73183,-109.462,57.0768
-9.14468,-109.179,57.9074
-9.54628,-108.893,58.7421
-9.93656,-108.602,59.5808
-10.3155,-108.307,60.4234
-10.6829,-108.009,61.2696
-11.0389,-107.706,62.1194
-11.3833,-107.4,62.9726
-11.716,-107.09,63.8291
-12.0371,-106.777,64.6887
-12.3464,-106.46,65.5513
-12.644,-106.139,66.4168
-12.9297,-105.815,67.2849
-13.2036,-105.488,68.1556
-13.4655,-105.157,69.0287
-13.7154,-104.823,69.9041
-13.9632,-104.492,70.786
-14.2054,-104.152,71.665
-14.448,-103.826,72.5689
-14.6986,-103.487,73.4663
-14.9593,-103.142,74.3556
-15.2272,-102.794,75.2385
-15.4971,-102.444,76.1165
-15.765,-102.09,76.9911
-16.0281,-101.733,77.8635
-16.2844,-101.373,78.7347
-16.5321,-101.01,79.6054
-16.7701,-100.643,80.4761
-16.9976,-100.274,81.3472
-17.214,-99.9011,82.219
-17.4189,-99.5252,83.0915
-17.6118,-99.1463,83.9648
-17.7927,-98.7643,84.8389
-17.9613,-98.3793,85.7139
-18.127,-97.9969,86.5952
-18.2872,-97.6058,87.4725
-18.4423,-97.2108,88.3475
-18.59,-96.8119,89.2212
-18.7289,-96.4095,90.0942
-18.8577,-96.0037,90.9667
-18.9758,-95.5948,91.8389
-19.0827,-95.1829,92.711
-19.1873,-94.7732,93.589
-19.2869,-94.3549,94.4625
-19.3819,-93.9327,95.3333
-19.4699,-93.5069,96.2022
-19.5492,-93.0777,97.0697
-19.6187,-92.6455,97.9362
-19.6869,-92.2151,98.8083
-19.7593,-91.7781,99.6847
-19.8353,-91.3314,100.553
-19.9131,-90.8801,101.416
-19.9882,-90.4249,102.275
-20.0577,-89.9663,103.132
-20.1195,-89.5048,103.986
-20.1723,-89.0406,104.839
-20.2149,-88.5741,105.69
-20.2467,-88.1054,106.54
-20.2671,-87.6346,107.389
-20.2757,-87.162,108.236
-20.2724,-86.6875,109.083
-20.2569,-86.2113,109.928
-20.2329,-85.7367,110.782
-20.2026,-85.2553,111.631
-20.1676,-84.7724,112.478
-20.1345,-84.2917,113.33
-20.1088,-83.8075,114.182
-20.0749,-83.3111,115.039
-20.0541,-82.8068,115.886
-20.0451,-82.2945,116.725
-20.0406,-81.7764,117.558
-20.0358,-81.2538,118.385
-20.0272,-80.7279,119.208
-20.0122,-80.1993,120.027
-19.989,-79.6686,120.844
-19.9565,-79.1363,121.658
-19.9136,-78.6026,122.469
-19.8596,-78.0678,123.279
-19.7942,-77.532,124.086
-19.7169,-76.9954,124.892
-19.6275,-76.4581,125.695
-19.5259,-75.9202,126.497
-19.4119,-75.3818,127.296
-19.2856,-74.8429,128.092
-19.1468,-74.3037,128.886
-18.9956,-73.7642,129.678
-18.8319,-73.2245,130.467
-18.6558,-72.6847,131.253
-18.4521,-72.1424,132.047
-18.2468,-71.5959,132.834
-18.0431,-71.0438,133.616
-17.8367,-70.4777,134.41
-17.6366,-69.9033,135.192
-17.4405,-69.3257,135.969
-17.2523,-68.7483,136.748
-17.067,-68.1642,137.518
-16.8831,-67.5779,138.282
-16.7049,-66.992,139.051
-16.5279,-66.3993,139.811
-16.3509,-65.8042,140.565
-16.1701,-65.2073,141.315
-15.9829,-64.6095,142.061
-15.7874,-64.0112,142.803
-15.5825,-63.4128,143.541
-15.3672,-62.8146,144.276
-15.1409,-62.2167,145.007
-14.9033,-61.6195,145.734
-14.6541,-61.0229,146.458
-14.3694,-60.4221,147.197
-14.0891,-59.7984,147.938
-13.8244,-59.1637,148.666
-13.5698,-58.5242,149.384
-13.3188,-57.8822,150.094
-13.0668,-57.2393,150.798
-12.8186,-56.5968,151.505
-12.5708,-55.9489,152.202
-12.3225,-55.2995,152.893
-12.0702,-54.6495,153.578
-11.8115,-53.9994,154.258
-11.5445,-53.35,154.934
-11.2683,-52.7014,155.606
-10.982,-52.0541,156.273
-10.685,-51.4082,156.936
-10.377,-50.7639,157.595
-10.0576,-50.1214,158.249
-9.72685,-49.4808,158.899
-9.38452,-48.8422,159.545
-9.03549,-48.2063,160.196
-8.68034,-47.5685,160.84
-8.32068,-46.9312,161.48
-7.95431,-46.2946,162.116
-7.57977,-45.6592,162.747
-7.19608,-45.0253,163.374
-6.80254,-44.3932,163.997
-6.39871,-43.7633,164.615
-5.98428,-43.1357,165.228
-5.55905,-42.5106,165.836
-5.12293,-41.8884,166.439
-4.67584,-41.2691,167.036
-4.19826,-40.6537,167.635
-3.71932,-40.0378,168.228
-3.24192,-39.4185,168.816
-2.76275,-38.7978,169.398
-2.27939,-38.1771,169.975
-1.79012,-37.5575,170.547
-1.29959,-36.938,171.123
-0.807001,-36.3142,171.69
-0.312567,-35.6894,172.251
0.186506,-35.0651,172.807
0.692035,-34.4424,173.357
1.21533,-33.8128,173.916
1.73763,-33.1801,174.465
2.25915,-32.548,175.009
2.78307,-31.9183,175.548
3.31165,-31.2918,176.083
3.8465,-30.6692,176.612
4.38875,-30.0508,177.135
4.93922,-29.4368,177.653
5.49847,-28.8275,178.166
6.06688,-28.2229,178.672
6.64469,-27.6233,179.173
7.23206,-27.0286,179.668
7.82906,-26.4391,180.156
8.43571,-25.8546,180.638
9.052,-25.2754,181.114
9.67789,-24.7016,181.583
10.3133,-24.1331,182.046
10.9581,-23.57,182.502
11.6123,-23.0125,182.951
12.2757,-22.4606,183.394
12.9483,-21.9144,183.829
13.6298,-21.3741,184.258
14.3202,-20.8395,184.68
15.0194,-20.311,185.095
15.7272,-19.7885,185.503
16.4436,-19.2721,185.903
17.1683,-18.7619,186.297
17.9013,-18.2581,186.683
18.6425,-17.7606,187.062
19.3916,-17.2696,187.433
20.1486,-16.7851,187.797
20.9134,-16.3073,188.154
21.6858,-15.8363,188.503
22.4656,-15.372,188.844
23.2528,-14.9147,189.178
24.0472,-14.4643,189.504
24.8487,-14.021,189.822
25.6571,-13.5848,190.133
26.4723,-13.1559,190.436
27.2942,-12.7342,190.731
28.1226,-12.3199,191.018
28.9574,-11.9131,191.297
29.7984,-11.5138,191.568
30.6456,-11.122,191.831
31.4986,-10.738,192.086
32.3575,-10.3616,192.333
33.2221,-9.99313,192.572
34.0922,-9.63249,192.802
34.9676,-9.2798,193.025
35.8483,-8.93513,193.239
36.734,-8.59852,193.445
37.6247,-8.27005,193.643
38.5202,-7.94977,193.832
39.4203,-7.63776,194.013
40.3249,-7.33405,194.186
41.2337,-7.03871,194.35
42.1468,-6.7518,194.506
43.0639,-6.47338,194.653
43.9848,-6.2035,194.792
44.9095,-5.94221,194.923
45.8377,-5.68956,195.045
46.7693,-5.44559,195.158
47.7041,-5.21037,195.264
48.6421,-4.98393,195.36
49.5829,-4.76631,195.448
50.5265,-4.55757,195.528
51.4727,-4.35775,195.599
52.4247,-4.16473,195.671
53.3765,-3.97372,195.734
54.3281,-3.78573,195.792
55.2804,-3.60241,195.844
56.2338,-3.42497,195.889
57.1886,-3.25436,195.926
58.1447,-3.09126,195.956
59.1023,-2.93619,195.977
60.0612,-2.78956,195.991
61.0214,-2.65165,195.996
61.9827,-2.52269,195.993
62.9451,-2.40284,195.981
63.9084,-2.29222,195.961
64.8725,-2.19092,195.933
65.8372,-2.09901,195.896
66.8024,-2.01655,195.851
67.7678,-1.94355,195.797
68.7335,-1.88007,195.735
69.6991,-1.82611,195.665
70.6646,-1.7817,195.587
71.6298,-1.74685,195.5
72.5944,-1.72155,195.405
73.5585,-1.70584,195.302
74.5217,-1.69971,195.19
75.4839,-1.70317,195.07
76.4451,-1.71622,194.942
77.4049,-1.73885,194.807
78.3632,-1.77107,194.662
79.32,-1.81287,194.51
80.275,-1.86426,194.35
81.228,-1.92522,194.182
82.1789,-1.99576,194.006
83.1276,-2.07587,193.822
84.0739,-2.16553,193.63
85.0176,-2.26473,193.43
85.9585,-2.37347,193.223
86.8966,-2.49173,193.007
87.8316,-2.6195,192.784
88.7634,-2.75676,192.554
89.7119,-2.90437,192.314
90.6542,-3.04741,192.066
91.5926,-3.18939,191.814
92.5266,-3.3336,191.558
93.4563,-3.48222,191.296
94.3818,-3.63676,191.029
95.3029,-3.79829,190.756
96.2196,-3.96757,190.477
97.1319,-4.14512,190.191
98.0397,-4.33128,189.898
98.943,-4.52631,189.599
99.8415,-4.73034,189.293
100.735,-4.94349,188.98
101.624,-5.16582,188.66
102.508,-5.39735,188.333
103.386,-5.63807,187.999
104.259,-5.88798,187.658
105.127,-6.14705,187.311
106.008,-6.41871,186.952
106.884,-6.68543,186.586
107.754,-6.95055,186.217
108.62,-7.21734,185.843
109.48,-7.48798,185.466
110.335,-7.76401,185.083
111.183,-8.0465,184.696
112.025,-8.33621,184.303
112.861,-8.63364,183.904
113.69,-8.93914,183.5
114.513,-9.25295,183.09
115.329,-9.57522,182.674
116.138,-9.90602,182.253
116.941,-10.2454,181.825
117.736,-10.5934,181.391
118.524,-10.9499,180.952
119.305,-11.3149,180.507
120.078,-11.6885,180.056
120.843,-12.0704,179.599
121.601,-12.4608,179.137
122.351,-12.8594,178.669
123.093,-13.2663,178.195
123.827,-13.6814,177.717
124.553,-14.1046,177.232
125.271,-14.5359,176.743
125.98,-14.9751,176.249
126.681,-15.4222,175.749
127.373,-15.8771,175.245
128.056,-16.3397,174.736
128.731,-16.81,174.221
129.396,-17.2879,173.703
130.052,-17.7734,173.18
130.7,-18.2662,172.652
131.337,-18.7665,172.12
131.966,-19.274,171.583
132.585,-19.7886,171.043
133.194,-20.3105,170.498
133.794,-20.8393,169.95
134.384,-21.375,169.397
134.975,-21.918,168.845
135.559,-22.459,168.286
136.153,-23.0098,167.713
136.743,-23.5491,167.134
137.331,-24.0822,166.553
137.915,-24.6129,165.97
138.491,-25.1439,165.385
139.06,-25.6771,164.797
139.633,-26.2141,164.211
140.199,-26.7468,163.619
140.771,-27.2782,163.028
141.34,-27.8018,162.43
141.906,-28.3214,161.829
142.466,-28.8403,161.225
143.019,-29.3608,160.617
143.564,-29.8844,160.006
144.101,-30.4121,159.391
144.628,-30.9446,158.773
145.145,-31.4825,158.153
145.653,-32.026,157.529
146.15,-32.5754,156.903
146.636,-33.1306,156.274
147.112,-33.6919,155.642
147.578,-34.2592,155.007
148.032,-34.8324,154.371
148.476,-35.4116,153.732
148.908,-35.9965,153.09
149.33,-36.5873,152.447
149.74,-37.1836,151.802
150.151,-37.7873,151.157
150.565,-38.3899,150.509
150.976,-38.9834,149.853
151.385,-39.5721,149.193
151.788,-40.159,148.53
152.184,-40.7464,147.865
152.572,-41.3358,147.197
152.95,-41.9281,146.527
153.319,-42.5241,145.856
153.677,-43.1241,145.182
154.025,-43.7285,144.508
154.361,-44.3375,143.831
154.686,-44.9512,143.154
155.0,-45.5696,142.476
155.302,-46.1927,141.797
155.593,-46.8205,141.118
155.872,-47.4528,140.437
156.139,-48.0898,139.757
156.395,-48.7312,139.076
156.638,-49.3769,138.395
156.87,-50.027,137.714
157.09,-50.6812,137.032
157.298,-51.3395,136.352
157.494,-52.0018,135.671
157.677,-52.6679,134.991
157.849,-53.3378,134.311
158.009,-54.0113,133.632
158.156,-54.6884,132.954
158.292,-55.3689,132.276
158.415,-56.0527,131.6
158.526,-56.7398,130.925
158.625,-57.4299,130.251
158.712,-58.1231,129.578
158.787,-58.8191,128.907
158.849,-59.5179,128.238
158.9,-60.2193,127.57
158.938,-60.9232,126.904
158.963,-61.6296,126.241
158.977,-62.3383,125.579
158.978,-63.0492,124.919
158.967,-63.7622,124.262
158.944,-64.4772,123.608
158.909,-65.194,122.956
158.861,-65.9125,122.306
158.802,-66.6327,121.66
158.73,-67.3543,121.016
158.657,-68.0831,120.374
158.575,-68.8064,119.728
158.486,-69.5271,119.081
158.39,-70.2464,118.436
158.284,-70.9649,117.791
158.179,-71.6892,117.147
158.066,-72.4069,116.498
157.949,-73.1212,115.848
157.824,-73.8334,115.199
157.69,-74.5443,114.551
157.546,-75.2547,113.905
157.392,-75.9648,113.261
157.227,-76.6749,112.621
157.051,-77.3852,111.984
156.863,-78.0956,111.35
156.664,-78.8062,110.721
156.453,-79.517,110.096
156.23,-80.2279,109.475
155.996,-80.9388,108.858
155.75,-81.6496,108.246
155.493,-82.3603,107.638
155.223,-83.0707,107.036
154.943,-83.7808,106.438
154.65,-84.4904,105.846
154.346,-85.1995,105.258
154.031,-85.9078,104.676
153.704,-86.6154,104.099
153.366,-87.322,103.528
153.016,-88.0277,102.962
152.655,-88.7321,102.402
152.283,-89.4354,101.847
151.9,-90.1373,101.299
151.506,-90.8377,100.756
151.101,-91.5365,100.22
150.685,-92.2336,99.6892
150.259,-92.929,99.1651
149.821,-93.6224,98.6473
149.373,-94.3138,98.1359
148.914,-95.003,97.6311
148.445,-95.69,97.1329
147.966,-96.3746,96.6415
147.476,-97.0567,96.1568
146.975,-97.7363,95.679
146.465,-98.4132,95.2082
145.937,-99.1027,94.7336
145.407,-99.7821,94.2563
144.875,-100.456,93.7791
144.339,-101.125,93.3047
143.798,-101.79,92.8346
143.25,-102.45,92.3698
142.703,-103.117,91.9067
142.15,-103.774,91.4419
141.594,-104.427,90.978
141.032,-105.076,90.5171
140.464,-105.72,90.0604
139.896,-106.369,89.6046
139.321,-107.01,89.1465
138.744,-107.646,88.6889
138.16,-108.278,88.2339
137.571,-108.905,87.7831
136.973,-109.527,87.3375
136.368,-110.146,86.8981
135.754,-110.761,86.4654
135.138,-111.382,86.035
134.506,-112.008,85.5931
133.877,-112.623,85.1421
133.251,-113.231,84.6869
132.624,-113.833,84.2315
131.995,-114.43,83.7786
131.361,-115.022,83.33
130.721,-115.609,82.8871
130.075,-116.193,82.4506
129.422,-116.772,82.0213
128.761,-117.347,81.5996
128.093,-117.918,81.1859
127.416,-118.485,80.7804
126.732,-119.048,80.3832
126.04,-119.606,79.9946
125.34,-120.16,79.6146
124.631,-120.709,79.2434
123.915,-121.254,78.881
123.191,-121.794,78.5275
122.46,-122.329,78.1829
121.721,-122.86,77.8473
120.974,-123.386,77.5207
120.22,-123.906,77.2033
119.459,-124.422,76.895
118.69,-124.932,76.5959
117.915,-125.438,76.306
117.133,-125.937,76.0254
116.344,-126.432,75.7542
115.549,-126.921,75.4923
114.747,-127.405,75.2399
113.94,-127.883,74.997
113.126,-128.355,74.7635
112.306,-128.822,74.5396
111.48,-129.283,74.3253
110.648,-129.738,74.1206
109.811,-130.187,73.9256
108.969,-130.63,73.7403
108.119,-131.078,73.5592
107.265,-131.515,73.378
106.409,-131.947,73.1983
105.552,-132.373,73.0229
104.69,-132.793,72.8533
103.826,-133.207,72.6909
102.958,-133.615,72.5364
102.085,-134.016,72.3905
101.209,-134.411,72.2535
100.329,-134.8,72.126
99.4452,-135.182,72.008
98.5573,-135.558,71.8997
97.6657,-135.927,71.8013
96.7704,-136.29,71.7129
95.8716,-136.646,71.6344
94.9694,-136.995,71.5661
94.0639,-137.337,71.5078
93.1553,-137.673,71.4597
92.2303,-138.003,71.4346
91.3054,-138.326,71.4079
90.3799,-138.642,71.3763
89.4537,-138.951,71.3443
88.5257,-139.265,71.3095
87.5821,-139.574,71.2721
86.6427,-139.874,71.2215
85.7048,-140.171,71.1611
84.7681,-140.462,71.0964
83.8321,-140.748,71.0316
82.8962,-141.027,70.9697
81.96,-141.301,70.913
81.0231,-141.568,70.863
80.0853,-141.829,70.821
79.1463,-142.083,70.7877
78.2062,-142.33,70.7638
77.2647,-142.571,70.7497
76.322,-142.805,70.7457
75.378,-143.033,70.752
74.4328,-143.253,70.7687
73.4866,-143.467,70.7959
72.5393,-143.673,70.8336
71.5912,-143.873,70.882
70.6423,-144.066,70.9409
69.6929,-144.251,71.0104
68.743,-144.43,71.0905
67.7927,-144.601,71.1812
66.8423,-144.765,71.2824
65.8886,-144.933,71.3892
64.9342,-145.09,71.4972
63.9802,-145.24,71.6076
63.0264,-145.384,71.7231
62.0729,-145.521,71.845
61.1198,-145.651,71.9748
60.1671,-145.774,72.113
59.2151,-145.89,72.2602
58.264,-145.999,72.4169
57.3137,-146.101,72.5832
56.3646,-146.195,72.7594
55.4168,-146.282,72.9456
54.4705,-146.362,73.1419
53.5061,-146.439,73.35
52.5445,-146.507,73.5544
51.5855,-146.569,73.758
50.6294,-146.626,73.9641
49.6762,-146.677,74.1749
48.7259,-146.722,74.3921
47.7785,-146.761,74.6168
46.834,-146.794,74.8497
45.8924,-146.82,75.0915
44.9536,-146.839,75.3425
44.0179,-146.851,75.603
43.0852,-146.857,75.873
42.15,-146.865,76.149
41.2162,-146.863,76.4257
40.2843,-146.855,76.7043
39.3547,-146.84,76.9874
38.4277,-146.819,77.2766
37.5035,-146.79,77.573
36.5764,-146.765,77.8737
35.6444,-146.739,78.1702
34.7126,-146.703,78.4585
33.7816,-146.662,78.7427
32.8523,-146.615,79.0271
31.9251,-146.561,79.3147
31.0006,-146.501,79.6074
30.0792,-146.434,79.9065
29.1611,-146.36,80.2132
28.2467,-146.279,80.528
27.3361,-146.192,80.8514
26.4296,-146.097,81.1837
25.5274,-145.995,81.5252
24.6225,-145.896,81.8727
23.72,-145.787,82.2205
22.8202,-145.671,82.5699
21.9236,-145.549,82.9235
21.0307,-145.421,83.2829
20.142,-145.285,83.649
19.2577,-145.144,84.0228
18.3782,-144.995,84.4046
17.5037,-144.84,84.7948
16.6344,-144.678,85.1937
15.7706,-144.51,85.6013
14.9124,-144.335,86.0178
14.06,-144.153,86.4432
13.2136,-143.965,86.8774
12.3733,-143.77,87.3206
11.5392,-143.569,87.7725
10.6928,-143.361,88.2406
9.85065,-143.143,88.7037
9.01215,-142.922,89.1649
8.16993,-142.704,89.6252
7.33052,-142.479,90.08
6.49412,-142.249,90.5323
5.66188,-142.014,90.9855
4.83466,-141.775,91.4419
4.01308,-141.53,91.9031
3.1976,-141.28,92.3704
2.3886,-141.023,92.8443
1.58637,-140.762,93.3255
0.78211,-140.502,93.8126
-0.0179491,-140.233,94.2989
-0.814137,-139.958,94.7858
-1.60539,-139.678,95.276
-2.39091,-139.392,95.7708
-3.17007,-139.1,96.2714
-3.94243,-138.803,96.7784
-4.70761,-138.499,97.2924
-5.46531,-138.19,97.8136
-6.21531,-137.876,98.3423
-6.95737,-137.555,98.8784
-7.69133,-137.229,99.4222
-8.41702,-136.897,99.9735
-9.13429,-136.56,100.532
-9.843,-136.218,101.099
-10.543,-135.87,101.673
-11.2343,-135.517,102.254
-11.9266,-135.165,102.842
-12.6137,-134.804,103.429
-13.2961,-134.438,104.017
-13.9725,-134.067,104.607
-14.642,-133.691,105.201
-15.3039,-133.31,105.8
-15.9575,-132.924,106.405
-16.6025,-132.533,107.015
-17.2386,-132.137,107.631
-17.8654,-131.736,108.254
-18.4828,-131.331,108.882
-19.0905,-130.921,109.517
-19.6885,-130.506,110.159
-20.2766,-130.087,110.806
-20.8653,-129.67,111.461
-21.4587,-129.25,112.114
-22.0512,-128.821,112.76
-22.6421,-128.387,113.401
-23.2289,-127.949,114.041
-23.8097,-127.506,114.682
-24.3832,-127.058,115.326
-24.9595,-126.612,115.974
-25.5308,-126.157,116.619
-26.098,-125.698,117.262
-26.659,-125.234,117.906
-27.2126,-124.766,118.553
-27.7579,-124.293,119.203
-28.2941,-123.817,119.857
-28.8206,-123.337,120.516
-29.3372,-122.853,121.179
-29.8546,-122.37,121.849
-30.3756,-121.882,122.523
-30.895,-121.387,123.188
-31.4132,-120.889,123.849
-31.9275,-120.388,124.509
-32.4476,-119.887,125.174
-32.9614,-119.372,125.848
-33.4789,-118.853,126.509
-34.0008,-118.328,127.157
-34.5223,-117.798,127.798
-35.0402,-117.265,128.435
-35.5523,-116.728,129.07
-36.0572,-116.188,129.707
-36.5536,-115.645,130.346
-37.0408,-115.099,130.988
-37.5182,-114.551,131.633
-37.9853,-114.0,132.283
-38.4532,-113.45,132.94
-38.9141,-112.893,133.593
-39.3694,-112.333,134.246
-39.8172,-111.77,134.9
-40.2565,-111.203,135.555
-40.6863,-110.634,136.215
-41.106,-110.063,136.877
-41.5151,-109.488,137.544
-41.9134,-108.912,138.216
-42.3004,-108.333,138.891
-42.6762,-107.753,139.571
-43.0404,-107.17,140.255
-43.3931,-106.585,140.944
-43.734,-105.999,141.637
-44.0631,-105.411,142.335
-44.3803,-104.821,143.036
-44.6857,-104.23,143.742
-44.979,-103.638,144.451
-45.2603,-103.044,145.164
-45.5296,-102.449,145.881
-45.7867,-101.854,146.602
-46.0317,-101.257,147.326
-46.2645,-100.66,148.053
-46.4851,-100.062,148.784
-46.6935,-99.4628,149.518
-46.8896,-98.8636,150.255
-47.0733,-98.264,150.994
-47.2448,-97.6641,151.736
-47.4039,-97.0641,152.481
-47.5506,-96.464,153.229
-47.6849,-95.8641,153.979
-47.8132,-95.2529,154.746
-47.9369,-94.6372,155.505
-48.057,-94.0203,156.259
-48.1561,-93.4038,157.029
-48.2542,-92.7864,157.793
-48.3547,-92.1669,158.551
-48.4535,-91.5462,159.305
-48.5474,-90.9251,160.056
-48.6455,-90.3048,160.811
-48.7393,-89.6788,161.558
-48.83,-89.0511,162.301
-48.9145,-88.4223,163.042
-48.9909,-87.7932,163.782
-49.0579,-87.1643,164.521
-49.1256,-86.5363,165.266
-49.1978,-85.9036,166.011
-49.2691,-85.2633,166.745
-49.3395,-84.6195,167.474
-49.4051,-83.9735,168.2
-49.4635,-83.3263,168.924
-49.5131,-82.6786,169.647
-49.5528,-82.031,170.37
-49.5817,-81.3838,171.093
-49.5992,-80.7375,171.817
-49.6051,-80.0924,172.542
-49.5989,-79.4486,173.267
-49.5805,-78.8063,173.994
-49.5498,-78.1657,174.722
-49.5174,-77.5265,175.456
-49.4767,-76.8829,176.185
-49.4299,-76.2381,176.911
-49.375,-75.5931,177.636
-49.3107,-74.9486,178.359
-49.2359,-74.3051,179.082
-49.1502,-73.6631,179.805
-49.0531,-73.0229,180.527
-48.9271,-72.3802,181.275
-48.8009,-71.7263,182.006
-48.6757,-71.0676,182.729
-48.5473,-70.4068,183.445
-48.3879,-69.7728,184.191
-48.2148,-69.1291,184.915
-48.0523,-68.4789,185.617
-47.8986,-67.819,186.299
-47.7468,-67.1515,186.963
-47.5923,-66.4783,187.613
-47.4317,-65.8011,188.251
-47.2627,-65.1211,188.879
-47.0839,-64.4396,189.499
-46.8941,-63.7574,190.112
-46.7069,-63.0684,190.733
-46.5169,-62.375,191.359
-46.3217,-61.6809,191.99
-46.1198,-60.9883,192.626
-45.9107,-60.2987,193.265
-45.6938,-59.6128,193.907
-45.4687,-58.9311,194.551
-45.2351,-58.2537,195.198
-44.9926,-57.5809,195.846
-44.7411,-56.9127,196.496
-44.4802,-56.2491,197.146
-44.2097,-55.5902,197.798
-43.9295,-54.9358,198.449
-43.6393,-54.2862,199.101
-43.3389,-53.6413,199.753
-43.0284,-53.001,200.404
-42.7077,-52.3656,201.056
-42.3765,-51.7349,201.706
-42.0351,-51.1091,202.356
-41.6832,-50.4882,203.005
-41.3209,-49.8723,203.653
-40.9483,-49.2614,204.3
-40.5653,-48.6556,204.945
-40.1719,-48.055,205.589
-39.7683,-47.4597,206.232
-39.3544,-46.8697,206.873
-38.9304,-46.2851,207.512
-38.4961,-45.706,208.149
-38.0518,-45.1325,208.785
-37.5975,-44.5646,209.418
-37.1332,-44.0025,210.05
-36.659,-43.4461,210.679
-36.175,-42.8957,211.306
-35.6812,-42.3512,211.93
-35.1778,-41.8128,212.552
-34.6647,-41.2805,213.171
-34.1421,-40.7544,213.788
-33.6101,-40.2346,214.402
-33.0687,-39.7212,215.013
-32.518,-39.2142,215.621
-31.9581,-38.7138,216.227
-31.3891,-38.22,216.829
-30.8111,-37.7329,217.428
-30.2241,-37.2525,218.023
-29.6282,-36.779,218.616
-29.0236,-36.3124,219.205
-28.4103,-35.8527,219.79
-27.7884,-35.4001,220.372
-27.158,-34.9547,220.95
-26.5192,-34.5164,221.525
-25.8721,-34.0854,222.095
-25.2167,-33.6617,222.662
-24.5533,-33.2455,223.225
-23.8819,-32.8367,223.784
-23.2025,-32.4354,224.338
-22.5154,-32.0417,224.889
-21.8205,-31.6557,225.435
-21.118,-31.2774,225.977
-20.408,-30.9069,226.514
-19.6907,-30.5442,227.047
-18.966,-30.1895,227.576
-18.2342,-29.8426,228.1
-17.4953,-29.5038,228.619
-16.7494,-29.1731,229.133
-15.9967,-28.8505,229.642
-15.2373,-28.5361,230.147
-14.4713,-28.2299,230.646
-13.6987,-27.932,231.141
-12.9197,-27.6424,231.63
-12.1345,-27.3612,232.115
-11.3431,-27.0884,232.594
-10.5457,-26.824,233.067
-9.74234,-26.5682,233.536
-8.9332,-26.3209,233.999
-8.11836,-26.0822,234.456
-7.29796,-25.8522,234.908
-6.47212,-25.6308,235.354
-5.64097,-25.4182,235.795
-4.80654,-25.2093,236.241
-3.9536,-24.9933,236.69
-3.10469,-24.7665,237.13
-2.25934,-24.5342,237.565
-1.41537,-24.3009,237.995
-0.571146,-24.0698,238.421
0.274532,-23.843,238.842
1.12254,-23.6219,239.257
1.97351,-23.4075,239.667
2.82786,-23.2006,240.071
3.68592,-23.0017,240.47
4.54786,-22.8113,240.864
5.41379,-22.6294,241.251
6.28374,-22.4564,241.632
7.15774,-22.2924,242.008
8.03573,-22.1375,242.377
8.91764,-21.989,242.751
9.801,-21.8377,243.129
10.684,-21.6799,243.499
11.566,-21.5194,243.865
12.449,-21.3596,244.227
13.3338,-21.2031,244.584
14.2211,-21.0515,244.935
15.1113,-20.9062,245.28
16.0224,-20.7757,245.628
16.9287,-20.6444,245.968
17.8341,-20.5115,246.306
18.7392,-20.3801,246.64
19.6449,-20.2525,246.97
20.5517,-20.1305,247.294
21.46,-20.0153,247.613
22.3709,-19.9049,247.936
23.2823,-19.7958,248.252
24.1934,-19.6891,248.564
25.1053,-19.587,248.872
26.0187,-19.4909,249.175
26.9339,-19.4019,249.473
27.8512,-19.3208,249.765
28.7706,-19.2483,250.051
29.6923,-19.1847,250.331
30.6161,-19.1304,250.606
31.542,-19.0855,250.874
32.47,-19.0502,251.136
33.3999,-19.0245,251.391
34.3317,-19.0086,251.641
35.2652,-19.0025,251.884
36.2002,-19.0062,252.12
37.1368,-19.0197,252.35
38.0746,-19.043,252.574
39.0137,-19.0761,252.792
39.9539,-19.119,253.002
40.8949,-19.1717,253.207
41.8368,-19.2342,253.405
42.7916,-19.3202,253.595
43.7453,-19.4039,253.779
44.6989,-19.4824,253.958
45.6522,-19.5598,254.131
46.6049,-19.6392,254.298
47.5572,-19.7227,254.459
48.509,-19.812,254.614
49.4603,-19.9081,254.763
50.4111,-20.0119,254.905
51.3613,-20.124,255.041
52.3109,-20.2448,255.171
53.2597,-20.3747,255.295
54.2078,-20.5138,255.412
55.155,-20.6624,255.523
56.1012,-20.8205,255.628
57.0414,-21.0005,255.729
57.9816,-21.1845,255.825
58.9229,-21.3673,255.915
59.8649,-21.5516,256.0
60.8072,-21.7396,256.079
61.7492,-21.9328,256.152
62.6905,-22.1324,256.217
63.6356,-22.3349,256.287
64.5807,-22.5362,256.347
65.5249,-22.738,256.402
66.4729,-22.9387,256.461
67.4208,-23.1354,256.511
68.3677,-23.3307,256.556
69.3136,-23.5281,256.596
70.258,-23.7299,256.631
71.2009,-23.9377,256.659
72.142,-24.1525,256.681
73.081,-24.3753,256.698
74.018,-24.6064,256.708
74.9525,-24.8464,256.712
75.8847,-25.0953,256.71
76.8141,-25.3535,256.702
77.7408,-25.621,256.687
78.6645,-25.8978,256.667
79.5852,-26.184,256.64
80.5027,-26.4796,256.607
81.4169,-26.7845,256.567
82.3275,-27.0988,256.522
83.2346,-27.4223,256.47
84.138,-27.7551,256.412
85.0374,-28.0972,256.349
85.9329,-28.4483,256.278
86.8243,-28.8086,256.202
87.7114,-29.1779,256.12
88.5941,-29.5563,256.032
89.4723,-29.9435,255.937
90.3459,-30.3397,255.837
91.2147,-30.7447,255.731
92.0786,-31.1585,255.618
92.9375,-31.5809,255.5
93.7912,-32.0121,255.376
94.6396,-32.4518,255.245
95.5017,-32.9068,255.11
96.3602,-33.3564,254.966
97.2156,-33.804,254.819
98.0669,-34.2527,254.668
98.9134,-34.7046,254.514
99.7546,-35.1613,254.354
100.59,-35.6236,254.191
101.42,-36.0925,254.022
102.244,-36.5684,253.848
103.062,-37.0517,253.669
103.873,-37.5425,253.485
104.678,-38.041,253.296
105.477,-38.5472,253.101
106.269,-39.0613,252.901
107.054,-39.5832,252.695
107.833,-40.1128,252.484
108.604,-40.6502,252.268
109.369,-41.1953,252.046
110.126,-41.7479,251.819
110.876,-42.3081,251.586
111.618,-42.8757,251.348
112.354,-43.4507,251.105
113.081,-44.033,250.857
113.801,-44.6225,250.603
114.514,-45.2191,250.344
115.218,-45.8227,250.08
115.914,-46.4333,249.811
116.603,-47.0508,249.537
117.283,-47.675,249.258
117.955,-48.3059,248.974
118.618,-48.9434,248.685
119.274,-49.5874,248.392
119.92,-50.2378,248.093
120.568,-50.895,247.798
121.222,-51.551,247.501
121.876,-52.1992,247.196
122.53,-52.843,246.886
123.182,-53.4858,246.572
123.829,-54.1297,246.254
124.47,-54.7764,245.931
125.104,-55.4267,245.604
125.731,-56.0814,245.272
126.35,-56.741,244.935
126.961,-57.4058,244.594
127.564,-58.0759,244.249
128.157,-58.7515,243.9
128.752,-59.4337,243.553
129.342,-60.1138,243.197
129.939,-60.7946,242.845
130.534,-61.4692,242.483
131.129,-62.1406,242.118
131.719,-62.8116,241.749
132.304,-63.484,241.375
132.883,-64.159,240.997
133.454,-64.8376,240.615
134.017,-65.5203,240.229
134.571,-66.2075,239.839
135.116,-66.8994,239.446
135.652,-67.5961,239.048
136.189,-68.2995,238.653
136.722,-69.0004,238.249
137.25,-69.7006,237.842
137.772,-70.4019,237.431
138.287,-71.1056,237.016
138.794,-71.8124,236.597
139.293,-72.5229,236.175
139.783,-73.2372,235.749
140.263,-73.9558,235.32
140.733,-74.6786,234.887
141.193,-75.4057,234.451
141.643,-76.1372,234.012
142.083,-76.8729,233.57
142.524,-77.6156,233.13
142.959,-78.3554,232.683
143.39,-79.0942,232.232
143.814,-79.8336,231.777
144.231,-80.5748,231.319
144.64,-81.3183,230.858
145.039,-82.0646,230.394
145.428,-82.8141,229.928
145.808,-83.5667,229.458
146.177,-84.3227,228.986
146.536,-85.0821,228.512
146.884,-85.8449,228.035
147.222,-86.6109,227.555
147.548,-87.3802,227.074
147.864,-88.1527,226.59
148.168,-88.9283,226.104
148.462,-89.7069,225.617
148.744,-90.4884,225.127
149.015,-91.2726,224.635
149.275,-92.0596,224.142
149.524,-92.8491,223.647
149.761,-93.6411,223.15
149.987,-94.4354,222.652
150.201,-95.232,222.153
150.405,-96.0308,221.652
150.596,-96.8315,221.15
150.776,-97.6341,220.646
150.945,-98.4386,220.142
151.102,-99.2447,219.636
151.248,-100.052,219.129
151.382,-100.862,218.622
151.515,-101.678,218.117
151.643,-102.489,217.605
151.765,-103.299,217.091
151.881,-104.107,216.575
151.989,-104.915,216.057
152.087,-105.723,215.537
152.176,-106.531,215.017
152.242,-107.354,214.492
152.308,-108.171,213.963
152.375,-108.982,213.429
152.451,-109.795,212.893
152.528,-110.6,212.349
152.606,-111.399,211.802
152.69,-112.201,211.254
152.775,-112.995,210.699
152.859,-113.784,210.14
152.94,-114.57,209.58
153.014,-115.354,209.017
153.08,-116.138,208.454
153.138,-116.921,207.89
153.185,-117.703,207.326
153.222,-118.486,206.762
153.253,-119.286,206.187
153.282,-120.076,205.607
153.31,-120.862,205.027
153.334,-121.645,204.446
153.35,-122.425,203.866
153.359,-123.204,203.286
153.358,-123.982,202.708
153.348,-124.759,202.13
153.327,-125.535,201.554
153.295,-126.311,200.978
153.252,-127.087,200.404
153.198,-127.862,199.83
153.132,-128.637,199.258
153.055,-129.411,198.687
152.966,-130.185,198.118
152.866,-130.958,197.549
152.753,-131.731,196.982
152.629,-132.502,196.417
152.494,-133.273,195.852
152.347,-134.042,195.29
152.188,-134.811,194.729
152.017,-135.578,194.17
151.836,-136.344,193.612
151.642,-137.108,193.057
151.437,-137.871,192.503
151.221,-138.632,191.951
150.993,-139.391,191.402
150.754,-140.148,190.855
150.504,-140.904,190.31
150.242,-141.657,189.767
149.969,-142.408,189.227
149.685,-143.157,188.69
149.39,-143.903,188.155
149.084,-144.647,187.623
148.766,-145.388,187.093
148.438,-146.126,186.567
148.099,-146.862,186.043
147.749,-147.594,185.523
147.388,-148.324,185.006
147.016,-149.05,184.491
146.634,-149.773,183.981
146.24,-150.493,183.473
145.837,-151.21,182.969
145.43,-151.932,182.468
145.018,-152.647,181.963
144.599,-153.389,181.466
144.187,-154.125,180.955
143.784,-154.856,180.434
143.39,-155.584,179.908
143.0,-156.309,179.38
142.61,-157.029,178.851
142.217,-157.746,178.322
141.819,-158.458,177.795
141.414,-159.166,177.269
141.002,-159.87,176.746
140.581,-160.57,176.226
140.151,-161.265,175.71
139.711,-161.956,175.196
139.261,-162.643,174.687
138.802,-163.325,174.181
138.332,-164.003,173.678
137.859,-164.687,173.179
137.381,-165.363,172.676
136.9,-166.034,172.173
136.413,-166.701,171.671
135.919,-167.363,171.17
135.417,-168.02,170.672
134.906,-168.673,170.176
134.387,-169.321,169.685
133.864,-169.974,169.195
133.338,-170.62,168.701
132.808,-171.261,168.207
132.274,-171.897,167.714
131.732,-172.528,167.222
131.184,-173.154,166.733
130.633,-173.786,166.246
130.082,-174.422,165.751
129.534,-175.05,165.246
128.989,-175.674,164.737
128.443,-176.292,164.227
127.894,-176.906,163.717
127.339,-177.515,163.209
126.778,-178.119,162.703
126.209,-178.717,162.201
125.633,-179.311,161.703
125.048,-179.899,161.208
124.455,-180.482,160.718
123.853,-181.06,160.233
123.243,-181.632,159.753
122.622,-182.21,159.277
121.997,-182.78,158.799
121.37,-183.347,158.323
120.744,-183.92,157.846
120.122,-184.496,157.363
119.488,-185.07,156.873
118.866,-185.638,156.37
118.255,-186.202,155.856
117.649,-186.762,155.335
117.044,-187.316,154.811
116.438,-187.865,154.287
115.828,-188.408,153.764
115.213,-188.946,153.244
114.591,-189.479,152.727
113.963,-190.006,152.214
113.328,-190.528,151.706
112.684,-191.044,151.203
112.033,-191.554,150.705
111.374,-192.059,150.213
110.706,-192.559,149.727
110.03,-193.052,149.246
109.346,-193.54,148.772
108.654,-194.021,148.303
107.954,-194.497,147.84
107.245,-194.966,147.384
106.529,-195.429,146.934
105.787,-195.889,146.493
105.046,-196.342,146.051
104.307,-196.79,145.603
103.555,-197.245,145.143
102.811,-197.691,144.674
102.072,-198.133,144.201
101.339,-198.581,143.724
100.611,-199.021,143.24
99.8853,-199.456,142.755
99.1636,-199.899,142.266
98.4446,-200.333,141.772
97.7277,-200.762,141.275
97.0098,-201.187,140.78
96.2888,-201.606,140.287
95.5633,-202.02,139.799
94.8325,-202.428,139.314
94.0957,-202.83,138.836
93.3525,-203.226,138.363
92.6025,-203.616,137.896
91.8458,-204.0,137.436
91.0524,-204.384,136.986
90.2536,-204.766,136.514
89.4698,-205.139,136.026
88.6968,-205.508,135.53
87.9297,-205.871,135.03
87.1652,-206.228,134.531
86.4031,-206.591,134.029
85.6441,-206.944,133.523
84.8873,-207.293,133.017
84.13,-207.636,132.512
83.3702,-207.973,132.011
82.6065,-208.304,131.514
81.8381,-208.63,131.023
81.0644,-208.949,130.538
80.285,-209.262,130.059
79.4996,-209.569,129.587
78.7081,-209.87,129.122
77.9104,-210.164,128.665
77.1065,-210.452,128.215
76.2964,-210.745,127.769
75.4842,-211.029,127.325
74.6706,-211.309,126.884
73.8541,-211.584,126.447
73.0336,-211.854,126.015
72.2086,-212.118,125.588
71.3787,-212.377,125.168
70.5437,-212.629,124.755
69.7035,-212.875,124.349
68.858,-213.114,123.951
68.0071,-213.347,123.56
67.1511,-213.573,123.177
66.2714,-213.792,122.811
65.3934,-214.005,122.445
64.5178,-214.215,122.076
63.6427,-214.42,121.706
62.7669,-214.62,121.339
61.8894,-214.814,120.976
61.0092,-215.013,120.612
60.1298,-215.203,120.246
59.2512,-215.388,119.881
58.3716,-215.567,119.518
57.4901,-215.741,119.159
56.5881,-215.915,118.802
55.6899,-216.082,118.441
54.7948,-216.245,118.081
53.901,-216.405,117.725
53.0069,-216.561,117.373
52.1116,-216.712,117.028
51.2143,-216.857,116.69
50.3144,-216.997,116.36
49.4117,-217.131,116.038
48.5058,-217.259,115.725
47.5967,-217.381,115.421
46.6844,-217.496,115.125
45.7687,-217.605,114.839
44.8497,-217.707,114.561
43.9276,-217.803,114.293
43.0023,-217.892,114.034
42.074,-217.974,113.784
41.1428,-218.05,113.544
40.2087,-218.119,113.313
39.272,-218.181,113.091
38.3328,-218.236,112.878
37.3912,-218.285,112.675
36.4473,-218.327,112.482
35.5012,-218.362,112.297
34.5531,-218.39,112.122
33.6032,-218.412,111.957
32.6516,-218.427,111.801
31.6983,-218.435,111.654
30.7437,-218.436,111.518
29.7877,-218.431,111.39
28.8306,-218.419,111.272
27.8724,-218.4,111.164
26.9134,-218.375,111.065
25.9536,-218.343,110.976
24.9932,-218.304,110.896
24.0323,-218.259,110.826
23.0712,-218.207,110.766
22.1098,-218.149,110.715
21.1484,-218.084,110.674
20.1872,-218.012,110.643
19.2261,-217.934,110.621
18.2655,-217.849,110.609
17.3053,-217.758,110.607
16.3459,-217.66,110.615
15.3872,-217.556,110.632
14.4295,-217.446,110.658
13.4729,-217.329,110.695
12.5175,-217.205,110.741
11.5634,-217.076,110.797
10.6109,-216.939,110.862
9.65996,-216.797,110.938
8.71083,-216.648,111.023
7.76362,-216.493,111.117
6.81846,-216.332,111.221
5.87549,-216.165,111.335
4.93485,-215.991,111.459
3.99669,-215.811,111.592
3.06112,-215.626,111.735
2.1283,-215.434,111.887
1.19835,-215.236,112.049
0.271418,-215.032,112.22
-0.652367,-214.822,112.401
-1.57287,-214.606,112.592
-2.48995,-214.385,112.792
-3.40349,-214.157,113.001
-4.31334,-213.924,113.22
-5.21938,-213.685,113.448
-6.12884,-213.448,113.685
-7.03433,-213.204,113.923
-7.93709,-212.957,114.164
-8.83691,-212.706,114.409
-9.73342,-212.45,114.661
-10.6263,-212.189,114.919
-11.5152,-211.923,115.185
-12.3999,-211.653,115.46
-13.2803,-211.376,115.742
-14.156,-211.095,116.033
-15.0269,-210.809,116.334
-15.8929,-210.517,116.643
-16.7538,-210.22,116.961
-17.6095,-209.918,117.288
-18.4598,-209.611,117.624
-19.3047,-209.298,117.969
-20.1439,-208.981,118.323
-20.9774,-208.659,118.686
-21.805,-208.332,119.058
-22.6266,-208.001,119.439
-23.4422,-207.664,119.829
-24.2516,-207.323,120.227
-25.0546,-206.977,120.634
-25.8512,-206.627,121.05
-26.6412,-206.272,121.474
-27.4246,-205.913,121.907
-28.2012,-205.549,122.348
-28.971,-205.181,122.798
-29.7337,-204.809,123.256
-30.4893,-204.433,123.723
-31.2377,-204.052,124.197
-31.9788,-203.667,124.68
-32.7124,-203.279,125.171
-33.4385,-202.886,125.669
-34.157,-202.49,126.176
-34.8677,-202.089,126.691
-35.5706,-201.685,127.213
-36.2655,-201.277,127.743
-36.9524,-200.866,128.281
-37.648,-200.445,128.835
-38.3382,-200.017,129.384
-39.0248,-199.588,129.929
-39.7061,-199.156,130.476
-40.381,-198.723,131.024
-41.049,-198.287,131.577
-41.7094,-197.848,132.134
-42.362,-197.408,132.697
-43.0063,-196.964,133.266
-43.6423,-196.519,133.841
-44.2696,-196.07,134.423
-44.8882,-195.619,135.012
-45.4978,-195.165,135.607
-46.0984,-194.708,136.209
-46.6899,-194.249,136.818
-47.2721,-193.787,137.433
-47.845,-193.322,138.055
-48.4085,-192.855,138.683
-48.9774,-192.378,139.329
-49.5411,-191.894,139.969
-50.1013,-191.409,140.606
-50.6559,-190.922,141.243
-51.2038,-190.434,141.881
-51.744,-189.945,142.521
-52.2759,-189.454,143.166
-52.799,-188.961,143.815
-53.3129,-188.468,144.469
-53.8174,-187.972,145.128
-54.3122,-187.475,145.793
-54.7972,-186.976,146.463
-55.2722,-186.476,147.138
-55.7371,-185.974,147.819
-56.1918,-185.471,148.505
-56.6362,-184.966,149.197
-57.0703,-184.459,149.894
-57.4939,-183.951,150.596
-57.9071,-183.442,151.304
-58.3097,-182.931,152.016
-58.7017,-182.419,152.734
-59.0831,-181.906,153.456
-59.4538,-181.392,154.183
-59.8138,-180.877,154.914
-60.1629,-180.361,155.651
-60.5013,-179.844,156.391
-60.8288,-179.327,157.136
-61.1454,-178.808,157.885
-61.451,-178.289,158.639
-61.7457,-177.77,159.396
-62.0294,-177.25,160.157
-62.3019,-176.73,160.922
-62.5634,-176.209,161.691
-62.8138,-175.689,162.463
-63.0529,-175.168,163.239
-63.2809,-174.647,164.018
-63.4977,-174.126,164.8
-63.7032,-173.606,165.586
-63.8975,-173.085,166.374
-64.0918,-172.567,167.17
-64.2792,-172.043,167.962
-64.4695,-171.507,168.768
-64.6601,-170.964,169.563
-64.8512,-170.419,170.353
-65.0392,-169.872,171.138
-65.2217,-169.325,171.922
-65.397,-168.778,172.705
-65.5754,-168.234,173.493
-65.7488,-167.684,174.276
-65.9302,-167.134,175.06
-66.1099,-166.577,175.836
-66.2881,-166.017,176.608
-66.4618,-165.455,177.377
-66.6288,-164.893,178.146
-66.7878,-164.329,178.916
-66.9375,-163.766,179.686
-67.0775,-163.202,180.458
-67.207,-162.639,181.232
-67.3259,-162.077,182.007
-67.4337,-161.516,182.785
-67.5304,-160.955,183.564
-67.6157,-160.396,184.346
-67.6897,-159.838,185.129
-67.7522,-159.282,185.914
-67.8032,-158.726,186.701
-67.8427,-158.173,187.49
-67.8707,-157.621,188.281
-67.8872,-157.07,189.072
-67.9031,-156.522,189.871
-67.9229,-155.97,190.671
-67.9419,-155.409,191.463
-67.9602,-154.845,192.25
-67.9746,-154.278,193.034
-67.9826,-153.711,193.817
-67.9828,-153.144,194.599
-67.9741,-152.577,195.381
-67.9558,-152.011,196.163
-67.9272,-151.447,196.945
-67.888,-150.884,197.728
-67.838,-150.323,198.512
-67.777,-149.765,199.296
-67.7048,-149.209,200.081
-67.6214,-148.655,200.867
-67.5267,-148.104,201.653
-67.4206,-147.555,202.439
-67.3033,-147.01,203.225
-67.1746,-146.467,204.012
-67.0346,-145.927,204.799
-66.8834,-145.39,205.586
-66.7208,-144.857,206.373
-66.547,-144.326,207.159
-66.362,-143.799,207.945
-66.1658,-143.275,208.731
-65.9585,-142.755,209.516
-65.74,-142.238,210.301
-65.5104,-141.725,211.084
-65.2699,-141.216,211.867
-65.0183,-140.71,212.649
-64.7557,-140.209,213.43
-64.4822,-139.711,214.209
-64.1979,-139.218,214.988
-63.9027,-138.728,215.764
-63.5967,-138.243,216.54
-63.28,-137.762,217.313
-62.9526,-137.285,218.085
-62.6145,-136.813,218.855
-62.2659,-136.345,219.623
-61.9068,-135.882,220.389
-61.5371,-135.423,221.153
-61.157,-134.97,221.914
-60.7666,-134.521,222.673
-60.3659,-134.077,223.43
-59.9549,-133.637,224.184
-59.5337,-133.203,224.935
-59.1105,-132.772,225.693
-58.6807,-132.338,226.444
-58.2469,-131.904,227.19
-57.807,-131.471,227.934
-57.3599,-131.04,228.674
-56.9126,-130.611,229.42
-56.4603,-130.177,230.158
-56.0049,-129.742,230.893
-55.5443,-129.308,231.624
-55.0771,-128.877,232.351
-54.6022,-128.449,233.074
-54.1192,-128.024,233.794
-53.6275,-127.604,234.511
-53.1269,-127.189,235.224
-52.6173,-126.779,235.933
-52.0985,-126.375,236.639
-51.5706,-125.976,237.341
-51.0334,-125.583,238.039
-50.4871,-125.196,238.733
-49.9316,-124.814,239.423
-49.367,-124.439,240.11
-48.7934,-124.07,240.792
-48.2109,-123.707,241.469
-47.6196,-123.35,242.142
-47.0194,-123.0,242.811
-46.4106,-122.656,243.475
-45.7932,-122.319,244.135
-45.1673,-121.988,244.79
-44.533,-121.663,245.44
-43.8904,-121.345,246.085
-43.2396,-121.034,246.725
-42.5807,-120.73,247.36
-41.9138,-120.432,247.99
-41.2389,-120.141,248.615
-40.5563,-119.857,249.234
-39.866,-119.58,249.848
-39.1681,-119.31,250.456
-38.4627,-119.046,251.059
-37.7499,-118.79,251.656
-37.0298,-118.541,252.247
-36.3026,-118.299,252.832
-35.5683,-118.064,253.412
-34.827,-117.837,253.985
-34.0789,-117.616,254.553
-33.3113,-117.397,255.129
-32.5434,-117.173,255.695
-31.7763,-116.948,256.257
-31.0082,-116.725,256.814
-30.2378,-116.506,257.365
-29.4641,-116.291,257.91
-28.6898,-116.079,258.461
-27.9129,-115.864,259.004
-27.1351,-115.649,259.541
-26.3546,-115.437,260.074
-25.5704,-115.228,260.6
-24.7848,-115.021,261.133
-23.9964,-114.81,261.657
-23.2067,-114.599,262.175
-22.414,-114.39,262.689
-21.6176,-114.185,263.196
-20.8166,-113.984,263.698
-20.0108,-113.79,264.193
-19.1998,-113.601,264.682
-18.3861,-113.417,265.175
-17.5547,-113.224,265.673
-16.7279,-113.018,266.164
-15.905,-112.807,266.65
-15.0835,-112.594,267.132
-14.2616,-112.383,267.609
-13.438,-112.175,268.08
-12.6116,-111.972,268.546
-11.7818,-111.775,269.005
-10.9482,-111.584,269.457
-10.1103,-111.401,269.904
-9.26794,-111.224,270.343
-8.42105,-111.056,270.776
-7.56954,-110.895,271.202
-6.71342,-110.743,271.621
-5.8527,-110.598,272.033
-4.98746,-110.461,272.437
-4.11777,-110.333,272.835
-3.24372,-110.212,273.225
-2.36542,-110.1,273.607
-1.483,-109.996,273.983
-0.596542,-109.9,274.351
0.293805,-109.812,274.711
1.18791,-109.733,275.064
2.08563,-109.662,275.409
2.98686,-109.599,275.747
3.89144,-109.544,276.077
4.79924,-109.497,276.399
5.71014,-109.459,276.714
6.62398,-109.429,277.02
7.54064,-109.407,277.319
8.45998,-109.394,277.611
9.38186,-109.388,277.894
10.3061,-109.391,278.169
11.2327,-109.403,278.437
12.1614,-109.422,278.696
13.0921,-109.45,278.948
14.0302,-109.484,279.202
14.9696,-109.515,279.447
15.9087,-109.546,279.687
16.848,-109.58,279.921
17.7878,-109.619,280.148
18.7283,-109.663,280.368
19.6696,-109.713,280.58
20.6118,-109.77,280.785
21.5547,-109.835,280.983
22.4985,-109.907,281.172
23.443,-109.987,281.353
24.3881,-110.076,281.527
25.3338,-110.172,281.692
26.2799,-110.277,281.849
27.2263,-110.39,281.998
28.1729,-110.511,282.139
29.1195,-110.64,282.271
30.0661,-110.777,282.395
31.024,-110.937,282.507
31.9806,-111.093,282.613
32.937,-111.243,282.714
33.8929,-111.39,282.811
34.8516,-111.536,282.912
35.8252,-111.679,283.008
36.795,-111.807,283.099
37.764,-111.924,283.191
38.7315,-112.035,283.28
39.6972,-112.145,283.365
40.6611,-112.256,283.445
41.6233,-112.37,283.519
42.584,-112.489,283.586
43.5431,-112.614,283.647
44.5007,-112.745,283.7
45.4568,-112.884,283.746
46.4115,-113.031,283.784
47.3647,-113.186,283.815
48.3163,-113.349,283.837
49.2664,-113.521,283.852
50.2147,-113.7,283.859
51.1612,-113.889,283.858
52.1057,-114.085,283.849
53.0483,-114.29,283.832
53.9888,-114.504,283.806
54.927,-114.725,283.773
55.8628,-114.956,283.732
56.7961,-115.194,283.683
57.7326,-115.438,283.636
58.6679,-115.682,283.58
59.6015,-115.925,283.518
60.5333,-116.172,283.45
61.4628,-116.423,283.375
62.3898,-116.68,283.293
63.3141,-116.943,283.204
64.2356,-117.213,283.107
65.1539,-117.49,283.002
66.0689,-117.774,282.89
66.9805,-118.066,282.77
67.8885,-118.366,282.642
68.7928,-118.673,282.507
69.7129,-118.993,282.365
70.6296,-119.306,282.215
71.5432,-119.617,282.062
72.4531,-119.928,281.905
73.3588,-120.243,281.743
74.2602,-120.561,281.576
75.157,-120.886,281.402
76.0492,-121.216,281.222
76.9366,-121.552,281.036
77.8192,-121.896,280.842
78.6969,-122.247,280.642
79.5695,-122.605,280.435
80.4447,-122.969,280.23
81.3173,-123.331,280.015
82.1871,-123.694,279.796
83.0535,-124.059,279.571
83.9159,-124.427,279.34
84.7739,-124.801,279.102
85.6352,-125.18,278.867
86.5021,-125.554,278.632
87.3691,-125.919,278.39
88.2352,-126.278,278.146
89.0994,-126.635,277.897
89.9604,-126.994,277.642
90.8177,-127.356,277.382
91.6706,-127.722,277.114
92.5188,-128.094,276.841
93.3618,-128.471,276.56
94.1995,-128.855,276.273
95.0315,-129.245,275.979
95.8577,-129.642,275.678
96.6866,-130.045,275.379
97.5122,-130.446,275.071
98.3346,-130.847,274.758
99.1531,-131.25,274.439
99.9668,-131.656,274.115
100.775,-132.068,273.784
101.578,-132.484,273.447
102.375,-132.907,273.104
103.165,-133.336,272.754
103.949,-133.77,272.398
104.727,-134.212,272.035
105.497,-134.66,271.666
106.261,-135.114,271.291
107.017,-135.575,270.909
107.766,-136.043,270.521
108.507,-136.517,270.126
109.259,-137.006,269.721
110.007,-137.488,269.309
110.751,-137.966,268.895
111.501,-138.445,268.486
112.247,-138.917,268.071
112.992,-139.384,267.654
113.732,-139.852,267.233
114.467,-140.32,266.809
115.195,-140.792,266.38
115.917,-141.268,265.946
116.632,-141.749,265.508
117.34,-142.235,265.064
118.049,-142.727,264.621
118.754,-143.215,264.171
119.456,-143.703,263.717
120.152,-144.193,263.258
120.842,-144.685,262.794
121.525,-145.181,262.326
122.201,-145.681,261.852
122.87,-146.186,261.372
123.53,-146.697,260.888
124.182,-147.213,260.398
124.825,-147.734,259.903
125.46,-148.261,259.403
126.086,-148.793,258.897
126.703,-149.331,258.387
127.31,-149.875,257.872
127.909,-150.423,257.352
128.499,-150.978,256.827
129.09,-151.539,256.303
129.676,-152.097,255.772
130.257,-152.654,255.236
130.832,-153.212,254.697
131.401,-153.773,254.154
131.962,-154.336,253.606
132.514,-154.904,253.054
133.058,-155.475,252.498
133.593,-156.05,251.938
134.118,-156.63,251.373
134.634,-157.214,250.805
135.14,-157.803,250.232
135.636,-158.397,249.656
136.122,-158.994,249.076
136.609,-159.6,248.497
137.102,-160.204,247.915
137.594,-160.798,247.327
138.086,-161.387,246.736
138.575,-161.974,246.142
139.058,-162.561,245.544
139.533,-163.149,244.943
140.013,-163.742,244.343
140.488,-164.329,243.736
140.959,-164.914,243.126
141.425,-165.498,242.513
141.883,-166.084,241.896
142.334,-166.672,241.276
142.776,-167.262,240.653
143.208,-167.856,240.027
143.631,-168.453,239.398
144.055,-169.057,238.769
144.483,-169.663,238.135
144.91,-170.26,237.496
145.338,-170.853,236.856
145.762,-171.443,236.214
146.193,-172.039,235.571
146.617,-172.641,234.914
147.046,-173.229,234.255
147.481,-173.804,233.594
147.917,-174.372,232.93
148.35,-174.935,232.264
148.778,-175.496,231.595
149.2,-176.057,230.925
149.613,-176.619,230.252
150.018,-177.183,229.578
150.414,-177.749,228.901
150.8,-178.319,228.223
151.188,-178.896,227.545
151.569,-179.468,226.862
151.945,-180.039,226.177
152.315,-180.609,225.489
152.677,-181.181,224.799
153.03,-181.755,224.107
153.373,-182.332,223.414
153.706,-182.912,222.718
154.029,-183.496,222.02
154.342,-184.082,221.321
154.644,-184.672,220.62
154.935,-185.266,219.917
155.215,-185.863,219.213
155.483,-186.463,218.508
155.741,-187.067,217.801
155.988,-187.675,217.094
156.223,-188.285,216.385
156.447,-188.899,215.676
156.66,-189.515,214.965
156.861,-190.135,214.254
157.051,-190.758,213.543
157.23,-191.383,212.83
157.397,-192.011,212.118
157.553,-192.642,211.405
157.697,-193.275,210.693
157.83,-193.911,209.98
157.952,-194.549,209.267
158.062,-195.19,208.554
158.161,-195.833,207.842
158.248,-196.478,207.13
158.323,-197.124,206.419
158.393,-197.787,205.694
158.459,-198.44,204.967
158.523,-199.088,204.239
158.566,-199.751,203.511
158.61,-200.409,202.782
158.657,-201.06,202.053
158.703,-201.708,201.324
158.746,-202.353,200.595
158.794,-203.002,199.867
158.839,-203.643,199.135
158.881,-204.28,198.402
158.919,-204.915,197.669
158.95,-205.548,196.937
158.972,-206.182,196.205
158.996,-206.821,195.474
159.025,-207.459,194.738
159.055,-208.086,193.996
159.085,-208.708,193.252
159.111,-209.326,192.507
159.132,-209.943,191.762
159.144,-210.558,191.017
159.148,-211.174,190.272
159.142,-211.789,189.528
159.125,-212.406,188.785
159.098,-213.024,188.044
159.06,-213.642,187.305
159.011,-214.262,186.567
158.95,-214.883,185.831
158.889,-215.512,185.096
158.82,-216.134,184.358
158.746,-216.753,183.619
158.666,-217.371,182.88
158.577,-217.988,182.143
158.478,-218.605,181.406
158.37,-219.222,180.672
158.251,-219.839,179.94
158.104,-220.48,179.201
157.959,-221.103,178.454
157.816,-221.718,177.703
157.67,-222.326,176.951
157.496,-222.966,176.218
157.312,-223.582,175.476
157.142,-224.174,174.73
156.982,-224.744,173.977
156.826,-225.296,173.217
156.669,-225.832,172.453
156.507,-226.356,171.687
156.337,-226.869,170.919
156.158,-227.373,170.149
155.968,-227.87,169.38
155.782,-228.374,168.603
155.593,-228.882,167.82
155.399,-229.395,167.036
155.199,-229.913,166.252
154.992,-230.434,165.47
154.777,-230.958,164.691
154.554,-231.486,163.916
154.323,-232.016,163.145
154.083,-232.549,162.378
153.834,-233.083,161.615
153.576,-233.619,160.856
153.308,-234.157,160.101
153.03,-234.695,159.351
152.743,-235.234,158.605
152.446,-235.774,157.864
152.139,-236.314,157.127
151.821,-236.855,156.395
151.493,-237.395,155.667
151.155,-237.936,154.944
150.807,-238.476,154.226
150.448,-239.016,153.513
150.079,-239.556,152.805
149.7,-240.095,152.102
149.31,-240.633,151.404
148.911,-241.171,150.711
148.501,-241.708,150.024
148.081,-242.244,149.342
147.651,-242.778,148.665
147.211,-243.312,147.994
146.761,-243.845,147.329
146.301,-244.376,146.67
145.831,-244.906,146.016
145.351,-245.435,145.369
144.862,-245.962,144.727
144.363,-246.488,144.092
143.855,-247.012,143.463
143.337,-247.534,142.841
142.81,-248.054,142.224
142.273,-248.573,141.615
141.727,-249.09,141.012
141.172,-249.604,140.415
140.608,-250.117,139.826
140.035,-250.628,139.243
139.453,-251.136,138.667
138.862,-251.642,138.099
138.262,-252.146,137.537
137.654,-252.647,136.983
137.037,-253.146,136.436
136.412,-253.643,135.897
135.778,-254.137,135.365
135.136,-254.628,134.84
134.485,-255.117,134.323
133.827,-255.602,133.814
133.161,-256.085,133.313
132.486,-256.566,132.819
131.804,-257.043,132.334
131.114,-257.517,131.856
130.417,-257.988,131.387
129.712,-258.456,130.926
129.0,-258.92,130.473
128.28,-259.382,130.028
127.553,-259.84,129.592
126.819,-260.295,129.164
126.078,-260.746,128.744
125.33,-261.194,128.334
124.576,-261.638,127.931
123.814,-262.079,127.538
123.046,-262.516,127.153
122.272,-262.949,126.777
121.492,-263.379,126.41
120.705,-263.805,126.052
119.912,-264.227,125.703
119.113,-264.645,125.363
118.308,-265.059,125.032
117.498,-265.469,124.71
116.681,-265.875,124.397
115.86,-266.276,124.094
115.033,-266.674,123.799
114.202,-267.077,123.508
113.354,-267.483,123.209
112.509,-267.877,122.9
111.669,-268.267,122.587
110.83,-268.652,122.273
109.991,-269.033,121.962
109.15,-269.409,121.656
108.307,-269.781,121.357
107.461,-270.149,121.064
106.611,-270.513,120.78
105.758,-270.873,120.505
104.901,-271.228,120.238
104.039,-271.579,119.981
103.174,-271.926,119.733
102.304,-272.268,119.495
101.43,-272.606,119.266
100.553,-272.95,119.043
99.6736,-273.296,118.817
98.7951,-273.635,118.585
97.9176,-273.969,118.351
97.0393,-274.299,118.119
96.1591,-274.625,117.89
95.2764,-274.946,117.667
94.3908,-275.262,117.45
93.484,-275.583,117.248
92.5819,-275.897,117.046
91.681,-276.209,116.842
90.7803,-276.517,116.641
89.8791,-276.821,116.443
88.9766,-277.121,116.252
88.0726,-277.416,116.069
87.166,-277.718,115.889
86.2587,-278.012,115.712
85.3519,-278.302,115.538
84.4442,-278.59,115.368
83.5349,-278.874,115.205
82.6236,-279.153,115.05
81.7101,-279.428,114.904
80.7943,-279.699,114.766
79.8761,-279.966,114.639
78.9556,-280.228,114.521
78.0327,-280.486,114.413
77.1076,-280.739,114.316
76.1803,-280.988,114.229
75.251,-281.232,114.152
74.3197,-281.471,114.086
73.3867,-281.706,114.03
72.4519,-281.936,113.985
71.5155,-282.162,113.951
70.5777,-282.382,113.927
69.6387,-282.598,113.913
68.6984,-282.809,113.911
67.7571,-283.015,113.918
66.8022,-283.218,113.95
65.8485,-283.414,113.98
64.895,-283.604,114.006
63.9419,-283.789,114.031
62.9892,-283.968,114.06
62.0369,-284.142,114.093
61.0849,-284.311,114.133
60.1332,-284.474,114.18
59.1819,-284.633,114.236
58.2309,-284.788,114.301
57.2802,-284.938,114.375
56.33,-285.083,114.46
55.3803,-285.223,114.554
54.4312,-285.358,114.659
53.4829,-285.489,114.773
52.5399,-285.62,114.911
51.5968,-285.746,115.052
50.6525,-285.867,115.194
49.7075,-285.983,115.337
48.7621,-286.094,115.485
47.8168,-286.199,115.639
46.8719,-286.299,115.8
45.9232,-286.403,115.964
44.9745,-286.498,116.127
44.0266,-286.587,116.292
43.0749,-286.681,116.455
42.1234,-286.766,116.615
41.1728,-286.846,116.774
40.2232,-286.921,116.936
39.2748,-286.991,117.104
38.3278,-287.056,117.278
37.3824,-287.117,117.46
36.4386,-287.173,117.651
35.4967,-287.224,117.851
34.5568,-287.271,118.06
33.619,-287.313,118.279
32.6836,-287.351,118.509
31.7506,-287.384,118.748
30.8201,-287.413,118.998
29.8924,-287.437,119.258
28.9676,-287.456,119.528
28.0457,-287.471,119.808
27.1269,-287.481,120.099
26.2113,-287.487,120.399
25.2992,-287.488,120.71
24.3905,-287.485,121.031
23.4855,-287.477,121.362
22.5842,-287.465,121.703
21.6868,-287.448,122.053
20.7934,-287.427,122.414
19.9041,-287.401,122.784
19.0192,-287.371,123.164
18.1386,-287.336,123.554
17.2625,-287.297,123.954
16.3911,-287.253,124.363
15.5245,-287.205,124.782
14.6627,-287.152,125.21
13.7867,-287.097,125.653
12.9144,-287.033,126.093
12.045,-286.965,126.531
11.1797,-286.895,126.97
10.319,-286.82,127.414
9.46322,-286.742,127.863
8.61274,-286.661,128.318
7.76773,-286.576,128.781
6.92835,-286.487,129.252
6.09474,-286.394,129.731
5.26703,-286.298,130.218
4.44533,-286.197,130.713
3.62976,-286.093,131.218
2.82043,-285.984,131.731
2.01745,-285.871,132.253
1.22091,-285.754,132.783
0.430926,-285.633,133.322
-0.35241,-285.508,133.87
-1.12899,-285.379,134.426
-1.8987,-285.246,134.99
-2.66145,-285.109,135.563
-3.41714,-284.967,136.144
-4.16567,-284.822,136.734
-4.90694,-284.673,137.331
-5.64083,-284.52,137.937
-6.36726,-284.363,138.55
-7.08613,-284.202,139.171
-7.79735,-284.037,139.8
-8.50078,-283.868,140.437
-9.19635,-283.696,141.081
-9.88395,-283.52,141.733
-10.5635,-283.34,142.392
-11.2349,-283.157,143.059
-11.9077,-282.977,143.731
-12.5864,-282.796,144.403
-13.266,-282.606,145.068
-13.9454,-282.411,145.729
-14.6222,-282.212,146.39
-15.2947,-282.009,147.053
-15.9616,-281.801,147.719
-16.6222,-281.59,148.39
-17.2756,-281.375,149.066
-17.9216,-281.156,149.748
-18.5596,-280.934,150.436
-19.1894,-280.708,151.13
-19.8106,-280.479,151.831
-20.4334,-280.254,152.537
-21.052,-280.02,153.243
-21.677,-279.789,153.949
-22.3013,-279.549,154.65
-22.9243,-279.304,155.349
-23.5436,-279.055,156.048
-24.1578,-278.803,156.749
-24.7656,-278.546,157.454
-25.3662,-278.287,158.163
-25.959,-278.023,158.877
-26.5435,-277.757,159.596
-27.1194,-277.488,160.321
-27.6864,-277.215,161.051
-28.2548,-276.947,161.788
-28.8185,-276.669,162.523
-29.3783,-276.388,163.259
-29.9325,-276.103,163.996
-30.4799,-275.815,164.737
-31.0196,-275.524,165.482
-31.551,-275.23,166.231
-32.0736,-274.932,166.985
-32.5872,-274.632,167.743
-33.0913,-274.33,168.507
-33.5859,-274.025,169.276
-34.0707,-273.717,170.05
-34.5457,-273.407,170.83
-35.0214,-273.101,171.615
-35.4919,-272.786,172.4
-35.9583,-272.467,173.184
-36.4186,-272.146,173.969
-36.8717,-271.821,174.757
-37.3165,-271.494,175.548
-37.7525,-271.165,176.342
-38.1791,-270.833,177.141
-38.596,-270.498,177.943
-39.003,-270.162,178.75
-39.3998,-269.824,179.56
-39.7863,-269.483,180.375
-40.1623,-269.141,181.194
-40.5277,-268.797,182.017
-40.8825,-268.452,182.843
-41.2266,-268.104,183.674
-41.5598,-267.756,184.508
-41.8823,-267.405,185.346
-42.1938,-267.053,186.187
-42.4944,-266.7,187.032
-42.784,-266.346,187.88
