0.0633156,0.0675232,0.259745
0.0633156,0.0675232,0.259745
0.0633156,0.0675232,0.259745
0.172045,0.14209,0.706691
0.172045,0.14209,0.706691
0.172045,0.14209,0.706691
0.315905,0.177151,1.27426
0.315905,0.177151,1.27426
0.315905,0.177151,1.27426
0.454994,0.156717,1.908
0.454994,0.156717,1.908
0.454994,0.156717,1.908
0.585971,0.0902173,2.58368
0.585971,0.0902173,2.58368
0.585971,0.0902173,2.58368
0.714192,-0.0167906,3.28709
0.714192,-0.0167906,3.28709
0.714192,-0.0167906,3.28709
0.848082,-0.159486,4.00856
0.848082,-0.159486,4.00856
0.848082,-0.159486,4.00856
0.996856,-0.332989,4.74082
0.996856,-0.332989,4.74082
0.996856,-0.332989,4.74082
1.16835,-0.532085,5.47842
1.16835,-0.532085,5.47842
1.16835,-0.532085,5.47842
1.36906,-0.751446,6.21684
1.36906,-0.751446,6.21684
1.36906,-0.751446,6.21684
1.60399,-0.985473,6.95227
1.60399,-0.985473,6.95227
1.60399,-0.985473,6.95227
1.87664,-1.22843,7.68155
1.87664,-1.22843,7.68155
1.87664,-1.22843,7.68155
2.18915,-1.47454,8.40198
2.18915,-1.47454,8.40198
2.18915,-1.47454,8.40198
2.54241,-1.71812,9.11135
2.54241,-1.71812,9.11135
2.54241,-1.71812,9.11135
2.93631,-1.95365,9.80786
2.93631,-1.95365,9.80786
2.93631,-1.95365,9.80786
3.36981,-2.17593,10.4901
3.36981,-2.17593,10.4901
3.36981,-2.17593,10.4901
3.84116,-2.38006,11.157
3.84116,-2.38006,11.157
3.84116,-2.38006,11.157
4.34802,-2.56151,11.8079
4.34802,-2.56151,11.8079
4.34802,-2.56151,11.8079
4.88754,-2.71618,12.4424
4.88754,-2.71618,12.4424
4.88754,-2.71618,12.4424
5.45647,-2.84037,13.0603
5.45647,-2.84037,13.0603
5.45647,-2.84037,13.0603
6.04892,-2.9603,13.6681
6.04892,-2.9603,13.6681
6.04892,-2.9603,13.6681
6.66431,-3.07287,14.2661
6.66431,-3.07287,14.2661
6.66431,-3.07287,14.2661
7.30127,-3.17269,14.8541
7.30127,-3.17269,14.8541
7.30127,-3.17269,14.8541
7.94797,-3.255,15.4329
7.94797,-3.255,15.4329
7.94797,-3.255,15.4329
8.60365,-3.31884,16.0068
8.60365,-3.31884,16.0068
8.60365,-3.31884,16.0068
9.26659,-3.36378,16.577
9.26659,-3.36378,16.577
9.26659,-3.36378,16.577
9.93512,-3.38965,17.1442
9.93512,-3.38965,17.1442
9.93512,-3.38965,17.1442
10.6078,-3.39637,17.7091
10.6078,-3.39637,17.7091
10.6078,-3.39637,17.7091
11.2836,-3.38393,18.2717
11.2836,-3.38393,18.2717
11.2836,-3.38393,18.2717
11.9615,-3.35233,18.8322
11.9615,-3.35233,18.8322
11.9615,-3.35233,18.8322
12.6406,-3.30157,19.3907
12.6406,-3.30157,19.3907
12.6406,-3.30157,19.3907
13.3203,-3.23168,19.9469
13.3203,-3.23168,19.9469
13.3203,-3.23168,19.9469
14.0001,-3.14267,20.5009
14.0001,-3.14267,20.5009
14.0001,-3.14267,20.5009
14.6794,-3.03457,21.0525
14.6794,-3.03457,21.0525
14.6794,-3.03457,21.0525
15.3576,-2.90741,21.6015
15.3576,-2.90741,21.6015
15.3576,-2.90741,21.6015
16.0344,-2.76124,22.1478
16.0344,-2.76124,22.1478
16.0344,-2.76124,22.1478
16.7093,-2.5961,22.6912
16.7093,-2.5961,22.6912
16.7093,-2.5961,22.6912
17.3819,-2.41205,23.2314
17.3819,-2.41205,23.2314
17.3819,-2.41205,23.2314
18.0517,-2.20915,23.7684
18.0517,-2.20915,23.7684
18.0517,-2.20915,23.7684
18.7185,-1.98748,24.3018
18.7185,-1.98748,24.3018
18.7185,-1.98748,24.3018
19.3818,-1.74714,24.8315
19.3818,-1.74714,24.8315
19.3818,-1.74714,24.8315
20.0413,-1.48822,25.3572
20.0413,-1.48822,25.3572
20.0413,-1.48822,25.3572
20.6965,-1.21083,25.8787
20.6965,-1.21083,25.8787
20.6965,-1.21083,25.8787
21.3472,-0.915087,26.3959
21.3472,-0.915087,26.3959
21.3472,-0.915087,26.3959
21.993,-0.60113,26.9085
21.993,-0.60113,26.9085
21.993,-0.60113,26.9085
22.6336,-0.269096,27.4162
22.6336,-0.269096,27.4162
22.6336,-0.269096,27.4162
23.2686,0.0808599,27.9189
23.2686,0.0808599,27.9189
23.2686,0.0808599,27.9189
23.8976,0.448576,28.4163
23.8976,0.448576,28.4163
23.8976,0.448576,28.4163
24.5204,0.833883,28.9082
24.5204,0.833883,28.9082
24.5204,0.833883,28.9082
25.1367,1.2366,29.3943
25.1367,1.2366,29.3943
25.1367,1.2366,29.3943
25.746,1.65653,29.8746
25.746,1.65653,29.8746
25.746,1.65653,29.8746
26.3482,2.09348,30.3486
26.3482,2.09348,30.3486
26.3482,2.09348,30.3486
26.9429,2.54724,30.8163
26.9429,2.54724,30.8163
26.9429,2.54724,30.8163
27.5297,3.01759,31.2775
27.5297,3.01759,31.2775
27.5297,3.01759,31.2775
28.1061,3.50301,31.7324
28.1061,3.50301,31.7324
28.1061,3.50301,31.7324
28.6724,4.00357,32.182
28.6724,4.00357,32.182
28.6724,4.00357,32.182
29.2285,4.5186,32.6264
29.2285,4.5186,32.6264
29.2285,4.5186,32.6264
29.7746,5.04773,33.0657
29.7746,5.04773,33.0657
29.7746,5.04773,33.0657
30.3108,5.5905,33.4997
30.3108,5.5905,33.4997
30.3108,5.5905,33.4997
30.8373,6.14652,33.9282
30.8373,6.14652,33.9282
30.8373,6.14652,33.9282
31.3541,6.71541,34.3511
31.3541,6.71541,34.3511
31.3541,6.71541,34.3511
31.8615,7.29685,34.768
31.8615,7.29685,34.768
31.8615,7.29685,34.768
32.3593,7.89052,35.1787
32.3593,7.89052,35.1787
32.3593,7.89052,35.1787
32.8478,8.49614,35.5829
32.8478,8.49614,35.5829
32.8478,8.49614,35.5829
33.3257,9.1147,35.981
33.3257,9.1147,35.981
33.3257,9.1147,35.981
33.7962,9.74118,36.3724
33.7962,9.74118,36.3724
33.7962,9.74118,36.3724
34.2591,10.376,36.757
34.2591,10.376,36.757
34.2591,10.376,36.757
34.7143,11.0196,37.1343
34.7143,11.0196,37.1343
34.7143,11.0196,37.1343
35.1621,11.672,37.5035
35.1621,11.672,37.5035
35.1621,11.672,37.5035
35.6025,12.3335,37.864
35.6025,12.3335,37.864
35.6025,12.3335,37.864
36.0359,13.004,38.2151
36.0359,13.004,38.2151
36.0359,13.004,38.2151
36.4624,13.6834,38.5563
36.4624,13.6834,38.5563
36.4624,13.6834,38.5563
36.8823,14.3715,38.8871
36.8823,14.3715,38.8871
36.8823,14.3715,38.8871
37.2958,15.0682,39.2072
37.2958,15.0682,39.2072
37.2958,15.0682,39.2072
37.703,15.7731,39.5161
37.703,15.7731,39.5161
37.703,15.7731,39.5161
38.1042,16.4861,39.8136
38.1042,16.4861,39.8136
38.1042,16.4861,39.8136
38.4996,17.2069,40.0995
38.4996,17.2069,40.0995
38.4996,17.2069,40.0995
38.8892,17.9352,40.3735
38.8892,17.9352,40.3735
38.8892,17.9352,40.3735
39.2732,18.6707,40.6353
39.2732,18.6707,40.6353
39.2732,18.6707,40.6353
39.6517,19.4132,40.885
39.6517,19.4132,40.885
39.6517,19.4132,40.885
40.0249,20.1623,41.1221
40.0249,20.1623,41.1221
40.0249,20.1623,41.1221
40.3927,20.9178,41.3467
40.3927,20.9178,41.3467
40.3927,20.9178,41.3467
40.7572,21.6782,41.5774
40.7572,21.6782,41.5774
40.7572,21.6782,41.5774
41.1242,22.4447,41.8079
41.1242,22.4447,41.8079
41.1242,22.4447,41.8079
41.4918,23.2167,42.0374
41.4918,23.2167,42.0374
41.4918,23.2167,42.0374
41.8587,23.9934,42.2656
41.8587,23.9934,42.2656
41.8587,23.9934,42.2656
42.2238,24.7745,42.4922
42.2238,24.7745,42.4922
42.2238,24.7745,42.4922
42.5868,25.5591,42.722
42.5868,25.5591,42.722
42.5868,25.5591,42.722
42.9487,26.3473,42.9533
42.9487,26.3473,42.9533
42.9487,26.3473,42.9533
43.3084,27.1387,43.186
43.3084,27.1387,43.186
43.3084,27.1387,43.186
43.6652,27.9328,43.4199
43.6652,27.9328,43.4199
43.6652,27.9328,43.4199
44.0185,28.7294,43.655
44.0185,28.7294,43.655
44.0185,28.7294,43.655
44.3677,29.5284,43.8915
44.3677,29.5284,43.8915
44.3677,29.5284,43.8915
44.7126,30.3296,44.1293
44.7126,30.3296,44.1293
44.7126,30.3296,44.1293
45.0527,31.1328,44.3683
45.0527,31.1328,44.3683
45.0527,31.1328,44.3683
45.3878,31.9381,44.6088
45.3878,31.9381,44.6088
45.3878,31.9381,44.6088
45.7178,32.7453,44.8507
45.7178,32.7453,44.8507
45.7178,32.7453,44.8507
46.0424,33.5544,45.094
46.0424,33.5544,45.094
46.0424,33.5544,45.094
46.3615,34.3653,45.3387
46.3615,34.3653,45.3387
46.3615,34.3653,45.3387
46.6751,35.178,45.5849
46.6751,35.178,45.5849
46.6751,35.178,45.5849
46.983,35.9925,45.8327
46.983,35.9925,45.8327
46.983,35.9925,45.8327
47.2852,36.8086,46.0819
47.2852,36.8086,46.0819
47.2852,36.8086,46.0819
47.5816,37.6264,46.3327
47.5816,37.6264,46.3327
47.5816,37.6264,46.3327
47.8722,38.4459,46.585
47.8722,38.4459,46.585
47.8722,38.4459,46.585
48.1569,39.2669,46.8388
48.1569,39.2669,46.8388
48.1569,39.2669,46.8388
48.4358,40.0894,47.0941
48.4358,40.0894,47.0941
48.4358,40.0894,47.0941
48.7088,40.9135,47.351
48.7088,40.9135,47.351
48.7088,40.9135,47.351
48.9759,41.739,47.6095
48.9759,41.739,47.6095
48.9759,41.739,47.6095
49.2371,42.5658,47.8695
49.2371,42.5658,47.8695
49.2371,42.5658,47.8695
49.4924,43.3941,48.131
49.4924,43.3941,48.131
49.4924,43.3941,48.131
49.7417,44.2236,48.394
49.7417,44.2236,48.394
49.7417,44.2236,48.394
49.9851,45.0545,48.6586
49.9851,45.0545,48.6586
49.9851,45.0545,48.6586
50.2226,45.8865,48.9247
50.2226,45.8865,48.9247
50.2226,45.8865,48.9247
50.4541,46.7198,49.1923
50.4541,46.7198,49.1923
50.4541,46.7198,49.1923
50.6796,47.5542,49.4614
50.6796,47.5542,49.4614
50.6796,47.5542,49.4614
50.8992,48.3896,49.7328
50.8992,48.3896,49.7328
50.8992,48.3896,49.7328
51.1131,49.2262,50.0061
51.1131,49.2262,50.0061
51.1131,49.2262,50.0061
51.3212,50.0637,50.2815
51.3212,50.0637,50.2815
51.3212,50.0637,50.2815
51.5236,50.9022,50.5588
51.5236,50.9022,50.5588
51.5236,50.9022,50.5588
51.7201,51.7415,50.838
51.7201,51.7415,50.838
51.7201,51.7415,50.838
51.9107,52.5816,51.1192
51.9107,52.5816,51.1192
51.9107,52.5816,51.1192
52.0955,53.4225,51.4023
52.0955,53.4225,51.4023
52.0955,53.4225,51.4023
52.2743,54.264,51.6873
52.2743,54.264,51.6873
52.2743,54.264,51.6873
52.4471,55.1062,51.9742
52.4471,55.1062,51.9742
52.4471,55.1062,51.9742
52.614,55.9489,52.2629
52.614,55.9489,52.2629
52.614,55.9489,52.2629
52.7749,56.7922,52.5535
52.7749,56.7922,52.5535
52.7749,56.7922,52.5535
52.9298,57.636,52.846
52.9298,57.636,52.846
52.9298,57.636,52.846
53.0787,58.4802,53.1403
53.0787,58.4802,53.1403
53.0787,58.4802,53.1403
53.2215,59.3248,53.4365
53.2215,59.3248,53.4365
53.2215,59.3248,53.4365
53.3583,60.1698,53.7344
53.3583,60.1698,53.7344
53.3583,60.1698,53.7344
53.4891,61.0151,54.0341
53.4891,61.0151,54.0341
53.4891,61.0151,54.0341
53.6138,61.8607,54.3357
53.6138,61.8607,54.3357
53.6138,61.8607,54.3357
53.7324,62.7065,54.6389
53.7324,62.7065,54.6389
53.7324,62.7065,54.6389
53.845,63.5526,54.944
53.845,63.5526,54.944
53.845,63.5526,54.944
53.9515,64.3988,55.2508
53.9515,64.3988,55.2508
53.9515,64.3988,55.2508
54.0469,65.2457,55.5574
54.0469,65.2457,55.5574
54.0469,65.2457,55.5574
54.132,66.0945,55.8616
54.132,66.0945,55.8616
54.132,66.0945,55.8616
54.2087,66.9457,56.1616
54.2087,66.9457,56.1616
54.2087,66.9457,56.1616
54.2785,67.7994,56.4567
54.2785,67.7994,56.4567
54.2785,67.7994,56.4567
54.3423,68.6557,56.7465
54.3423,68.6557,56.7465
54.3423,68.6557,56.7465
54.401,69.5144,57.0311
54.401,69.5144,57.0311
54.401,69.5144,57.0311
54.455,70.3755,57.3108
54.455,70.3755,57.3108
54.455,70.3755,57.3108
54.5046,71.2386,57.5857
54.5046,71.2386,57.5857
54.5046,71.2386,57.5857
54.5501,72.1038,57.8561
54.5501,72.1038,57.8561
54.5501,72.1038,57.8561
54.5916,72.9707,58.1222
54.5916,72.9707,58.1222
54.5916,72.9707,58.1222
54.6292,73.8393,58.3843
54.6292,73.8393,58.3843
54.6292,73.8393,58.3843
54.6631,74.7095,58.6424
54.6631,74.7095,58.6424
54.6631,74.7095,58.6424
54.6932,75.5812,58.8966
54.6932,75.5812,58.8966
54.6932,75.5812,58.8966
54.7195,76.4541,59.1472
54.7195,76.4541,59.1472
54.7195,76.4541,59.1472
54.7422,77.3284,59.3941
54.7422,77.3284,59.3941
54.7422,77.3284,59.3941
54.7611,78.2038,59.6373
54.7611,78.2038,59.6373
54.7611,78.2038,59.6373
54.7764,79.0804,59.877
54.7764,79.0804,59.877
54.7764,79.0804,59.877
54.788,79.9581,60.1131
54.788,79.9581,60.1131
54.788,79.9581,60.1131
54.796,80.8368,60.3456
54.796,80.8368,60.3456
54.796,80.8368,60.3456
54.8003,81.7165,60.5746
54.8003,81.7165,60.5746
54.8003,81.7165,60.5746
54.801,82.5971,60.8002
54.801,82.5971,60.8002
54.801,82.5971,60.8002
54.7981,83.4788,61.0222
54.7981,83.4788,61.0222
54.7981,83.4788,61.0222
54.7916,84.3613,61.2406
54.7916,84.3613,61.2406
54.7916,84.3613,61.2406
54.7815,85.2447,61.4555
54.7815,85.2447,61.4555
54.7815,85.2447,61.4555
54.7679,86.1289,61.6668
54.7679,86.1289,61.6668
54.7679,86.1289,61.6668
54.7506,87.0139,61.8745
54.7506,87.0139,61.8745
54.7506,87.0139,61.8745
54.7299,87.8998,62.0785
54.7299,87.8998,62.0785
54.7299,87.8998,62.0785
54.7056,88.7863,62.2789
54.7056,88.7863,62.2789
54.7056,88.7863,62.2789
54.6778,89.6736,62.4756
54.6778,89.6736,62.4756
54.6778,89.6736,62.4756
54.6465,90.5617,62.6685
54.6465,90.5617,62.6685
54.6465,90.5617,62.6685
54.6117,91.4503,62.8577
54.6117,91.4503,62.8577
54.6117,91.4503,62.8577
54.5734,92.3397,63.0432
54.5734,92.3397,63.0432
54.5734,92.3397,63.0432
54.5318,93.2296,63.2248
54.5318,93.2296,63.2248
54.5318,93.2296,63.2248
54.4867,94.1202,63.4027
54.4867,94.1202,63.4027
54.4867,94.1202,63.4027
54.4382,95.0114,63.5767
54.4382,95.0114,63.5767
54.4382,95.0114,63.5767
54.3863,95.9031,63.7468
54.3863,95.9031,63.7468
54.3863,95.9031,63.7468
54.331,96.7953,63.913
54.331,96.7953,63.913
54.331,96.7953,63.913
54.2725,97.6881,64.0753
54.2725,97.6881,64.0753
54.2725,97.6881,64.0753
54.2106,98.5813,64.2337
54.2106,98.5813,64.2337
54.2106,98.5813,64.2337
54.1454,99.475,64.3881
54.1454,99.475,64.3881
54.1454,99.475,64.3881
54.0769,100.369,64.5385
54.0769,100.369,64.5385
54.0769,100.369,64.5385
54.0052,101.264,64.6849
54.0052,101.264,64.6849
54.0052,101.264,64.6849
53.9303,102.159,64.8273
53.9303,102.159,64.8273
53.9303,102.159,64.8273
53.8522,103.054,64.9656
53.8522,103.054,64.9656
53.8522,103.054,64.9656
53.7709,103.949,65.0999
53.7709,103.949,65.0999
53.7709,103.949,65.0999
53.6864,104.845,65.2301
53.6864,104.845,65.2301
53.6864,104.845,65.2301
53.5989,105.742,65.3561
53.5989,105.742,65.3561
53.5989,105.742,65.3561
53.5082,106.638,65.478
53.5082,106.638,65.478
53.5082,106.638,65.478
53.4144,107.535,65.5958
53.4144,107.535,65.5958
53.4144,107.535,65.5958
53.3176,108.432,65.7094
53.3176,108.432,65.7094
53.3176,108.432,65.7094
53.2177,109.329,65.8188
53.2177,109.329,65.8188
53.2177,109.329,65.8188
53.1149,110.226,65.9239
53.1149,110.226,65.9239
53.1149,110.226,65.9239
53.009,111.124,66.0249
53.009,111.124,66.0249
53.009,111.124,66.0249
52.9002,112.021,66.1216
52.9002,112.021,66.1216
52.9002,112.021,66.1216
52.7885,112.919,66.214
52.7885,112.919,66.214
52.7885,112.919,66.214
52.6738,113.816,66.3021
52.6738,113.816,66.3021
52.6738,113.816,66.3021
52.5563,114.714,66.386
52.5563,114.714,66.386
52.5563,114.714,66.386
52.4359,115.612,66.4655
52.4359,115.612,66.4655
52.4359,115.612,66.4655
52.3127,116.51,66.5407
52.3127,116.51,66.5407
52.3127,116.51,66.5407
52.1867,117.407,66.6115
52.1867,117.407,66.6115
52.1867,117.407,66.6115
52.058,118.305,66.678
52.058,118.305,66.678
52.058,118.305,66.678
51.9264,119.203,66.74
51.9264,119.203,66.74
51.9264,119.203,66.74
51.7922,120.1,66.7977
51.7922,120.1,66.7977
51.7922,120.1,66.7977
51.6552,120.997,66.8509
51.6552,120.997,66.8509
51.6552,120.997,66.8509
51.5156,121.894,66.8997
51.5156,121.894,66.8997
51.5156,121.894,66.8997
51.3733,122.791,66.9441
51.3733,122.791,66.9441
51.3733,122.791,66.9441
51.2285,123.688,66.984
51.2285,123.688,66.984
51.2285,123.688,66.984
51.081,124.585,67.0194
51.081,124.585,67.0194
51.081,124.585,67.0194
50.931,125.481,67.0503
50.931,125.481,67.0503
50.931,125.481,67.0503
50.7784,126.377,67.0767
50.7784,126.377,67.0767
50.7784,126.377,67.0767
50.6233,127.273,67.0985
50.6233,127.273,67.0985
50.6233,127.273,67.0985
50.4658,128.168,67.1159
50.4658,128.168,67.1159
50.4658,128.168,67.1159
50.3058,129.063,67.1286
50.3058,129.063,67.1286
50.3058,129.063,67.1286
50.1434,129.958,67.1369
50.1434,129.958,67.1369
50.1434,129.958,67.1369
49.9786,130.852,67.1405
49.9786,130.852,67.1405
49.9786,130.852,67.1405
49.8115,131.746,67.1396
49.8115,131.746,67.1396
49.8115,131.746,67.1396
49.642,132.639,67.134
49.642,132.639,67.134
49.642,132.639,67.134
49.4702,133.532,67.1239
49.4702,133.532,67.1239
49.4702,133.532,67.1239
49.2961,134.424,67.1091
49.2961,134.424,67.1091
49.2961,134.424,67.1091
49.1198,135.316,67.0896
49.1198,135.316,67.0896
49.1198,135.316,67.0896
48.9412,136.207,67.0656
48.9412,136.207,67.0656
48.9412,136.207,67.0656
48.7605,137.098,67.0368
48.7605,137.098,67.0368
48.7605,137.098,67.0368
48.5776,137.988,67.0034
48.5776,137.988,67.0034
48.5776,137.988,67.0034
48.3926,138.877,66.9654
48.3926,138.877,66.9654
48.3926,138.877,66.9654
48.2055,139.766,66.9226
48.2055,139.766,66.9226
48.2055,139.766,66.9226
48.0163,140.654,66.8751
48.0163,140.654,66.8751
48.0163,140.654,66.8751
47.8251,141.542,66.8229
47.8251,141.542,66.8229
47.8251,141.542,66.8229
47.6319,142.428,66.766
47.6319,142.428,66.766
47.6319,142.428,66.766
47.4367,143.314,66.7044
47.4367,143.314,66.7044
47.4367,143.314,66.7044
47.2395,144.199,66.6381
47.2395,144.199,66.6381
47.2395,144.199,66.6381
47.0404,145.084,66.5669
47.0404,145.084,66.5669
47.0404,145.084,66.5669
46.8394,145.967,66.4911
46.8394,145.967,66.4911
46.8394,145.967,66.4911
46.6366,146.85,66.4105
46.6366,146.85,66.4105
46.6366,146.85,66.4105
46.432,147.732,66.3251
46.432,147.732,66.3251
46.432,147.732,66.3251
46.2255,148.613,66.2349
46.2255,148.613,66.2349
46.2255,148.613,66.2349
46.0173,149.493,66.14
46.0173,149.493,66.14
46.0173,149.493,66.14
45.8074,150.372,66.0402
45.8074,150.372,66.0402
45.8074,150.372,66.0402
45.5958,151.25,65.9357
45.5958,151.25,65.9357
45.5958,151.25,65.9357
45.3825,152.127,65.8263
45.3825,152.127,65.8263
45.3825,152.127,65.8263
45.1675,153.003,65.7122
45.1675,153.003,65.7122
45.1675,153.003,65.7122
44.951,153.878,65.5932
44.951,153.878,65.5932
44.951,153.878,65.5932
44.7328,154.752,65.4695
44.7328,154.752,65.4695
44.7328,154.752,65.4695
44.5132,155.625,65.3409
44.5132,155.625,65.3409
44.5132,155.625,65.3409
44.292,156.497,65.2074
44.292,156.497,65.2074
44.292,156.497,65.2074
44.0693,157.367,65.0692
44.0693,157.367,65.0692
44.0693,157.367,65.0692
43.8452,158.237,64.9261
43.8452,158.237,64.9261
43.8452,158.237,64.9261
43.6197,159.105,64.7781
43.6197,159.105,64.7781
43.6197,159.105,64.7781
43.3928,159.972,64.6253
43.3928,159.972,64.6253
43.3928,159.972,64.6253
43.1645,160.838,64.4677
43.1645,160.838,64.4677
43.1645,160.838,64.4677
42.9349,161.703,64.3052
42.9349,161.703,64.3052
42.9349,161.703,64.3052
42.7041,162.566,64.1378
42.7041,162.566,64.1378
42.7041,162.566,64.1378
42.472,163.428,63.9656
42.472,163.428,63.9656
42.472,163.428,63.9656
42.2386,164.289,63.7886
42.2386,164.289,63.7886
42.2386,164.289,63.7886
42.0041,165.149,63.6067
42.0041,165.149,63.6067
42.0041,165.149,63.6067
41.7684,166.007,63.4199
41.7684,166.007,63.4199
41.7684,166.007,63.4199
41.5316,166.863,63.2282
41.5316,166.863,63.2282
41.5316,166.863,63.2282
41.2937,167.719,63.0317
41.2937,167.719,63.0317
41.2937,167.719,63.0317
41.0547,168.573,62.8303
41.0547,168.573,62.8303
41.0547,168.573,62.8303
40.8147,169.425,62.6241
40.8147,169.425,62.6241
40.8147,169.425,62.6241
40.5738,170.276,62.413
40.5738,170.276,62.413
40.5738,170.276,62.413
40.3318,171.126,62.197
40.3318,171.126,62.197
40.3318,171.126,62.197
40.089,171.973,61.9762
40.089,171.973,61.9762
40.089,171.973,61.9762
39.8452,172.82,61.7504
39.8452,172.82,61.7504
39.8452,172.82,61.7504
39.6006,173.665,61.5199
39.6006,173.665,61.5199
39.6006,173.665,61.5199
39.3552,174.508,61.2845
39.3552,174.508,61.2845
39.3552,174.508,61.2845
39.109,175.35,61.0442
39.109,175.35,61.0442
39.109,175.35,61.0442
38.862,176.19,60.799
38.862,176.19,60.799
38.862,176.19,60.799
38.6143,177.028,60.549
38.6143,177.028,60.549
38.6143,177.028,60.549
38.3659,177.865,60.2941
38.3659,177.865,60.2941
38.3659,177.865,60.2941
38.1168,178.7,60.0344
38.1168,178.7,60.0344
38.1168,178.7,60.0344
37.8671,179.533,59.7699
37.8671,179.533,59.7699
37.8671,179.533,59.7699
37.6169,180.365,59.5005
37.6169,180.365,59.5005
37.6169,180.365,59.5005
37.366,181.195,59.2262
37.366,181.195,59.2262
37.366,181.195,59.2262
37.1147,182.023,58.9471
37.1147,182.023,58.9471
37.1147,182.023,58.9471
36.8628,182.849,58.6632
36.8628,182.849,58.6632
36.8628,182.849,58.6632
36.6105,183.673,58.3744
36.6105,183.673,58.3744
36.6105,183.673,58.3744
36.3578,184.496,58.0809
36.3578,184.496,58.0809
36.3578,184.496,58.0809
36.1047,185.317,57.7825
36.1047,185.317,57.7825
36.1047,185.317,57.7825
35.8512,186.136,57.4793
35.8512,186.136,57.4793
35.8512,186.136,57.4793
35.5974,186.953,57.1712
35.5974,186.953,57.1712
35.5974,186.953,57.1712
35.3434,187.768,56.8584
35.3434,187.768,56.8584
35.3434,187.768,56.8584
35.089,188.581,56.5408
35.089,188.581,56.5408
35.089,188.581,56.5408
34.8345,189.392,56.2183
34.8345,189.392,56.2183
34.8345,189.392,56.2183
34.5798,190.201,55.8911
34.5798,190.201,55.8911
34.5798,190.201,55.8911
34.3249,191.008,55.5592
34.3249,191.008,55.5592
34.3249,191.008,55.5592
34.0699,191.814,55.2224
34.0699,191.814,55.2224
34.0699,191.814,55.2224
33.8148,192.617,54.8809
33.8148,192.617,54.8809
33.8148,192.617,54.8809
33.5596,193.418,54.5346
33.5596,193.418,54.5346
33.5596,193.418,54.5346
33.3045,194.217,54.1836
33.3045,194.217,54.1836
33.3045,194.217,54.1836
33.0493,195.014,53.8279
33.0493,195.014,53.8279
33.0493,195.014,53.8279
32.7943,195.809,53.4674
32.7943,195.809,53.4674
32.7943,195.809,53.4674
32.5393,196.601,53.1022
32.5393,196.601,53.1022
32.5393,196.601,53.1022
32.2844,197.392,52.7323
32.2844,197.392,52.7323
32.2844,197.392,52.7323
32.0296,198.18,52.3577
32.0296,198.18,52.3577
32.0296,198.18,52.3577
31.7751,198.966,51.9784
31.7751,198.966,51.9784
31.7751,198.966,51.9784
31.5208,199.75,51.5944
31.5208,199.75,51.5944
31.5208,199.75,51.5944
31.2667,200.532,51.2057
31.2667,200.532,51.2057
31.2667,200.532,51.2057
31.013,201.312,50.8124
31.013,201.312,50.8124
31.013,201.312,50.8124
30.7595,202.089,50.4144
30.7595,202.089,50.4144
30.7595,202.089,50.4144
30.5064,202.864,50.0118
30.5064,202.864,50.0118
30.5064,202.864,50.0118
30.2537,203.637,49.6046
30.2537,203.637,49.6046
30.2537,203.637,49.6046
30.0014,204.407,49.1927
30.0014,204.407,49.1927
30.0014,204.407,49.1927
29.7496,205.175,48.7763
29.7496,205.175,48.7763
29.7496,205.175,48.7763
29.4983,205.941,48.3552
29.4983,205.941,48.3552
29.4983,205.941,48.3552
29.2475,206.704,47.9296
29.2475,206.704,47.9296
29.2475,206.704,47.9296
28.9973,207.465,47.4994
28.9973,207.465,47.4994
28.9973,207.465,47.4994
28.7476,208.224,47.0646
28.7476,208.224,47.0646
28.7476,208.224,47.0646
28.4986,208.98,46.6253
28.4986,208.98,46.6253
28.4986,208.98,46.6253
28.2502,209.734,46.1815
28.2502,209.734,46.1815
28.2502,209.734,46.1815
28.0026,210.485,45.7332
28.0026,210.485,45.7332
28.0026,210.485,45.7332
27.7556,211.234,45.2804
27.7556,211.234,45.2804
27.7556,211.234,45.2804
27.5094,211.98,44.8231
27.5094,211.98,44.8231
27.5094,211.98,44.8231
27.264,212.724,44.3613
27.264,212.724,44.3613
27.264,212.724,44.3613
27.0195,213.465,43.8951
27.0195,213.465,43.8951
27.0195,213.465,43.8951
26.7758,214.204,43.4244
26.7758,214.204,43.4244
26.7758,214.204,43.4244
26.533,214.94,42.9493
26.533,214.94,42.9493
26.533,214.94,42.9493
26.2911,215.674,42.4698
26.2911,215.674,42.4698
26.2911,215.674,42.4698
26.0502,216.405,41.9859
26.0502,216.405,41.9859
26.0502,216.405,41.9859
25.8103,217.134,41.4976
25.8103,217.134,41.4976
25.8103,217.134,41.4976
25.5714,217.86,41.005
25.5714,217.86,41.005
25.5714,217.86,41.005
25.3335,218.583,40.508
25.3335,218.583,40.508
25.3335,218.583,40.508
25.0968,219.304,40.0067
25.0968,219.304,40.0067
25.0968,219.304,40.0067
24.8611,220.022,39.5011
24.8611,220.022,39.5011
24.8611,220.022,39.5011
24.6267,220.737,38.9912
24.6267,220.737,38.9912
24.6267,220.737,38.9912
24.3934,221.45,38.477
24.3934,221.45,38.477
24.3934,221.45,38.477
24.1613,222.16,37.9586
24.1613,222.16,37.9586
24.1613,222.16,37.9586
23.9305,222.867,37.4359
23.9305,222.867,37.4359
23.9305,222.867,37.4359
23.701,223.572,36.909
23.701,223.572,36.909
23.701,223.572,36.909
23.4728,224.274,36.3779
23.4728,224.274,36.3779
23.4728,224.274,36.3779
23.246,224.973,35.8427
23.246,224.973,35.8427
23.246,224.973,35.8427
23.0205,225.669,35.3032
23.0205,225.669,35.3032
23.0205,225.669,35.3032
22.7965,226.363,34.7597
22.7965,226.363,34.7597
22.7965,226.363,34.7597
22.5739,227.054,34.212
22.5739,227.054,34.212
22.5739,227.054,34.212
22.3528,227.742,33.6602
22.3528,227.742,33.6602
22.3528,227.742,33.6602
22.1332,228.427,33.1043
22.1332,228.427,33.1043
22.1332,228.427,33.1043
21.9152,229.109,32.5443
21.9152,229.109,32.5443
21.9152,229.109,32.5443
21.6987,229.789,31.9804
21.6987,229.789,31.9804
21.6987,229.789,31.9804
21.4838,230.466,31.4124
21.4838,230.466,31.4124
21.4838,230.466,31.4124
21.2706,231.14,30.8404
21.2706,231.14,30.8404
21.2706,231.14,30.8404
21.0591,231.811,30.2644
21.0591,231.811,30.2644
21.0591,231.811,30.2644
20.8492,232.479,29.6845
20.8492,232.479,29.6845
20.8492,232.479,29.6845
20.6411,233.144,29.1006
20.6411,233.144,29.1006
20.6411,233.144,29.1006
20.4348,233.806,28.5128
20.4348,233.806,28.5128
20.4348,233.806,28.5128
20.2302,234.466,27.9212
20.2302,234.466,27.9212
20.2302,234.466,27.9212
20.0275,235.122,27.3257
20.0275,235.122,27.3257
20.0275,235.122,27.3257
19.8266,235.776,26.7263
19.8266,235.776,26.7263
19.8266,235.776,26.7263
19.6277,236.426,26.1231
19.6277,236.426,26.1231
19.6277,236.426,26.1231
19.4306,237.074,25.5161
19.4306,237.074,25.5161
19.4306,237.074,25.5161
19.2355,237.719,24.9053
19.2355,237.719,24.9053
19.2355,237.719,24.9053
19.0424,238.361,24.2908
19.0424,238.361,24.2908
19.0424,238.361,24.2908
18.8513,238.999,23.6726
18.8513,238.999,23.6726
18.8513,238.999,23.6726
18.6622,239.635,23.0506
18.6622,239.635,23.0506
18.6622,239.635,23.0506
18.4752,240.268,22.425
18.4752,240.268,22.425
18.4752,240.268,22.425
18.2903,240.898,21.7957
18.2903,240.898,21.7957
18.2903,240.898,21.7957
18.1075,241.524,21.1628
18.1075,241.524,21.1628
18.1075,241.524,21.1628
17.9269,242.148,20.5264
17.9269,242.148,20.5264
17.9269,242.148,20.5264
17.7485,242.769,19.8863
17.7485,242.769,19.8863
17.7485,242.769,19.8863
17.5723,243.386,19.2426
17.5723,243.386,19.2426
17.5723,243.386,19.2426
17.3983,244.001,18.5955
17.3983,244.001,18.5955
17.3983,244.001,18.5955
17.2266,244.612,17.9448
17.2266,244.612,17.9448
17.2266,244.612,17.9448
17.0572,245.221,17.2907
17.0572,245.221,17.2907
17.0572,245.221,17.2907
16.8902,245.826,16.6331
16.8902,245.826,16.6331
16.8902,245.826,16.6331
16.7255,246.428,15.9721
16.7255,246.428,15.9721
16.7255,246.428,15.9721
16.5633,247.028,15.3077
16.5633,247.028,15.3077
16.5633,247.028,15.3077
16.4034,247.624,14.6399
16.4034,247.624,14.6399
16.4034,247.624,14.6399
16.246,248.217,13.9688
16.246,248.217,13.9688
16.246,248.217,13.9688
16.0911,248.806,13.2944
16.0911,248.806,13.2944
16.0911,248.806,13.2944
15.9386,249.393,12.6167
15.9386,249.393,12.6167
15.9386,249.393,12.6167
15.7887,249.977,11.9357
15.7887,249.977,11.9357
15.7887,249.977,11.9357
15.6414,250.557,11.2515
15.6414,250.557,11.2515
15.6414,250.557,11.2515
15.4967,251.135,10.5641
15.4967,251.135,10.5641
15.4967,251.135,10.5641
15.3545,251.709,9.87356
15.3545,251.709,9.87356
15.3545,251.709,9.87356
15.215,252.28,9.17984
15.215,252.28,9.17984
15.215,252.28,9.17984
15.0782,252.848,8.483
15.0782,252.848,8.483
15.0782,252.848,8.483
14.9441,253.412,7.78306
14.9441,253.412,7.78306
14.9441,253.412,7.78306
14.8127,253.974,7.08008
14.8127,253.974,7.08008
14.8127,253.974,7.08008
14.6841,254.532,6.37406
14.6841,254.532,6.37406
14.6841,254.532,6.37406
14.5582,255.087,5.66503
14.5582,255.087,5.66503
14.5582,255.087,5.66503
14.4351,255.639,4.95303
14.4351,255.639,4.95303
14.4351,255.639,4.95303
14.3149,256.188,4.23809
14.3149,256.188,4.23809
14.3149,256.188,4.23809
14.1975,256.734,3.52024
14.1975,256.734,3.52024
14.1975,256.734,3.52024
14.083,257.276,2.79952
14.083,257.276,2.79952
14.083,257.276,2.79952
13.9714,257.815,2.07592
13.9714,257.815,2.07592
13.9714,257.815,2.07592
13.8628,258.351,1.34952
13.8628,258.351,1.34952
13.8628,258.351,1.34952
13.7571,258.884,0.620333
13.7571,258.884,0.620333
13.7571,258.884,0.620333
13.6544,259.413,-0.111628
13.6544,259.413,-0.111628
13.6544,259.413,-0.111628
13.5556,259.941,-0.846705
13.5556,259.941,-0.846713
13.5556,259.941,-0.84672
13.4614,260.465,-1.58393
13.4614,260.465,-1.58395
13.4614,260.465,-1.58396
13.3715,260.985,-2.32393
13.3715,260.985,-2.32394
13.3715,260.985,-2.32395
13.286,261.502,-3.06692
13.286,261.502,-3.06693
13.286,261.502,-3.06694
13.2049,262.014,-3.81302
13.2049,262.014,-3.81302
13.2049,262.014,-3.81302
13.1282,262.521,-4.56225
13.1282,262.521,-4.56225
13.1282,262.521,-4.56224
13.0557,263.023,-5.31461
13.0557,263.023,-5.31463
13.0557,263.023,-5.31463
12.9876,263.521,-6.07017
12.9876,263.521,-6.07017
12.9876,263.521,-6.07018
12.9238,264.013,-6.82893
12.9238,264.013,-6.82893
12.9238,264.013,-6.82894
12.8642,264.501,-7.59092
12.8642,264.5,-7.59091
12.8642,264.5,-7.59093
12.8089,264.983,-8.35618
12.8089,264.983,-8.35617
12.8089,264.982,-8.3562
12.7577,265.459,-9.12472
12.7578,265.459,-9.12469
12.7578,265.459,-9.12471
12.7109,265.93,-9.89654
12.7109,265.93,-9.89651
12.7109,265.93,-9.89655
12.6681,266.396,-10.6717
12.6682,266.396,-10.6717
12.6682,266.396,-10.6717
12.6296,266.856,-11.4501
12.6297,266.856,-11.4501
12.6297,266.856,-11.4501
12.5953,267.31,-12.2319
12.5953,267.31,-12.2319
12.5953,267.31,-12.2319
12.5651,267.759,-13.0169
12.5652,267.759,-13.0169
12.5651,267.759,-13.0169
12.5391,268.202,-13.8052
12.5391,268.202,-13.8052
12.5391,268.202,-13.8053
12.5172,268.639,-14.5968
12.5173,268.639,-14.5968
12.5173,268.639,-14.5968
12.4995,269.07,-15.3916
12.4996,269.07,-15.3916
12.4996,269.07,-15.3916
12.4859,269.495,-16.1895
12.486,269.495,-16.1895
12.486,269.495,-16.1896
12.4766,269.914,-16.9906
12.4767,269.914,-16.9907
12.4766,269.914,-16.9907
12.4714,270.327,-17.7948
12.4715,270.327,-17.7949
12.4714,270.327,-17.7949
12.4703,270.734,-18.6021
12.4704,270.734,-18.6021
12.4704,270.733,-18.6022
12.4735,271.134,-19.4124
12.4736,271.134,-19.4124
12.4736,271.134,-19.4124
12.4808,271.529,-20.2256
12.481,271.529,-20.2256
12.481,271.529,-20.2257
12.4924,271.917,-21.0417
12.4925,271.917,-21.0418
12.4925,271.917,-21.0418
12.5082,272.3,-21.8606
12.5083,272.299,-21.8607
12.5083,272.299,-21.8607
12.5281,272.676,-22.6824
12.5283,272.675,-22.6825
12.5283,272.675,-22.6825
12.5523,273.045,-23.5068
12.5525,273.045,-23.5069
12.5525,273.045,-23.507
12.5808,273.408,-24.334
12.581,273.408,-24.3341
12.5809,273.408,-24.3341
12.6135,273.765,-25.1637
12.6136,273.765,-25.1638
12.6136,273.765,-25.1638
12.6504,274.116,-25.9959
12.6506,274.115,-25.9961
12.6506,274.115,-25.9961
12.6915,274.459,-26.8307
12.6917,274.459,-26.8308
12.6917,274.459,-26.8308
12.7369,274.797,-27.6678
12.7372,274.797,-27.668
12.7372,274.797,-27.668
12.7866,275.128,-28.5073
12.7869,275.128,-28.5074
12.7868,275.127,-28.5075
12.8405,275.452,-29.349
12.8408,275.452,-29.3492
12.8408,275.452,-29.3492
12.8987,275.77,-30.193
12.899,275.77,-30.1932
12.899,275.77,-30.1932
12.9612,276.082,-31.0391
12.9615,276.081,-31.0393
12.9615,276.081,-31.0393
13.0279,276.387,-31.8873
13.0282,276.386,-31.8875
13.0282,276.386,-31.8875
13.0989,276.685,-32.7375
13.0992,276.684,-32.7377
13.0992,276.684,-32.7377
13.1741,276.976,-33.5896
13.1744,276.975,-33.5898
13.1744,276.975,-33.5898
13.2536,277.261,-34.4436
13.2539,277.26,-34.4438
13.2539,277.26,-34.4438
13.3374,277.539,-35.2993
13.3377,277.538,-35.2996
13.3377,277.538,-35.2996
13.4254,277.81,-36.1568
13.4258,277.81,-36.1571
13.4258,277.81,-36.1571
13.5177,278.075,-37.016
13.5181,278.074,-37.0162
13.5181,278.074,-37.0163
13.6142,278.333,-37.8767
13.6146,278.332,-37.877
13.6146,278.332,-37.877
13.715,278.584,-38.739
13.7154,278.583,-38.7392
13.7154,278.583,-38.7393
13.8201,278.828,-39.6027
13.8205,278.827,-39.6029
13.8205,278.827,-39.603
13.9294,279.066,-40.4677
13.9298,279.065,-40.468
13.9298,279.065,-40.4681
14.0429,279.296,-41.3341
14.0433,279.295,-41.3344
14.0433,279.295,-41.3345
14.1606,279.52,-42.2017
14.1611,279.519,-42.202
14.1611,279.519,-42.2021
14.2826,279.737,-43.0705
14.2831,279.736,-43.0708
14.2831,279.736,-43.0708
14.4089,279.947,-43.9403
14.4094,279.946,-43.9406
14.4093,279.946,-43.9407
14.5393,280.15,-44.8112
14.5398,280.149,-44.8115
14.5398,280.149,-44.8116
14.6739,280.347,-45.683
14.6745,280.345,-45.6833
14.6744,280.345,-45.6834
14.8128,280.536,-46.5557
14.8133,280.535,-46.556
14.8133,280.534,-46.5561
14.9559,280.718,-47.4292
14.9564,280.717,-47.4295
14.9564,280.717,-47.4296
15.1031,280.894,-48.3034
15.1036,280.892,-48.3037
15.1036,280.892,-48.3038
15.2545,281.062,-49.1782
15.255,281.06,-49.1786
15.255,281.06,-49.1786
15.4101,281.224,-50.0537
15.4106,281.222,-50.0541
15.4106,281.222,-50.0541
15.5698,281.378,-50.9296
15.5704,281.376,-50.93
15.5704,281.376,-50.9301
15.7338,281.525,-51.806
15.7343,281.524,-51.8064
15.7343,281.523,-51.8065
15.9018,281.666,-52.6828
15.9024,281.664,-52.6832
15.9024,281.664,-52.6832
16.074,281.799,-53.5598
16.0746,281.797,-53.5602
16.0746,281.797,-53.5603
16.2503,281.926,-54.4371
16.2509,281.924,-54.4375
16.2509,281.924,-54.4376
16.4307,282.045,-55.3145
16.4314,282.043,-55.315
16.4314,282.043,-55.315
16.6153,282.157,-56.192
16.6159,282.155,-56.1925
16.6159,282.155,-56.1925
16.8039,282.263,-57.0695
16.8045,282.26,-57.07
16.8045,282.26,-57.07
16.9966,282.361,-57.947
16.9973,282.358,-57.9474
16.9972,282.358,-57.9475
17.1933,282.452,-58.8243
17.194,282.449,-58.8247
17.194,282.449,-58.8248
17.3942,282.536,-59.7014
17.3949,282.533,-59.7018
17.3949,282.533,-59.7019
17.599,282.613,-60.5782
17.5998,282.61,-60.5786
17.5997,282.61,-60.5787
17.8079,282.683,-61.4546
17.8087,282.68,-61.4551
17.8087,282.68,-61.4551
18.0208,282.746,-62.3306
18.0216,282.743,-62.3311
18.0216,282.743,-62.3312
18.2378,282.801,-63.2061
18.2385,282.798,-63.2066
18.2385,282.798,-63.2067
18.4587,282.85,-64.0811
18.4594,282.847,-64.0816
18.4594,282.847,-64.0816
18.6835,282.892,-64.9553
18.6843,282.888,-64.9558
18.6843,282.888,-64.9559
18.9124,282.926,-65.8289
18.9132,282.923,-65.8294
18.9132,282.923,-65.8295
19.1452,282.953,-66.7017
19.146,282.95,-66.7022
19.146,282.95,-66.7022
19.3819,282.974,-67.5736
19.3827,282.97,-67.5741
19.3827,282.97,-67.5742
19.6225,282.987,-68.4446
19.6233,282.983,-68.4451
19.6233,282.983,-68.4451
19.867,282.993,-69.3146
19.8678,282.989,-69.315
19.8678,282.989,-69.3151
20.1154,282.992,-70.1835
20.1163,282.988,-70.1839
20.1163,282.988,-70.184
20.3677,282.984,-71.0512
20.3685,282.98,-71.0517
20.3685,282.98,-71.0517
20.6238,282.969,-71.9177
20.6247,282.965,-71.9182
20.6247,282.964,-71.9182
20.8838,282.946,-72.7829
20.8846,282.942,-72.7834
20.8846,282.942,-72.7834
21.1475,282.917,-73.6468
21.1484,282.913,-73.6472
21.1484,282.913,-73.6473
21.4151,282.881,-74.5092
21.4159,282.876,-74.5096
21.4159,282.876,-74.5097
21.6864,282.837,-75.3701
21.6873,282.833,-75.3705
21.6873,282.832,-75.3706
21.9615,282.786,-76.2295
21.9624,282.782,-76.2299
21.9624,282.782,-76.2299
22.2403,282.729,-77.0871
22.2412,282.724,-77.0875
22.2412,282.724,-77.0876
22.5229,282.664,-77.9431
22.5238,282.66,-77.9435
22.5238,282.659,-77.9435
22.8092,282.593,-78.7973
22.81,282.588,-78.7976
22.81,282.588,-78.7977
23.0991,282.514,-79.6496
23.1,282.509,-79.6499
23.1,282.509,-79.65
23.3927,282.428,-80.4999
23.3936,282.423,-80.5003
23.3936,282.423,-80.5003
23.6899,282.335,-81.3483
23.6908,282.33,-81.3486
23.6908,282.33,-81.3487
23.9908,282.236,-82.1946
23.9917,282.23,-82.1949
23.9916,282.23,-82.1949
24.2952,282.129,-83.0387
24.2961,282.123,-83.039
24.2961,282.123,-83.0391
24.6033,282.015,-83.8807
24.6042,282.01,-83.8809
24.6041,282.009,-83.881
24.9148,281.894,-84.7203
24.9158,281.889,-84.7206
24.9157,281.888,-84.7206
25.23,281.767,-85.5576
25.2309,281.761,-85.5578
25.2308,281.761,-85.5579
25.5486,281.632,-86.3925
25.5495,281.626,-86.3927
25.5495,281.626,-86.3927
25.8708,281.49,-87.2249
25.8717,281.484,-87.2251
25.8716,281.484,-87.2251
26.1964,281.342,-88.0547
26.1972,281.336,-88.0549
26.1972,281.335,-88.0549
26.5254,281.186,-88.8819
26.5263,281.18,-88.882
26.5262,281.18,-88.8821
26.8579,281.024,-89.7064
26.8588,281.018,-89.7065
26.8587,281.017,-89.7065
27.1937,280.855,-90.5281
27.1946,280.848,-90.5282
27.1945,280.848,-90.5282
27.533,280.679,-91.347
27.5338,280.672,-91.3471
27.5338,280.672,-91.3471
27.8756,280.496,-92.163
27.8764,280.489,-92.1631
27.8763,280.489,-92.1631
28.2215,280.306,-92.976
28.2223,280.299,-92.9761
28.2222,280.299,-92.9761
28.5707,280.11,-93.786
28.5715,280.103,-93.786
28.5715,280.102,-93.786
28.9232,279.906,-94.5929
28.924,279.899,-94.5929
28.9239,279.899,-94.5929
29.2789,279.696,-95.3967
29.2798,279.689,-95.3966
29.2797,279.689,-95.3966
29.6379,279.48,-96.1972
29.6387,279.472,-96.197
29.6386,279.472,-96.1971
30.0001,279.256,-96.9944
30.0009,279.248,-96.9942
30.0008,279.248,-96.9942
30.3654,279.026,-97.7882
30.3662,279.018,-97.788
30.3661,279.017,-97.788
30.7339,278.789,-98.5786
30.7347,278.781,-98.5783
30.7346,278.78,-98.5783
31.1055,278.545,-99.3655
31.1063,278.537,-99.3652
31.1062,278.536,-99.3652
31.4803,278.295,-100.149
31.481,278.286,-100.148
31.4809,278.286,-100.148
31.858,278.038,-100.928
31.8588,278.029,-100.928
31.8586,278.029,-100.928
32.2389,277.774,-101.705
32.2396,277.766,-101.704
32.2394,277.765,-101.704
32.6227,277.504,-102.477
32.6234,277.495,-102.476
32.6232,277.495,-102.476
33.0095,277.227,-103.245
33.0102,277.219,-103.245
33.01,277.218,-103.245
33.3993,276.944,-104.01
33.3999,276.935,-104.009
33.3998,276.935,-104.009
33.792,276.654,-104.77
33.7926,276.645,-104.77
33.7925,276.645,-104.77
34.1876,276.358,-105.527
34.1882,276.349,-105.526
34.188,276.348,-105.526
34.5861,276.056,-106.279
34.5867,276.046,-106.279
34.5865,276.045,-106.279
34.9874,275.746,-107.028
34.988,275.737,-107.027
34.9878,275.736,-107.027
35.3916,275.431,-107.772
35.3921,275.421,-107.771
35.3919,275.421,-107.771
35.7985,275.109,-108.512
35.799,275.099,-108.511
35.7988,275.098,-108.511
36.2082,274.781,-109.248
36.2086,274.771,-109.247
36.2084,274.77,-109.247
36.6206,274.446,-109.979
36.621,274.436,-109.978
36.6208,274.435,-109.978
37.0357,274.106,-110.706
37.0361,274.095,-110.705
37.0359,274.094,-110.704
37.4535,273.758,-111.428
37.4538,273.748,-111.427
37.4536,273.747,-111.427
37.8739,273.405,-112.146
37.8742,273.394,-112.144
37.874,273.394,-112.144
38.2969,273.046,-112.859
38.2972,273.035,-112.857
38.297,273.034,-112.857
38.7225,272.68,-113.567
38.7227,272.669,-113.566
38.7225,272.668,-113.566
39.1506,272.308,-114.271
39.1508,272.297,-114.269
39.1506,272.296,-114.269
39.5812,271.93,-114.97
39.5814,271.919,-114.968
39.5812,271.918,-114.968
40.0143,271.547,-115.664
40.0145,271.535,-115.662
40.0142,271.534,-115.662
40.4499,271.157,-116.353
40.45,271.145,-116.351
40.4498,271.144,-116.351
40.8879,270.761,-117.037
40.888,270.749,-117.035
40.8877,270.748,-117.035
41.3282,270.359,-117.716
41.3283,270.346,-117.714
41.328,270.346,-117.714
41.7709,269.951,-118.39
41.7709,269.938,-118.388
41.7707,269.938,-118.388
42.216,269.537,-119.059
42.2159,269.525,-119.057
42.2157,269.524,-119.057
42.6633,269.117,-119.723
42.6632,269.105,-119.721
42.6629,269.104,-119.721
43.1129,268.692,-120.381
43.1127,268.679,-120.379
43.1124,268.678,-120.379
43.5646,268.261,-121.034
43.5645,268.248,-121.032
43.5642,268.247,-121.032
44.0186,267.824,-121.682
44.0184,267.811,-121.68
44.0181,267.81,-121.68
44.4748,267.381,-122.324
44.4745,267.368,-122.322
44.4742,267.367,-122.322
44.933,266.933,-122.961
44.9327,266.919,-122.959
44.9324,266.919,-122.959
45.3934,266.479,-123.593
45.393,266.465,-123.59
45.3927,266.464,-123.59
45.8558,266.019,-124.219
45.8553,266.005,-124.216
45.855,266.005,-124.216
46.3202,265.554,-124.839
46.3197,265.54,-124.836
46.3194,265.539,-124.836
46.7866,265.084,-125.453
46.786,265.069,-125.451
46.7857,265.069,-125.451
47.2549,264.607,-126.062
47.2543,264.593,-126.059
47.254,264.592,-126.059
47.7252,264.126,-126.665
47.7245,264.111,-126.662
47.7242,264.111,-126.662
48.1973,263.639,-127.262
48.1966,263.624,-127.259
48.1963,263.624,-127.259
48.6713,263.147,-127.854
48.6705,263.132,-127.851
48.6702,263.131,-127.851
49.1471,262.649,-128.439
49.1463,262.634,-128.436
49.1459,262.633,-128.436
49.6246,262.146,-129.019
49.6238,262.131,-129.015
49.6234,262.13,-129.015
50.104,261.638,-129.592
50.103,261.623,-129.589
50.1026,261.622,-129.589
50.585,261.125,-130.159
50.584,261.11,-130.156
50.5836,261.109,-130.156
51.0677,260.607,-130.721
51.0666,260.591,-130.717
51.0662,260.59,-130.717
51.552,260.083,-131.276
51.5508,260.067,-131.272
51.5504,260.067,-131.272
52.0379,259.555,-131.825
52.0367,259.539,-131.821
52.0363,259.538,-131.821
52.5254,259.021,-132.367
52.5241,259.005,-132.363
52.5237,259.004,-132.363
53.0144,258.483,-132.904
53.013,258.466,-132.9
53.0126,258.466,-132.9
53.5049,257.94,-133.434
53.5034,257.923,-133.429
53.503,257.922,-133.429
53.9968,257.391,-133.957
53.9953,257.375,-133.953
53.9948,257.374,-133.953
54.4902,256.838,-134.474
54.4886,256.821,-134.47
54.4881,256.821,-134.47
54.9849,256.281,-134.985
54.9832,256.263,-134.981
54.9827,256.263,-134.981
55.481,255.718,-135.489
55.4792,255.701,-135.485
55.4787,255.7,-135.485
55.9784,255.151,-135.987
55.9765,255.133,-135.982
55.976,255.133,-135.982
56.477,254.579,-136.478
56.4751,254.561,-136.473
56.4746,254.561,-136.473
56.9769,254.003,-136.962
56.9749,253.985,-136.957
56.9744,253.984,-136.957
57.478,253.422,-137.44
57.4759,253.404,-137.435
57.4753,253.403,-137.435
57.9802,252.837,-137.911
57.978,252.818,-137.906
57.9775,252.818,-137.906
58.4835,252.247,-138.375
58.4813,252.228,-138.37
58.4807,252.228,-138.37
58.988,251.653,-138.833
58.9856,251.634,-138.827
58.9851,251.633,-138.827
59.4935,251.054,-139.283
59.491,251.035,-139.278
59.4904,251.035,-139.277
60.0,250.452,-139.727
59.9973,250.433,-139.721
59.9968,250.432,-139.721
60.5074,249.845,-140.164
60.5047,249.825,-140.158
60.5042,249.825,-140.158
61.0158,249.234,-140.593
61.013,249.214,-140.587
61.0124,249.213,-140.587
61.5251,248.618,-141.016
61.5222,248.599,-141.01
61.5216,248.598,-141.01
62.0352,247.999,-141.432
62.0322,247.979,-141.426
62.0316,247.978,-141.426
62.5461,247.376,-141.841
62.543,247.356,-141.835
62.5424,247.355,-141.834
63.0579,246.749,-142.243
63.0547,246.728,-142.236
63.054,246.727,-142.236
63.5703,246.117,-142.637
63.567,246.097,-142.631
63.5664,246.096,-142.63
64.0835,245.482,-143.025
64.0801,245.462,-143.018
64.0794,245.461,-143.018
64.5974,244.844,-143.405
64.5938,244.823,-143.398
64.5932,244.822,-143.398
65.1118,244.201,-143.778
65.1082,244.18,-143.771
65.1075,244.179,-143.771
65.6269,243.555,-144.144
65.6231,243.534,-144.136
65.6224,243.533,-144.136
66.1425,242.905,-144.502
66.1386,242.884,-144.495
66.1379,242.883,-144.495
66.6586,242.252,-144.853
66.6546,242.23,-144.846
66.6539,242.229,-144.846
67.1751,241.595,-145.197
67.1711,241.573,-145.189
67.1703,241.572,-145.189
67.6921,240.934,-145.534
67.6879,240.912,-145.526
67.6872,240.911,-145.526
68.2096,240.27,-145.863
68.2052,240.248,-145.855
68.2045,240.247,-145.855
68.7273,239.603,-146.184
68.7229,239.581,-146.176
68.7221,239.58,-146.176
69.2454,238.933,-146.499
69.2408,238.91,-146.49
69.2401,238.909,-146.49
69.7638,238.259,-146.805
69.7591,238.236,-146.797
69.7583,238.235,-146.797
70.2824,237.582,-147.105
70.2775,237.559,-147.096
70.2768,237.558,-147.096
70.8012,236.902,-147.396
70.7962,236.879,-147.387
70.7954,236.878,-147.387
71.3202,236.219,-147.68
71.315,236.196,-147.671
71.3143,236.195,-147.671
71.8393,235.533,-147.957
71.834,235.51,-147.948
71.8332,235.509,-147.947
72.3585,234.844,-148.226
72.3531,234.82,-148.216
72.3522,234.819,-148.216
72.8777,234.152,-148.487
72.8721,234.128,-148.477
72.8713,234.127,-148.477
73.397,233.457,-148.741
73.3913,233.433,-148.731
73.3904,233.432,-148.731
73.9162,232.76,-148.987
73.9103,232.736,-148.977
73.9095,232.734,-148.977
74.4353,232.059,-149.225
74.4293,232.035,-149.215
74.4285,232.034,-149.215
74.9544,231.357,-149.456
74.9482,231.332,-149.445
74.9473,231.331,-149.445
75.4733,230.651,-149.679
75.4669,230.626,-149.668
75.466,230.625,-149.668
75.992,229.943,-149.894
75.9855,229.918,-149.883
75.9846,229.917,-149.883
76.5104,229.232,-150.101
76.5038,229.208,-150.09
76.5029,229.206,-150.09
77.0287,228.52,-150.301
77.0219,228.494,-150.29
77.0209,228.493,-150.289
77.5466,227.804,-150.493
77.5396,227.779,-150.481
77.5386,227.778,-150.481
78.0641,227.087,-150.677
78.057,227.061,-150.665
78.0561,227.06,-150.665
78.5813,226.367,-150.853
78.5741,226.341,-150.841
78.5731,226.34,-150.841
79.0981,225.645,-151.021
79.0907,225.619,-151.009
79.0897,225.618,-151.009
79.6144,224.921,-151.181
79.6068,224.895,-151.169
79.6059,224.893,-151.169
80.1302,224.195,-151.334
80.1225,224.168,-151.322
80.1215,224.167,-151.321
80.6455,223.466,-151.479
80.6376,223.44,-151.466
80.6366,223.439,-151.466
81.1602,222.736,-151.615
81.1522,222.71,-151.603
81.1512,222.709,-151.602
81.6743,222.004,-151.744
81.6661,221.978,-151.731
81.6651,221.976,-151.731
82.1878,221.271,-151.865
82.1794,221.244,-151.852
82.1783,221.242,-151.852
82.7006,220.535,-151.978
82.692,220.508,-151.965
82.6909,220.507,-151.964
83.2126,219.798,-152.083
83.2039,219.771,-152.069
83.2028,219.769,-152.069
83.7239,219.059,-152.18
83.715,219.032,-152.166
83.7139,219.03,-152.166
84.2344,218.319,-152.269
84.2253,218.291,-152.255
84.2242,218.29,-152.255
84.744,217.577,-152.35
84.7347,217.549,-152.336
84.7336,217.548,-152.336
85.2528,216.834,-152.423
85.2433,216.806,-152.409
85.2422,216.804,-152.409
85.7607,216.089,-152.489
85.751,216.061,-152.474
85.7499,216.06,-152.474
86.2676,215.343,-152.546
86.2577,215.315,-152.531
86.2565,215.314,-152.531
86.7735,214.596,-152.595
86.7634,214.568,-152.58
86.7623,214.566,-152.58
87.2784,213.847,-152.636
87.2681,213.819,-152.621
87.2669,213.818,-152.621
87.7822,213.098,-152.669
87.7718,213.069,-152.654
87.7705,213.068,-152.654
88.2849,212.347,-152.694
88.2743,212.319,-152.679
88.273,212.317,-152.679
88.7865,211.596,-152.711
88.7756,211.567,-152.696
88.7744,211.566,-152.695
89.2868,210.843,-152.721
89.2758,210.815,-152.705
89.2745,210.813,-152.704
89.786,210.09,-152.722
89.7748,210.061,-152.705
89.7735,210.06,-152.705
90.284,209.336,-152.715
90.2725,209.307,-152.698
90.2712,209.305,-152.698
90.7806,208.581,-152.7
90.769,208.552,-152.683
90.7676,208.55,-152.683
91.2759,207.826,-152.677
91.2641,207.796,-152.66
91.2627,207.795,-152.66
91.7699,207.069,-152.646
91.7579,207.04,-152.629
91.7564,207.038,-152.629
92.2624,206.313,-152.607
92.2502,206.283,-152.59
92.2487,206.282,-152.589
92.7535,205.556,-152.56
92.7411,205.526,-152.542
92.7396,205.524,-152.542
93.2432,204.798,-152.505
93.2305,204.768,-152.487
93.229,204.767,-152.487
93.7313,204.04,-152.442
93.7184,204.01,-152.424
93.7169,204.009,-152.424
94.2179,203.282,-152.371
94.2048,203.252,-152.353
94.2033,203.25,-152.352
94.7029,202.524,-152.292
94.6896,202.493,-152.273
94.688,202.492,-152.273
95.1863,201.765,-152.205
95.1728,201.735,-152.186
95.1712,201.733,-152.186
95.6681,201.006,-152.11
95.6543,200.976,-152.091
95.6527,200.974,-152.091
96.1481,200.248,-152.007
96.1341,200.217,-151.988
96.1325,200.215,-151.987
96.6264,199.489,-151.896
96.6122,199.458,-151.877
96.6105,199.457,-151.876
97.103,198.73,-151.777
97.0885,198.7,-151.757
97.0868,198.698,-151.757
97.5778,197.972,-151.65
97.5631,197.941,-151.63
97.5614,197.94,-151.63
98.0507,197.214,-151.515
98.0358,197.183,-151.495
98.034,197.181,-151.495
98.5218,196.456,-151.372
98.5066,196.425,-151.352
98.5049,196.423,-151.352
98.9909,195.698,-151.222
98.9755,195.667,-151.201
98.9738,195.666,-151.201
99.4582,194.941,-151.063
99.4425,194.91,-151.043
99.4408,194.908,-151.042
99.9235,194.185,-150.897
99.9075,194.153,-150.876
99.9058,194.152,-150.876
100.387,193.429,-150.722
100.371,193.397,-150.701
100.369,193.395,-150.701
100.848,192.673,-150.54
100.832,192.642,-150.519
100.83,192.64,-150.518
101.307,191.918,-150.35
101.29,191.887,-150.329
101.289,191.885,-150.328
101.764,191.164,-150.152
101.747,191.133,-150.13
101.745,191.131,-150.13
102.219,190.411,-149.946
102.202,190.379,-149.924
102.2,190.377,-149.924
102.672,189.659,-149.733
102.654,189.627,-149.711
102.652,189.625,-149.71
103.122,188.907,-149.511
103.105,188.875,-149.489
103.103,188.873,-149.489
103.571,188.157,-149.282
103.553,188.125,-149.26
103.551,188.123,-149.259
104.017,187.407,-149.045
103.999,187.375,-149.022
103.996,187.373,-149.022
104.46,186.659,-148.801
104.442,186.627,-148.778
104.44,186.625,-148.777
104.902,185.912,-148.548
104.883,185.88,-148.525
104.881,185.878,-148.525
105.341,185.166,-148.288
105.322,185.134,-148.265
105.32,185.132,-148.264
105.777,184.422,-148.02
105.758,184.389,-147.997
105.756,184.387,-147.996
106.212,183.678,-147.745
106.192,183.646,-147.721
106.19,183.644,-147.721
106.643,182.937,-147.462
106.624,182.904,-147.438
106.621,182.902,-147.437
107.072,182.196,-147.171
107.052,182.164,-147.147
107.05,182.162,-147.146
107.499,181.458,-146.873
107.479,181.425,-146.848
107.477,181.423,-146.848
107.923,180.721,-146.567
107.903,180.688,-146.542
107.9,180.686,-146.542
108.345,179.985,-146.254
108.324,179.952,-146.229
108.322,179.951,-146.228
108.764,179.252,-145.933
108.743,179.219,-145.908
108.74,179.217,-145.907
109.18,178.52,-145.604
109.159,178.487,-145.579
109.156,178.485,-145.578
109.594,177.79,-145.269
109.572,177.757,-145.243
109.569,177.755,-145.242
110.004,177.062,-144.925
109.982,177.029,-144.899
109.98,177.027,-144.899
110.413,176.336,-144.575
110.39,176.303,-144.548
110.388,176.301,-144.548
110.817,175.613,-144.215
110.795,175.579,-144.189
110.792,175.577,-144.188
111.219,174.892,-143.848
111.196,174.859,-143.821
111.193,174.857,-143.82
111.618,174.175,-143.471
111.595,174.141,-143.444
111.592,174.139,-143.444
112.015,173.46,-143.086
111.991,173.427,-143.059
111.989,173.425,-143.059
112.41,172.75,-142.693
112.386,172.717,-142.666
112.384,172.715,-142.665
112.804,172.043,-142.292
112.78,172.01,-142.264
112.777,172.007,-142.263
113.196,171.34,-141.882
113.172,171.306,-141.854
113.169,171.304,-141.854
113.586,170.64,-141.465
113.562,170.606,-141.437
113.559,170.604,-141.436
113.975,169.944,-141.04
113.95,169.91,-141.011
113.948,169.908,-141.011
114.363,169.251,-140.607
114.337,169.218,-140.579
114.334,169.216,-140.578
114.748,168.563,-140.167
114.722,168.529,-140.138
114.72,168.527,-140.137
115.132,167.878,-139.719
115.106,167.844,-139.69
115.103,167.842,-139.69
115.514,167.196,-139.265
115.488,167.163,-139.235
115.485,167.161,-139.235
115.894,166.519,-138.802
115.868,166.485,-138.773
115.865,166.483,-138.772
116.273,165.846,-138.333
116.246,165.812,-138.303
116.243,165.81,-138.302
116.649,165.176,-137.856
116.622,165.143,-137.826
116.619,165.14,-137.826
117.024,164.511,-137.373
116.997,164.477,-137.343
116.994,164.475,-137.342
117.397,163.849,-136.882
117.369,163.816,-136.852
117.366,163.813,-136.851
117.768,163.192,-136.384
117.74,163.158,-136.354
117.737,163.156,-136.353
118.137,162.539,-135.88
118.108,162.505,-135.849
118.105,162.503,-135.848
118.504,161.89,-135.368
118.475,161.857,-135.337
118.472,161.854,-135.336
118.868,161.246,-134.85
118.839,161.212,-134.818
118.836,161.21,-134.818
119.231,160.606,-134.325
119.202,160.572,-134.293
119.199,160.57,-134.292
119.592,159.97,-133.793
119.562,159.936,-133.761
119.559,159.934,-133.76
119.951,159.339,-133.254
119.92,159.305,-133.222
119.917,159.303,-133.221
120.307,158.712,-132.709
120.277,158.678,-132.676
120.273,158.676,-132.675
120.662,158.09,-132.157
120.631,158.056,-132.124
120.627,158.054,-132.123
121.014,157.473,-131.598
120.983,157.439,-131.565
120.979,157.437,-131.564
121.364,156.86,-131.033
121.332,156.826,-131.0
121.329,156.824,-130.999
121.712,156.252,-130.461
121.68,156.219,-130.428
121.677,156.216,-130.427
122.057,155.649,-129.883
122.025,155.616,-129.85
122.022,155.613,-129.849
122.401,155.051,-129.299
122.368,155.017,-129.265
122.365,155.015,-129.264
122.742,154.458,-128.708
122.709,154.424,-128.674
122.706,154.422,-128.673
123.081,153.87,-128.111
123.048,153.836,-128.077
123.044,153.834,-128.076
123.418,153.287,-127.508
123.384,153.253,-127.473
123.381,153.251,-127.473
123.752,152.709,-126.898
123.718,152.675,-126.864
123.715,152.673,-126.863
124.084,152.136,-126.283
124.05,152.102,-126.248
124.046,152.1,-126.247
124.414,151.568,-125.661
124.379,151.535,-125.626
124.375,151.532,-125.625
124.741,151.006,-125.034
124.706,150.973,-124.998
124.702,150.97,-124.997
125.066,150.449,-124.4
125.031,150.416,-124.364
125.027,150.413,-124.363
125.389,149.898,-123.76
125.353,149.864,-123.724
125.349,149.862,-123.724
125.709,149.352,-123.115
125.673,149.318,-123.079
125.669,149.316,-123.078
126.026,148.811,-122.464
125.99,148.778,-122.427
125.986,148.775,-122.427
126.342,148.276,-121.807
126.305,148.243,-121.77
126.301,148.24,-121.769
126.655,147.747,-121.144
126.617,147.713,-121.107
126.614,147.711,-121.106
126.965,147.223,-120.476
126.927,147.19,-120.439
126.924,147.187,-120.438
127.273,146.705,-119.802
127.235,146.672,-119.765
127.231,146.669,-119.764
127.578,146.193,-119.123
127.54,146.16,-119.085
127.536,146.157,-119.084
127.881,145.686,-118.438
127.843,145.653,-118.4
127.839,145.651,-118.399
128.182,145.186,-117.748
128.143,145.152,-117.71
128.139,145.15,-117.709
128.479,144.691,-117.052
128.44,144.658,-117.014
128.436,144.655,-117.013
128.775,144.202,-116.351
128.735,144.169,-116.313
128.731,144.167,-116.312
129.067,143.719,-115.645
129.027,143.686,-115.607
129.023,143.684,-115.606
129.357,143.243,-114.934
129.317,143.21,-114.895
129.313,143.207,-114.894
129.645,142.772,-114.218
129.604,142.739,-114.179
129.6,142.737,-114.178
129.93,142.308,-113.496
129.889,142.275,-113.457
129.885,142.272,-113.456
130.212,141.849,-112.77
130.171,141.817,-112.731
130.167,141.814,-112.73
130.492,141.397,-112.039
130.45,141.365,-111.999
130.446,141.362,-111.998
130.769,140.951,-111.303
130.726,140.919,-111.263
130.722,140.916,-111.262
131.043,140.512,-110.562
131.0,140.479,-110.522
130.996,140.477,-110.521
131.315,140.079,-109.816
131.272,140.046,-109.776
131.268,140.044,-109.775
131.584,139.652,-109.066
131.54,139.62,-109.026
131.536,139.617,-109.025
131.85,139.232,-108.311
131.806,139.2,-108.271
131.802,139.197,-108.27
132.113,138.818,-107.552
132.069,138.786,-107.511
132.065,138.783,-107.51
132.374,138.411,-106.788
132.33,138.379,-106.747
132.325,138.376,-106.746
132.632,138.01,-106.02
132.587,137.978,-105.979
132.583,137.975,-105.978
132.888,137.616,-105.248
132.842,137.584,-105.206
132.838,137.581,-105.205
133.14,137.228,-104.471
133.095,137.197,-104.429
133.09,137.194,-104.428
133.39,136.848,-103.69
133.344,136.816,-103.648
133.34,136.813,-103.647
133.637,136.474,-102.905
133.591,136.442,-102.863
133.586,136.439,-102.862
133.882,136.106,-102.116
133.835,136.075,-102.074
133.83,136.072,-102.073
134.123,135.746,-101.323
134.076,135.714,-101.281
134.071,135.712,-101.28
134.362,135.392,-100.526
134.314,135.361,-100.483
134.31,135.358,-100.482
134.598,135.045,-99.7249
134.549,135.014,-99.6824
134.545,135.011,-99.6814
134.831,134.705,-98.9203
134.782,134.674,-98.8777
134.778,134.672,-98.8766
135.061,134.372,-98.112
135.012,134.341,-98.0692
135.008,134.339,-98.0681
135.288,134.046,-97.3001
135.239,134.016,-97.2571
135.234,134.013,-97.256
135.513,133.727,-96.4846
135.463,133.697,-96.4414
135.459,133.694,-96.4403
135.734,133.415,-95.6655
135.684,133.385,-95.6222
135.68,133.382,-95.6211
135.953,133.111,-94.8431
135.903,133.08,-94.7996
135.898,133.077,-94.7985
136.169,132.813,-94.0173
136.118,132.782,-93.9737
136.114,132.78,-93.9725
136.382,132.522,-93.1883
136.331,132.492,-93.1444
136.326,132.489,-93.1433
136.592,132.239,-92.356
136.541,132.209,-92.312
136.536,132.206,-92.3109
136.799,131.963,-91.5205
136.747,131.933,-91.4764
136.743,131.93,-91.4752
137.003,131.694,-90.6819
136.951,131.664,-90.6376
136.947,131.662,-90.6365
137.205,131.433,-89.8402
137.152,131.404,-89.7958
137.148,131.401,-89.7947
137.404,131.18,-88.9956
137.351,131.15,-88.951
137.346,131.148,-88.9499
137.6,130.934,-88.1481
137.546,130.905,-88.1034
137.541,130.902,-88.1023
137.793,130.696,-87.2978
137.739,130.666,-87.253
137.734,130.664,-87.2518
137.983,130.465,-86.4448
137.929,130.436,-86.3998
137.924,130.433,-86.3987
138.171,130.242,-85.5892
138.116,130.213,-85.5441
138.112,130.21,-85.5429
138.356,130.026,-84.731
138.301,129.997,-84.6858
138.296,129.994,-84.6846
138.538,129.818,-83.8704
138.483,129.789,-83.825
138.478,129.787,-83.8239
138.718,129.618,-83.0074
138.662,129.589,-82.9619
138.657,129.586,-82.9607
138.895,129.425,-82.1421
138.839,129.396,-82.0964
138.834,129.394,-82.0953
139.069,129.24,-81.2745
139.013,129.211,-81.2287
139.008,129.209,-81.2276
139.241,129.062,-80.4048
139.184,129.034,-80.3589
139.179,129.031,-80.3577
139.409,128.892,-79.533
139.352,128.864,-79.487
139.347,128.862,-79.4858
139.575,128.73,-78.6592
139.517,128.702,-78.6131
139.512,128.7,-78.6119
139.738,128.576,-77.7836
139.68,128.548,-77.7373
139.675,128.546,-77.7361
139.899,128.429,-76.906
139.84,128.402,-76.8597
139.835,128.399,-76.8585
140.056,128.29,-76.0267
139.997,128.263,-75.9803
139.992,128.26,-75.9791
140.211,128.159,-75.1458
140.152,128.132,-75.0992
140.147,128.13,-75.098
140.363,128.036,-74.2632
140.304,128.009,-74.2166
140.299,128.006,-74.2153
140.513,127.921,-73.3791
140.453,127.894,-73.3324
140.448,127.891,-73.3311
140.659,127.813,-72.4936
140.599,127.786,-72.4467
140.594,127.783,-72.4455
140.803,127.713,-71.6066
140.742,127.686,-71.5597
140.737,127.684,-71.5585
140.944,127.621,-70.7184
140.883,127.595,-70.6714
140.878,127.592,-70.6702
141.083,127.537,-69.829
141.021,127.511,-69.7819
141.016,127.508,-69.7807
141.218,127.46,-68.9385
141.156,127.434,-68.8913
141.151,127.432,-68.89
141.351,127.392,-68.0469
141.289,127.366,-67.9996
141.284,127.363,-67.9983
141.481,127.331,-67.1543
141.419,127.306,-67.1069
141.413,127.303,-67.1057
141.609,127.279,-66.2608
141.546,127.253,-66.2134
141.54,127.251,-66.2121
141.733,127.234,-65.3665
141.67,127.209,-65.319
141.664,127.206,-65.3177
141.855,127.197,-64.4715
141.791,127.172,-64.4239
141.786,127.169,-64.4226
141.974,127.168,-63.5758
141.91,127.143,-63.5281
141.905,127.141,-63.5268
142.091,127.147,-62.6795
142.026,127.123,-62.6318
142.02,127.12,-62.6305
142.204,127.134,-61.7827
142.139,127.11,-61.7349
142.134,127.107,-61.7336
142.315,127.129,-60.8855
142.249,127.105,-60.8376
142.244,127.102,-60.8364
142.423,127.132,-59.9879
142.357,127.108,-59.94
142.352,127.105,-59.9388
142.528,127.143,-59.0901
142.462,127.119,-59.0422
142.457,127.116,-59.0409
142.631,127.162,-58.1921
142.564,127.138,-58.1441
142.559,127.135,-58.1428
142.731,127.188,-57.294
142.664,127.165,-57.2459
142.659,127.162,-57.2447
142.828,127.223,-56.3959
142.761,127.2,-56.3478
142.755,127.197,-56.3465
142.923,127.266,-55.4978
142.855,127.243,-55.4496
142.85,127.24,-55.4484
143.015,127.316,-54.5999
142.946,127.293,-54.5516
142.941,127.291,-54.5504
143.104,127.375,-53.7021
143.035,127.352,-53.6539
143.03,127.35,-53.6526
143.19,127.441,-52.8047
143.121,127.419,-52.7564
143.116,127.416,-52.7551
143.274,127.516,-51.9076
143.204,127.494,-51.8593
143.199,127.491,-51.858
143.355,127.598,-51.011
143.285,127.576,-50.9626
143.279,127.574,-50.9614
143.433,127.689,-50.1149
143.363,127.667,-50.0665
143.357,127.664,-50.0652
143.508,127.787,-49.2194
143.438,127.765,-49.171
143.433,127.763,-49.1697
143.581,127.893,-48.3246
143.511,127.872,-48.2762
143.505,127.869,-48.2749
143.652,128.008,-47.4306
143.58,127.986,-47.3821
143.575,127.984,-47.3809
143.719,128.13,-46.5374
143.648,128.109,-46.4889
143.642,128.106,-46.4877
143.784,128.26,-45.6451
143.712,128.239,-45.5967
143.707,128.236,-45.5954
143.847,128.398,-44.7538
143.774,128.377,-44.7054
143.769,128.375,-44.7041
143.906,128.544,-43.8636
143.834,128.524,-43.8152
143.828,128.521,-43.8139
143.963,128.698,-42.9746
143.89,128.678,-42.9262
143.885,128.675,-42.9249
144.018,128.86,-42.0868
143.944,128.84,-42.0384
143.939,128.837,-42.0371
144.07,129.029,-41.2004
143.996,129.01,-41.1519
143.99,129.007,-41.1507
144.119,129.207,-40.3153
144.045,129.187,-40.2669
144.039,129.185,-40.2656
144.165,129.392,-39.4317
144.091,129.373,-39.3833
144.085,129.37,-39.382
144.209,129.585,-38.5496
144.135,129.566,-38.5013
144.129,129.564,-38.5
144.251,129.787,-37.6692
144.176,129.768,-37.6209
144.17,129.765,-37.6196
144.29,129.995,-36.7905
144.214,129.977,-36.7422
144.208,129.974,-36.7409
144.326,130.212,-35.9136
144.25,130.194,-35.8653
144.244,130.191,-35.864
144.36,130.437,-35.0385
144.283,130.419,-34.9903
144.278,130.416,-34.989
144.391,130.669,-34.1654
144.314,130.651,-34.1172
144.309,130.648,-34.1159
144.42,130.909,-33.2943
144.343,130.891,-33.2461
144.337,130.889,-33.2448
144.446,131.157,-32.4253
144.369,131.139,-32.3771
144.363,131.137,-32.3759
144.47,131.413,-31.5584
144.392,131.395,-31.5103
144.386,131.393,-31.5091
144.491,131.676,-30.6938
144.413,131.659,-30.6458
144.407,131.656,-30.6445
144.51,131.947,-29.8315
144.431,131.93,-29.7836
144.425,131.927,-29.7823
144.526,132.225,-28.9717
144.447,132.209,-28.9237
144.441,132.206,-28.9225
144.54,132.512,-28.1143
144.46,132.495,-28.0664
144.455,132.493,-28.0651
144.551,132.806,-27.2594
144.471,132.79,-27.2116
144.466,132.787,-27.2104
144.56,133.107,-26.4072
144.48,133.091,-26.3595
144.474,133.089,-26.3582
144.566,133.416,-25.5577
144.486,133.401,-25.51
144.48,133.398,-25.5088
144.57,133.733,-24.7109
144.49,133.718,-24.6633
144.484,133.715,-24.6621
144.572,134.057,-23.867
144.491,134.042,-23.8195
144.485,134.04,-23.8183
144.571,134.389,-23.0261
144.49,134.374,-22.9786
144.484,134.372,-22.9774
144.568,134.728,-22.1881
144.486,134.714,-22.1407
144.481,134.711,-22.1395
144.563,135.075,-21.3532
144.481,135.061,-21.3059
144.475,135.058,-21.3047
144.555,135.429,-20.5215
144.472,135.415,-20.4743
144.467,135.412,-20.4731
144.545,135.791,-19.6929
144.462,135.777,-19.6459
144.456,135.774,-19.6446
144.532,136.16,-18.8677
144.449,136.146,-18.8207
144.443,136.144,-18.8195
144.517,136.536,-18.0459
144.434,136.523,-17.999
144.428,136.52,-17.9977
144.5,136.92,-17.2274
144.417,136.906,-17.1806
144.411,136.904,-17.1794
144.481,137.311,-16.4125
144.397,137.298,-16.3658
144.391,137.295,-16.3646
144.459,137.709,-15.6012
144.375,137.696,-15.5546
144.369,137.694,-15.5534
144.435,138.115,-14.7935
144.351,138.102,-14.7471
144.345,138.099,-14.7459
144.409,138.527,-13.9896
144.324,138.515,-13.9433
144.319,138.512,-13.942
144.381,138.947,-13.1899
144.295,138.935,-13.1436
144.29,138.932,-13.1425
144.351,139.374,-12.394
144.265,139.362,-12.3479
144.259,139.359,-12.3467
144.32,139.807,-11.6025
144.233,139.795,-11.5565
144.228,139.792,-11.5553
144.286,140.246,-10.8156
144.2,140.235,-10.7697
144.194,140.232,-10.7685
144.251,140.693,-10.0334
144.164,140.682,-9.98764
144.158,140.679,-9.98645
144.214,141.147,-9.25611
144.127,141.136,-9.21048
144.121,141.134,-9.20931
144.174,141.609,-8.48386
144.087,141.598,-8.43837
144.081,141.595,-8.43719
144.133,142.078,-7.71674
144.045,142.067,-7.67139
144.039,142.065,-7.6702
144.089,142.554,-6.95482
144.001,142.544,-6.90962
143.995,142.542,-6.90843
144.043,143.039,-6.19819
143.955,143.028,-6.15314
143.949,143.026,-6.15196
143.995,143.53,-5.44692
143.907,143.52,-5.40201
143.901,143.517,-5.40084
143.946,144.029,-4.70105
143.857,144.019,-4.65631
143.851,144.017,-4.65514
143.894,144.535,-3.96066
143.804,144.526,-3.91607
143.799,144.523,-3.91491
143.839,145.049,-3.22579
143.75,145.04,-3.18136
143.744,145.037,-3.1802
143.783,145.57,-2.4965
143.694,145.561,-2.45222
143.688,145.558,-2.45107
143.725,146.098,-1.77285
143.635,146.089,-1.72873
143.629,146.087,-1.72758
143.665,146.634,-1.05485
143.574,146.625,-1.0109
143.569,146.622,-1.00976
143.603,147.176,-0.342591
143.512,147.168,-0.298809
143.506,147.165,-0.297678
143.538,147.726,0.363871
143.447,147.718,0.407486
143.441,147.715,0.408606
143.472,148.283,1.06448
143.38,148.275,1.10792
143.375,148.272,1.10902
143.403,148.846,1.7592
143.311,148.838,1.80244
143.306,148.836,1.80354
143.332,149.417,2.44794
143.24,149.409,2.49099
143.235,149.407,2.49209
143.26,149.995,3.13064
143.168,149.987,3.1735
143.162,149.985,3.1746
143.185,150.579,3.80726
143.092,150.572,3.84991
143.087,150.569,3.85101
143.108,151.17,4.47771
143.015,151.163,4.52017
143.01,151.16,4.52126
143.029,151.768,5.14194
142.936,151.761,5.18421
142.931,151.758,5.18529
142.948,152.372,5.79989
142.855,152.365,5.84194
142.849,152.363,5.84303
142.865,152.983,6.45147
142.772,152.976,6.49333
142.766,152.974,6.4944
142.78,153.6,7.09663
142.686,153.594,7.13828
142.681,153.591,7.13935
142.693,154.224,7.73529
142.599,154.218,7.77674
142.593,154.215,7.77779
142.604,154.854,8.3674
142.51,154.848,8.40864
142.504,154.846,8.40969
142.513,155.49,8.99289
142.418,155.484,9.03391
142.413,155.482,9.03493
142.419,156.133,9.61169
142.325,156.127,9.65249
142.319,156.125,9.6535
142.324,156.781,10.2237
142.229,156.776,10.2643
142.224,156.774,10.2653
142.227,157.436,10.8289
142.132,157.431,10.8693
142.126,157.429,10.8703
142.128,158.097,11.4273
142.032,158.092,11.4674
142.027,158.089,11.4684
142.026,158.763,12.0186
141.93,158.758,12.0585
141.925,158.756,12.0595
141.923,159.436,12.603
141.827,159.431,12.6427
141.821,159.429,12.6436
141.817,160.114,13.1803
141.721,160.11,13.2197
141.716,160.107,13.2207
141.71,160.798,13.7504
141.614,160.794,13.7896
141.608,160.791,13.7906
141.601,161.488,14.3134
141.504,161.483,14.3523
141.499,161.481,14.3533
141.489,162.183,14.8691
141.392,162.179,14.9078
141.387,162.177,14.9087
141.376,162.883,15.4174
141.279,162.879,15.4559
141.273,162.877,15.4568
141.26,163.589,15.9584
141.163,163.586,15.9966
141.158,163.583,15.9975
141.143,164.3,16.4919
141.046,164.297,16.5299
141.04,164.295,16.5308
141.024,165.017,17.018
140.926,165.014,17.0556
140.921,165.012,17.0565
140.902,165.739,17.5364
140.805,165.735,17.5739
140.799,165.733,17.5747
140.779,166.465,18.0473
140.681,166.462,18.0845
140.676,166.46,18.0853
140.654,167.197,18.5505
140.556,167.194,18.5874
140.55,167.192,18.5883
140.526,167.934,19.046
140.428,167.931,19.0826
140.423,167.929,19.0835
140.397,168.675,19.5337
140.299,168.673,19.5701
140.293,168.671,19.5709
140.266,169.421,20.0136
140.167,169.419,20.0497
140.162,169.417,20.0505
140.133,170.172,20.4856
140.034,170.17,20.5214
140.029,170.168,20.5222
139.998,170.928,20.9496
139.899,170.926,20.9852
139.894,170.924,20.986
139.861,171.688,21.4057
139.762,171.686,21.441
139.757,171.684,21.4418
139.722,172.452,21.8538
139.623,172.45,21.8888
139.618,172.448,21.8896
139.581,173.221,22.2938
139.482,173.219,22.3285
139.477,173.217,22.3293
139.439,173.994,22.7257
139.339,173.992,22.7601
139.334,173.99,22.7608
139.294,174.771,23.1494
139.194,174.77,23.1835
139.189,174.768,23.1842
139.148,175.552,23.5648
139.048,175.551,23.5987
139.043,175.549,23.5994
138.999,176.337,23.9721
138.899,176.336,24.0056
138.894,176.334,24.0063
138.849,177.126,24.371
138.749,177.126,24.4042
138.744,177.123,24.4049
138.697,177.919,24.7616
138.597,177.919,24.7945
138.592,177.917,24.7952
138.543,178.716,25.1438
138.443,178.715,25.1764
138.438,178.713,25.1771
138.387,179.516,25.5175
138.287,179.516,25.5498
138.282,179.514,25.5506
138.23,180.32,25.8828
138.129,180.32,25.9148
138.124,180.318,25.9155
138.07,181.127,26.2396
137.97,181.127,26.2713
137.965,181.125,26.272
137.909,181.938,26.5879
137.808,181.938,26.6193
137.803,181.936,26.6199
137.746,182.752,26.9275
137.645,182.752,26.9586
137.64,182.75,26.9592
137.581,183.569,27.2586
137.48,183.569,27.2893
137.475,183.567,27.29
137.415,184.389,27.581
137.313,184.389,27.6114
137.309,184.387,27.612
137.246,185.212,27.8947
137.145,185.212,27.9248
137.14,185.21,27.9254
137.076,186.038,28.1997
136.975,186.038,28.2294
136.97,186.037,28.23
136.904,186.867,28.4959
136.803,186.867,28.5253
136.798,186.866,28.5259
136.731,187.698,28.7833
136.629,187.699,28.8124
136.624,187.697,28.813
136.555,188.533,29.0619
136.454,188.534,29.0907
136.449,188.532,29.0913
136.378,189.369,29.3317
136.276,189.37,29.3602
136.272,189.369,29.3608
136.2,190.209,29.5926
136.098,190.21,29.6208
136.093,190.208,29.6213
136.019,191.05,29.8446
135.917,191.051,29.8724
135.912,191.05,29.873
135.837,191.894,30.0877
135.735,191.895,30.1152
135.73,191.893,30.1157
135.653,192.74,30.3218
135.551,192.741,30.349
135.546,192.74,30.3495
135.468,193.588,30.5469
135.366,193.59,30.5738
135.361,193.588,30.5743
135.281,194.438,30.7631
135.178,194.44,30.7896
135.174,194.438,30.7901
135.092,195.29,30.9702
134.99,195.292,30.9964
134.985,195.29,30.9968
134.902,196.144,31.1683
134.799,196.146,31.1941
134.795,196.144,31.1946
134.71,196.999,31.3573
134.607,197.001,31.3827
134.603,196.999,31.3832
134.516,197.856,31.5372
134.414,197.858,31.5623
134.409,197.856,31.5628
134.321,198.715,31.708
134.218,198.717,31.7328
134.214,198.715,31.7332
134.124,199.575,31.8697
134.022,199.577,31.8941
134.017,199.575,31.8946
133.926,200.436,32.0223
133.824,200.438,32.0463
133.819,200.436,32.0468
133.726,201.299,32.1657
133.624,201.301,32.1894
133.619,201.299,32.1898
133.525,202.162,32.2999
133.422,202.164,32.3233
133.418,202.163,32.3237
133.322,203.027,32.4249
133.22,203.029,32.448
133.215,203.027,32.4483
133.118,203.892,32.5408
133.015,203.895,32.5635
133.011,203.893,32.5638
132.912,204.759,32.6474
132.81,204.761,32.6697
132.805,204.759,32.6701
132.705,205.626,32.7448
132.602,205.628,32.7668
132.598,205.627,32.7671
132.496,206.494,32.833
132.394,206.496,32.8546
132.389,206.494,32.855
132.286,207.362,32.912
132.184,207.365,32.9332
132.179,207.363,32.9336
132.075,208.231,32.9817
131.972,208.233,33.0026
131.968,208.232,33.0029
131.862,209.1,33.0422
131.759,209.102,33.0627
131.755,209.101,33.063
131.648,209.969,33.0934
131.545,209.972,33.1135
131.541,209.97,33.1138
131.432,210.839,33.1354
131.329,210.841,33.1551
131.325,210.84,33.1554
131.215,211.708,33.168
131.113,211.711,33.1875
131.108,211.709,33.1877
130.997,212.578,33.1915
130.894,212.581,33.2105
130.89,212.579,33.2108
130.777,213.447,33.2056
130.675,213.45,33.2243
130.671,213.448,33.2245
130.556,214.317,33.2105
130.454,214.319,33.2288
130.45,214.318,33.2291
130.334,215.185,33.2061
130.232,215.188,33.2241
130.227,215.186,33.2243
130.11,216.054,33.1925
130.008,216.057,33.21
130.004,216.055,33.2103
129.886,216.922,33.1695
129.783,216.925,33.1867
129.779,216.923,33.1869
129.66,217.789,33.1373
129.557,217.792,33.1541
129.553,217.79,33.1543
129.432,218.656,33.0957
129.33,218.658,33.1122
129.326,218.657,33.1123
129.204,219.521,33.0449
129.102,219.524,33.061
129.098,219.523,33.0611
128.974,220.386,32.9848
128.872,220.389,33.0005
128.869,220.387,33.0006
128.744,221.25,32.9155
128.642,221.253,32.9308
128.638,221.251,32.9309
128.512,222.113,32.8369
128.41,222.116,32.8518
128.406,222.114,32.8519
128.279,222.975,32.749
128.177,222.977,32.7635
128.174,222.976,32.7637
128.045,223.835,32.6519
127.943,223.838,32.6661
127.94,223.836,32.6662
127.81,224.694,32.5457
127.709,224.697,32.5594
127.705,224.695,32.5595
127.574,225.551,32.4302
127.473,225.554,32.4436
127.469,225.552,32.4437
127.337,226.407,32.3055
127.236,226.41,32.3186
127.232,226.408,32.3186
127.099,227.261,32.1717
126.998,227.264,32.1843
126.994,227.263,32.1844
126.86,228.114,32.0287
126.759,228.117,32.041
126.755,228.115,32.041
126.62,228.965,31.8766
126.519,228.967,31.8885
126.515,228.966,31.8885
126.379,229.813,31.7153
126.278,229.816,31.7269
126.274,229.814,31.7269
126.137,230.66,31.545
126.036,230.663,31.5562
126.033,230.661,31.5562
125.894,231.504,31.3656
125.793,231.507,31.3764
125.79,231.505,31.3764
125.65,232.347,31.1771
125.55,232.349,31.1875
125.546,232.348,31.1875
125.406,233.187,30.9796
125.305,233.189,30.9896
125.302,233.187,30.9896
125.16,234.024,30.7731
125.06,234.027,30.7827
125.057,234.025,30.7827
124.914,234.859,30.5576
124.814,234.861,30.5669
124.81,234.86,30.5668
124.667,235.691,30.3331
124.567,235.694,30.342
124.564,235.692,30.342
124.419,236.521,30.0997
124.319,236.523,30.1082
124.316,236.522,30.1082
124.17,237.348,29.8574
124.07,237.35,29.8655
124.067,237.349,29.8655
123.921,238.172,29.6062
123.821,238.174,29.6139
123.818,238.173,29.6139
123.671,238.993,29.3461
123.571,238.995,29.3535
123.568,238.994,29.3534
123.42,239.811,29.0773
123.32,239.813,29.0842
123.317,239.812,29.0842
123.168,240.626,28.7996
123.069,240.628,28.8062
123.066,240.626,28.8061
122.916,241.437,28.5131
122.817,241.439,28.5194
122.814,241.438,28.5193
122.663,242.246,28.218
122.564,242.248,28.2238
122.561,242.246,28.2237
122.409,243.05,27.9141
122.311,243.052,27.9196
122.308,243.051,27.9195
122.155,243.852,27.6016
122.057,243.853,27.6067
122.054,243.852,27.6065
121.9,244.649,27.2804
121.802,244.651,27.2851
121.799,244.649,27.285
121.645,245.443,26.9506
121.547,245.445,26.955
121.544,245.443,26.9549
121.389,246.233,26.6123
121.291,246.235,26.6163
121.288,246.233,26.6162
121.132,247.02,26.2655
121.035,247.021,26.2692
121.032,247.02,26.269
120.876,247.802,25.9102
120.778,247.803,25.9135
120.775,247.802,25.9133
120.618,248.58,25.5465
120.521,248.582,25.5494
120.518,248.58,25.5492
120.36,249.355,25.1743
120.263,249.356,25.1769
120.26,249.354,25.1767
120.102,250.124,24.7939
120.005,250.126,24.796
120.002,250.124,24.7958
119.843,250.89,24.4051
119.746,250.891,24.4069
119.744,250.89,24.4067
119.584,251.651,24.008
119.487,251.652,24.0094
119.485,251.651,24.0092
119.324,252.408,23.6027
119.228,252.409,23.6038
119.225,252.407,23.6036
119.064,253.16,23.1893
118.968,253.161,23.1899
118.966,253.159,23.1897
118.804,253.908,22.7677
118.708,253.908,22.768
118.706,253.907,22.7677
118.543,254.651,22.338
118.448,254.651,22.338
118.445,254.65,22.3377
118.282,255.389,21.9003
118.187,255.389,21.8999
118.185,255.387,21.8996
118.021,256.122,21.4546
117.926,256.122,21.4538
117.924,256.12,21.4535
117.76,256.85,21.001
117.665,256.85,20.9998
117.662,256.848,20.9995
117.498,257.573,20.5394
117.403,257.573,20.5379
117.401,257.571,20.5376
117.236,258.291,20.0701
117.142,258.291,20.0682
117.139,258.289,20.0679
116.974,259.004,19.593
116.88,259.003,19.5907
116.877,259.002,19.5904
116.711,259.711,19.1081
116.618,259.711,19.1055
116.615,259.709,19.1052
116.449,260.413,18.6156
116.355,260.412,18.6127
116.353,260.411,18.6123
116.186,261.11,18.1154
116.093,261.109,18.1122
116.091,261.107,18.1118
115.924,261.801,17.6077
115.831,261.8,17.6041
115.828,261.798,17.6038
115.661,262.486,17.0925
115.568,262.485,17.0885
115.566,262.484,17.0882
115.398,263.166,16.5699
115.305,263.165,16.5655
115.303,263.163,16.5652
115.135,263.84,16.0398
115.043,263.838,16.0351
115.041,263.837,16.0348
114.872,264.508,15.5024
114.78,264.506,15.4974
114.778,264.505,15.497
114.609,265.17,14.9578
114.517,265.169,14.9524
114.515,265.167,14.9521
114.346,265.826,14.4059
114.255,265.825,14.4002
114.253,265.823,14.3999
114.083,266.476,13.8469
113.992,266.475,13.8409
113.99,266.473,13.8405
113.821,267.121,13.2809
113.73,267.118,13.2745
113.728,267.117,13.2741
113.558,267.758,12.7078
113.467,267.756,12.7011
113.465,267.755,12.7006
113.295,268.39,12.1277
113.205,268.388,12.1207
113.203,268.386,12.1202
113.033,269.015,11.5407
112.943,269.013,11.5334
112.941,269.011,11.5329
112.77,269.634,10.947
112.681,269.631,10.9392
112.679,269.63,10.9388
112.508,270.246,10.3464
112.419,270.243,10.3384
112.417,270.242,10.3379
112.246,270.852,9.7392
112.157,270.849,9.73082
112.155,270.847,9.73038
111.984,271.451,9.12533
111.895,271.448,9.11664
111.894,271.446,9.1162
111.723,272.044,8.50492
111.634,272.04,8.49591
111.632,272.039,8.49546
111.461,272.629,7.878
111.373,272.626,7.86869
111.371,272.624,7.86823
111.2,273.208,7.24468
111.112,273.204,7.23505
111.111,273.203,7.23459
110.94,273.78,6.60502
110.852,273.776,6.59506
110.85,273.775,6.5946
110.679,274.345,5.95907
110.592,274.341,5.94881
110.59,274.34,5.94835
110.419,274.903,5.30692
110.332,274.899,5.29635
110.331,274.897,5.29588
110.159,275.454,4.64865
110.073,275.449,4.63778
110.071,275.448,4.63731
109.9,275.998,3.98431
109.814,275.993,3.97314
109.812,275.992,3.97266
109.641,276.534,3.31398
109.555,276.529,3.30251
109.554,276.528,3.30203
109.383,277.064,2.63774
109.297,277.059,2.62597
109.295,277.057,2.62549
109.124,277.586,1.95567
109.039,277.58,1.94361
109.038,277.579,1.94312
108.867,278.1,1.26785
108.782,278.095,1.25549
108.78,278.093,1.25498
108.61,278.608,0.574352
108.525,278.602,0.561695
108.524,278.6,0.561183
108.353,279.107,-0.124744
108.269,279.101,-0.1377
108.267,279.1,-0.13822
108.097,279.6,-0.829371
108.013,279.593,-0.842625
108.012,279.592,-0.843144
107.841,280.084,-1.53946
107.758,280.078,-1.553
107.756,280.076,-1.55351
107.586,280.561,-2.25491
107.503,280.554,-2.26874
107.502,280.553,-2.26926
107.332,281.03,-2.97565
107.249,281.023,-2.98976
107.248,281.022,-2.99028
107.078,281.492,-3.7016
106.995,281.484,-3.71598
106.994,281.483,-3.7165
106.825,281.945,-4.43267
106.743,281.938,-4.44733
106.741,281.936,-4.44786
106.572,282.391,-5.16879
106.491,282.383,-5.18373
106.489,282.382,-5.18427
106.321,282.829,-5.90988
106.239,282.821,-5.92509
106.238,282.82,-5.92563
106.069,283.259,-6.65585
105.988,283.25,-6.67133
105.987,283.249,-6.67187
105.819,283.68,-7.40662
105.738,283.672,-7.42237
105.737,283.671,-7.42292
105.569,284.094,-8.1621
105.489,284.086,-8.17811
105.488,284.084,-8.17867
105.32,284.5,-8.92222
105.24,284.491,-8.9385
105.239,284.49,-8.93905
105.072,284.897,-9.68688
104.992,284.888,-9.70343
104.991,284.887,-9.70398
104.825,285.287,-10.456
104.745,285.277,-10.4728
104.744,285.276,-10.4734
104.578,285.668,-11.2295
104.499,285.658,-11.2466
104.498,285.657,-11.2472
104.332,286.04,-12.0073
104.254,286.031,-12.0246
104.253,286.029,-12.0252
104.087,286.405,-12.7893
104.009,286.395,-12.8069
104.008,286.393,-12.8074
103.843,286.761,-13.5754
103.765,286.751,-13.5932
103.764,286.749,-13.5938
103.6,287.108,-14.3656
103.522,287.098,-14.3836
103.522,287.097,-14.3842
103.358,287.448,-15.1597
103.281,287.437,-15.1779
103.28,287.436,-15.1785
103.117,287.778,-15.9576
103.04,287.767,-15.9761
103.039,287.766,-15.9767
102.876,288.1,-16.7593
102.8,288.089,-16.7781
102.799,288.088,-16.7787
102.637,288.414,-17.5647
102.561,288.402,-17.5837
102.56,288.401,-17.5843
102.398,288.719,-18.3737
102.322,288.707,-18.3929
102.322,288.706,-18.3935
102.161,289.015,-19.1862
102.085,289.003,-19.2056
102.085,289.002,-19.2062
101.924,289.303,-20.002
101.849,289.291,-20.0217
101.848,289.289,-20.0223
101.689,289.582,-20.8212
101.614,289.569,-20.8411
101.614,289.568,-20.8417
101.455,289.852,-21.6437
101.38,289.839,-21.6637
101.38,289.838,-21.6643
101.221,290.114,-22.4692
101.147,290.101,-22.4895
101.147,290.099,-22.4901
100.989,290.366,-23.2978
100.916,290.353,-23.3183
100.915,290.352,-23.3189
100.758,290.61,-24.1294
100.685,290.597,-24.15
100.684,290.595,-24.1506
100.528,290.845,-24.9638
100.456,290.831,-24.9846
100.455,290.83,-24.9852
100.3,291.072,-25.8009
100.227,291.057,-25.822
100.226,291.056,-25.8226
100.072,291.289,-26.6408
99.9999,291.274,-26.662
99.9992,291.273,-26.6626
99.8455,291.497,-27.4832
99.7739,291.482,-27.5046
99.7731,291.481,-27.5052
99.6202,291.696,-28.3281
99.549,291.681,-28.3497
99.5483,291.68,-28.3503
99.3962,291.887,-29.1754
99.3254,291.871,-29.1972
99.3247,291.87,-29.1978
99.1734,292.068,-30.025
99.103,292.052,-30.0469
99.1023,292.051,-30.0476
98.9519,292.24,-30.8768
98.8819,292.224,-30.8989
98.8812,292.223,-30.8995
98.7317,292.403,-31.7307
98.662,292.387,-31.753
98.6614,292.386,-31.7536
98.5127,292.558,-32.5866
98.4434,292.541,-32.6091
98.4428,292.54,-32.6097
98.2951,292.703,-33.4445
98.2262,292.686,-33.4671
98.2255,292.685,-33.4677
98.0787,292.839,-34.3041
98.0102,292.822,-34.3269
98.0096,292.821,-34.3275
97.8637,292.966,-35.1655
97.7956,292.948,-35.1884
97.795,292.947,-35.1891
97.6501,293.083,-36.0285
97.5823,293.066,-36.0516
97.5818,293.065,-36.0522
97.4378,293.192,-36.8931
97.3705,293.174,-36.9163
97.3699,293.173,-36.917
97.2269,293.291,-37.7591
97.16,293.273,-37.7825
97.1594,293.272,-37.7831
97.0175,293.382,-38.6264
96.9509,293.363,-38.6499
96.9503,293.362,-38.6506
96.8094,293.463,-39.495
96.7432,293.444,-39.5187
96.7427,293.443,-39.5193
96.6028,293.535,-40.3648
96.537,293.516,-40.3885
96.5365,293.515,-40.3892
96.3976,293.597,-41.2356
96.3322,293.578,-41.2595
96.3317,293.577,-41.2601
96.1939,293.651,-42.1073
96.1289,293.631,-42.1313
96.1284,293.63,-42.132
95.9917,293.695,-42.9799
95.9271,293.675,-43.0041
95.9266,293.674,-43.0047
95.791,293.73,-43.8533
95.7267,293.71,-43.8776
95.7262,293.709,-43.8782
95.5918,293.756,-44.7274
95.5279,293.736,-44.7518
95.5274,293.735,-44.7524
95.3941,293.773,-45.602
95.3306,293.752,-45.6265
95.3302,293.751,-45.6271
95.1979,293.78,-46.4771
95.1349,293.759,-46.5017
95.1344,293.758,-46.5023
95.0033,293.778,-47.3526
94.9406,293.757,-47.3772
94.9402,293.756,-47.3779
94.8103,293.767,-48.2283
94.748,293.746,-48.2531
94.7475,293.745,-48.2537
94.6188,293.747,-49.1042
94.5569,293.725,-49.1291
94.5565,293.724,-49.1298
94.4289,293.717,-49.9802
94.3674,293.695,-50.0052
94.367,293.694,-50.0059
94.2407,293.679,-50.8562
94.1796,293.656,-50.8813
94.1792,293.655,-50.882
94.054,293.631,-51.7321
93.9933,293.608,-51.7573
93.9929,293.607,-51.7579
93.869,293.573,-52.6078
93.8087,293.551,-52.633
93.8083,293.55,-52.6337
93.6856,293.507,-53.4832
93.6257,293.484,-53.5085
93.6253,293.483,-53.5091
93.5039,293.431,-54.3581
93.4444,293.408,-54.3835
93.444,293.407,-54.3842
