4.21058,-1.98385,1.21477
4.92026,-2.08716,1.74141
4.23015,-1.48273,2.02701
3.96878,-2.4187,2.25746
4.66647,-1.96643,2.51843
3.73038,-1.56076,2.79652
3.98146,-2.40694,2.99475
3.98259,-1.68984,3.08888
3.39389,-2.12281,3.22926
3.92216,-2.32833,3.01055
3.9834,-2.05146,2.78676
3.77097,-2.07584,2.39664
3.9548,-2.239,1.93189
3.83408,-1.65982,1.60553
3.11454,-1.91992,1.34509
3.79893,-2.12429,0.660031
3.58095,-1.42713,0.17617
3.09991,-2.15684,-0.278151
3.70956,-2.03006,-0.851618
3.16353,-1.62073,-1.08328
3.52263,-2.15814,-1.42716
3.97149,-1.63981,-1.43446
3.20869,-1.76891,-1.51924
3.73474,-2.14188,-1.84594
3.98399,-1.5345,-1.98724
3.44315,-1.80812,-2.11485
3.7458,-2.05184,-1.97019
3.75444,-1.65801,-1.76533
3.59173,-1.93091,-1.61711
3.89464,-2.02465,-1.4998
3.99597,-1.51842,-1.51092
3.74352,-1.65406,-1.4251
4.1853,-1.95181,-1.56273
4.04791,-1.25072,-1.55712
3.43325,-2.0341,-1.77583
4.61763,-2.18331,-1.54358
4.10674,-1.07547,-1.73556
3.56338,-2.07807,-2.03361
4.7285,-1.89803,-1.79167
3.89311,-1.19894,-1.89733
3.72799,-2.195,-1.91853
4.33476,-1.63939,-1.49525
3.42913,-1.65682,-1.35609
3.65817,-2.43509,-1.38852
4.10284,-2.17378,-0.997315
3.65722,-1.74158,-0.866794
3.36844,-2.33532,-1.10034
4.21297,-2.21987,-0.945463
3.78217,-1.29383,-1.10292
3.32711,-2.24519,-1.65923
4.26855,-1.68808,-1.24639
3.56885,-1.3294,-1.69278
3.90761,-2.14356,-2.20461
4.47375,-1.40719,-2.01236
3.80327,-1.03615,-2.57604
4.33596,-1.8019,-3.04274
4.92568,-0.970792,-2.71281
4.02863,-0.819665,-2.96184
4.43376,-1.58242,-3.47223
4.90399,-1.09558,-3.42402
4.46362,-0.934293,-3.64614
4.48924,-1.21825,-3.98544
4.99033,-1.28147,-3.92708
5.0053,-0.781143,-3.78742
4.60587,-0.844006,-3.97506
4.84453,-1.10972,-4.22703
5.01404,-0.828081,-4.18027
4.65107,-0.495574,-3.95148
4.70174,-0.750069,-4.19219
4.82257,-0.783342,-4.11716
4.4854,-0.77389,-4.34115
4.93968,-0.933004,-4.58143
4.67944,-0.25689,-4.39746
4.12441,-0.918957,-5.00043
5.11709,-0.937321,-5.43489
4.73044,0.114815,-5.52638
4.24607,-0.549181,-6.04868
5.17251,-0.719406,-6.01801
4.59881,-0.056864,-5.66572
4.08164,-0.671692,-6.1771
4.66994,-1.06197,-6.3833
5.15975,-0.564654,-6.36242
4.77974,-0.0564574,-6.56261
4.36674,-0.20982,-6.77885
4.64391,-0.680545,-7.01966
4.99029,-0.10733,-7.3879
4.25132,-0.235803,-7.70548
4.6894,-1.00321,-7.99909
5.51286,-0.331427,-8.02005
4.58483,-0.129821,-8.01697
4.88541,-0.981986,-8.2056
5.65475,-0.273558,-8.17725
4.88893,0.111107,-8.46916
5.20367,-0.543315,-8.94956
5.69488,0.211031,-8.97223
4.69395,0.578657,-9.2434
5.20585,-0.296618,-9.91501
5.69614,0.758023,-9.94054
4.67069,0.372222,-10.2086
5.43872,-0.144287,-10.4125
5.50654,0.773835,-10.4327
4.57392,0.647805,-10.6085
4.91055,0.0627,-11.0957
5.26792,0.58661,-11.4895
4.65138,0.78772,-11.7336
4.64622,0.354225,-12.0117
5.09071,0.410669,-12.3154
5.16866,0.797724,-12.6851
4.76768,0.709332,-12.9684
4.87634,0.454694,-13.3232
5.15959,0.347933,-13.6268
5.31471,0.67922,-13.7777
5.05538,0.874229,-13.8132
4.83235,0.716841,-13.9755
5.03874,0.498994,-14.1277
5.09565,0.851064,-14.2854
4.81129,0.780065,-14.4438
4.95006,0.643077,-14.494
4.89623,0.823694,-14.5119
4.76218,0.70003,-14.5575
4.98286,0.669689,-14.5768
4.95795,0.926651,-14.5708
4.76725,0.805918,-14.6051
4.98066,0.810545,-14.7477
4.89609,1.0261,-14.85
4.75605,0.868297,-14.9892
5.00299,0.853917,-15.127
4.91461,1.09981,-15.2359
4.7449,0.930103,-15.386
4.98429,0.87704,-15.5275
4.99711,1.08215,-15.7242
4.81958,1.03054,-15.9404
4.95995,0.944199,-16.1723
5.01713,1.22374,-16.2616
4.74118,1.19594,-16.3698
4.85535,1.02175,-16.4362
5.02634,1.1793,-16.4048
4.65179,1.31267,-16.2097
4.73794,0.95956,-16.0068
4.96558,1.06329,-15.8067
5.00679,1.07299,-15.5241
5.07524,1.04992,-15.2297
5.16867,1.11204,-14.8521
5.19947,1.06242,-14.5314
5.2899,1.12739,-14.2826
5.34017,1.22386,-14.0271
5.27005,1.22168,-13.7868
5.27735,1.20552,-13.5962
5.34916,1.24958,-13.3337
5.28672,1.35549,-13.0281
5.36485,1.35738,-12.6551
5.2995,1.43811,-12.2551
5.5685,1.43011,-11.9345
5.51195,1.70749,-11.6228
5.66394,1.56428,-11.2731
5.72954,1.85576,-11.0263
5.65541,1.67127,-10.7428
5.97002,1.79434,-10.6079
5.73836,1.90705,-10.4181
5.89227,1.71082,-10.1823
6.10352,2.03247,-10.2473
5.72505,2.02742,-10.059
5.99558,1.98518,-9.88749
6.08118,2.39934,-9.80114
5.7821,2.13456,-9.78329
6.26186,2.09824,-9.80261
6.02203,2.44374,-9.87713
5.86186,1.99827,-9.86809
6.25984,2.21416,-10.1817
5.86116,2.48375,-10.3459
5.99889,2.02857,-10.4083
6.11328,2.12895,-10.5803
5.99297,2.17111,-10.7929
5.94288,1.95455,-10.7892
6.19564,2.14108,-10.7184
5.92989,2.22802,-10.6954
6.13138,2.02847,-10.534
5.74905,2.51373,-10.5724
5.47789,1.96394,-10.4417
5.71125,1.92682,-10.4782
5.61267,2.13783,-10.3226
5.34109,2.14025,-9.90244
5.58882,2.34712,-9.52115
5.18391,2.66908,-9.13305
5.33244,2.52236,-8.52923
5.46608,3.17233,-8.27157
5.02426,3.05834,-7.98808
5.5006,3.01617,-7.6837
5.26363,3.50689,-7.52661
4.97901,3.08764,-7.02302
5.59744,3.47511,-6.93657
4.67655,3.37423,-6.71652
5.41814,3.21053,-6.74123
5.01811,3.78233,-6.78826
5.12768,3.48107,-6.68398
5.29402,3.78945,-6.7613
5.22771,3.41515,-6.92944
5.67594,3.63923,-7.35565
5.29934,3.64691,-7.64008
5.42467,3.42562,-7.64967
5.52073,3.63235,-7.66222
5.22366,3.46193,-7.63976
5.42192,3.37271,-7.64741
5.31866,3.45424,-7.74992
5.39019,3.44517,-7.85273
5.24899,3.3968,-7.66648
5.47832,3.4001,-7.41814
5.29619,3.72784,-7.30021
5.14922,3.47237,-6.97001
5.46189,3.67143,-6.73732
5.17313,3.84658,-6.55908
5.27742,3.61093,-6.27021
5.36666,3.85985,-6.13874
5.16702,3.8155,-5.9985
5.36329,3.86432,-5.84036
5.39951,3.95916,-5.78808
5.07751,4.10079,-5.8363
5.07807,4.01404,-5.8317
5.19375,4.08523,-5.58761
5.19226,4.26619,-5.61366
4.96148,4.05503,-5.62376
5.2397,4.0359,-5.51093
5.08917,4.25163,-5.39033
5.11902,4.01469,-5.22974
5.25126,4.26413,-5.16803
4.97341,4.04232,-5.01321
5.31194,4.17241,-4.90978
4.99562,4.35371,-4.94163
5.12072,4.01516,-4.88097
5.22666,4.22038,-4.85805
5.04693,4.13719,-4.72911
5.25368,4.0179,-4.69998
5.23685,4.36795,-4.72551
5.04305,4.3134,-4.62038
5.1132,4.28996,-4.53692
5.13137,4.47857,-4.53439
4.92023,4.15175,-4.40371
5.32143,4.38892,-4.33281
5.03254,4.50513,-4.37608
4.96183,4.2842,-4.31835
5.48039,4.32958,-4.5028
4.76828,4.567,-4.77886
5.06613,3.96701,-4.69437
5.48032,4.53033,-4.87157
4.93404,4.51102,-4.69096
5.35488,4.24572,-4.4924
5.15716,4.46338,-4.48621
4.97918,4.22017,-4.44599
5.24108,4.23662,-4.17474
5.24021,4.66518,-4.09732
5.49729,4.54163,-3.85537
5.78392,5.15819,-3.95902
5.31217,4.83221,-3.59491
6.13584,4.83043,-3.43763
5.76499,5.27292,-3.60446
5.60602,4.63149,-3.05038
6.13069,5.26874,-3.06784
5.58528,5.52777,-2.41223
5.95707,5.42547,-1.84866
5.95132,6.01852,-1.5784
5.90653,5.92781,-1.19455
6.04575,6.00805,-0.944605
5.90013,6.20619,-0.783534
6.12219,5.99827,-0.343719
6.21425,6.40744,-0.00814644
6.07951,6.49785,0.537574
6.34361,6.60775,0.98053
6.44046,6.68393,1.21328
6.63171,7.23109,1.48224
6.54624,7.55815,1.64228
6.59008,7.76712,1.85465
6.62251,7.7693,2.06343
6.56035,7.89928,2.27215
6.54112,7.88454,2.70318
7.01321,8.13443,2.84841
6.64373,8.43052,2.91165
6.67377,8.15961,3.12943
6.78992,8.43357,3.11197
6.61814,8.37557,3.30893
6.86957,8.54683,3.38861
6.80324,8.63232,3.80626
6.91495,8.69839,4.079
7.04833,8.97925,4.17965
6.99418,9.02149,4.39814
7.16177,9.28216,4.53126
7.06539,9.70544,4.84419
7.12616,9.62891,5.40273
7.34714,9.93331,5.47068
7.12944,10.0512,5.71584
7.29612,9.9755,6.03152
7.43331,10.3487,5.98834
7.19084,10.4456,6.46783
7.30541,10.8039,6.75784
7.07149,10.9274,6.98399
7.18622,11.0924,7.12711
7.02869,11.4768,7.17866
6.95749,11.4063,7.42777
6.92678,11.7445,7.56911
6.57268,11.808,7.8272
6.68513,11.9621,8.19483
6.27137,12.0932,8.26202
6.50064,12.1369,8.73193
6.27562,12.5928,8.79439
6.07308,12.765,9.29921
5.91081,13.1372,9.6809
5.91177,13.4399,10.1398
5.64049,13.9437,10.5202
5.5469,14.0299,11.2198
5.58631,14.625,11.6129
5.21733,14.7099,12.3063
5.47364,15.0098,12.9498
5.22649,15.4091,13.3621
5.23431,15.5149,14.0038
5.3245,15.9874,14.425
5.06873,16.2121,14.9663
5.32483,16.3479,15.5014
5.08663,16.8551,15.7982
5.06856,16.7921,16.4398
5.21647,17.2735,16.6569
4.87274,17.3896,17.1385
5.11053,17.4969,17.6357
5.00216,17.958,18.058
5.01185,18.2242,18.7385
5.03023,18.7177,19.2787
4.97808,19.0976,19.7759
4.91753,19.4584,20.4263
4.87047,19.5539,20.9617
4.7756,19.9071,21.3238
4.62895,20.0089,21.9642
4.82928,20.2331,22.364
4.61645,20.3702,22.5365
4.40187,20.625,22.9376
4.63977,20.9183,23.36
4.59036,21.7244,23.4772
4.33046,21.8186,24.1093
4.66763,22.3025,24.3419
4.40653,22.7547,24.4158
4.36408,22.6469,24.886
4.80159,22.9691,24.9305
4.38702,23.2481,25.0418
4.675,22.9998,25.5214
4.93007,23.4146,25.3302
4.52512,23.5304,25.4134
4.86781,23.5562,25.5764
4.62428,23.9666,25.3736
4.56751,23.8449,25.7631
4.87775,24.3634,25.7017
4.83207,24.5448,26.3356
4.92588,24.9882,26.6662
4.84005,25.2998,27.0486
5.14736,25.3154,27.2714
5.14968,25.7967,27.3183
5.02503,26.0734,27.7091
5.30933,26.3789,27.9894
5.35868,26.9409,27.9683
5.23412,27.1962,28.4964
5.80425,27.4113,28.6114
5.49986,28.0473,28.7308
5.66588,28.1076,29.4256
6.00809,28.7497,29.4045
5.88958,29.1567,29.8066
6.21367,29.4444,30.1835
6.28567,30.0355,30.4548
6.45868,30.2995,30.9325
6.52702,30.7889,31.188
6.46633,31.0124,31.5908
6.57953,31.2352,31.7971
6.81249,31.5811,32.0864
6.67294,31.9376,32.287
7.00857,32.0542,32.5226
6.8387,32.4037,32.4639
7.06816,32.4308,32.7946
7.08263,32.757,32.601
6.88057,32.9023,32.8583
7.2125,33.1981,33.0189
7.2404,33.5264,33.2149
7.29692,33.8922,33.457
7.3387,34.3079,33.6186
7.38078,34.396,34.0035
7.57849,34.6175,34.022
7.20513,34.9168,34.1103
7.52308,34.8417,34.4361
7.487,35.2316,34.2931
7.46713,35.1499,34.7232
7.69214,35.411,34.6289
7.46648,35.5202,34.8547
7.82743,35.5869,34.9051
7.58737,35.8686,34.8868
7.76351,35.7951,35.2044
7.83465,36.1091,35.0209
7.6677,36.121,35.3515
8.00963,36.2579,35.3112
7.72644,36.4848,35.386
7.99476,36.434,35.6364
7.95266,36.7643,35.4738
7.88561,36.7258,35.8361
8.17131,36.9318,35.721
7.8836,37.0919,35.8909
8.21582,37.0854,36.0548
8.06986,37.4073,35.9438
8.1151,37.3387,36.3051
8.31419,37.6042,36.1402
8.06111,37.6936,36.3956
8.4212,37.7475,36.4642
8.19333,38.0376,36.4294
8.34964,37.9626,36.7569
8.44223,38.2708,36.5732
8.25874,38.294,36.8943
8.60728,38.4174,36.8703
8.32941,38.6559,36.9269
8.58209,38.599,37.1918
8.56121,38.9281,37.0228
8.47382,38.8978,37.3815
8.77281,39.0911,37.279
8.4829,39.2645,37.4312
8.80556,39.2481,37.6125
8.67801,39.5735,37.4896
8.70158,39.5089,37.8537
8.91902,39.7641,37.696
8.74581,39.9164,37.9635
9.10073,39.9534,38.0632
8.89137,40.2539,38.007
9.0145,40.1744,38.3473
9.11126,40.505,38.2691
8.89483,40.5504,38.5664
9.25099,40.6518,38.5788
9.05371,40.929,38.6735
9.25603,40.9719,38.9598
9.29672,41.2939,38.781
9.22188,41.3638,39.119
9.4974,41.5844,39.1316
9.29043,41.8303,39.2779
9.53444,41.8835,39.5276
9.51192,42.2315,39.4719
9.48109,42.2826,39.82
9.7871,42.4736,39.7353
9.49223,42.6483,39.876
9.8054,42.6248,40.0727
9.68804,42.9538,39.949
9.69295,42.8831,40.3127
9.87509,43.1802,40.2553
9.59983,43.2934,40.476
9.95183,43.3247,40.5873
9.75097,43.6285,40.5194
9.86066,43.5519,40.8649
9.99642,43.8481,40.6883
9.77741,43.8924,40.9839
10.1341,43.9911,41.0007
9.869,44.2494,41.0182
10.083,44.1827,41.3132
10.1061,44.5077,41.1368
9.97387,44.4931,41.4826
10.296,44.6628,41.414
10.0028,44.8596,41.5262
10.299,44.8262,41.7461
10.2107,45.1561,41.6025
10.1852,45.0999,41.9678
10.4377,45.3354,41.8333
10.2445,45.5063,42.0746
10.5864,45.5218,42.2165
10.4072,45.8342,42.1295
10.4822,45.7558,42.4837
10.6471,46.0434,42.3184
10.4053,46.1009,42.5931
10.7634,46.1827,42.641
10.5105,46.4534,42.6336
10.6942,46.3794,42.9468
10.7484,46.7013,42.7714
10.5857,46.6963,43.1043
10.9204,46.8498,43.0636
10.6282,47.0613,43.1483
10.902,47.016,43.3938
10.8426,47.3484,43.2412
10.7824,47.2969,43.6031
11.003,47.5701,43.5655
10.7107,47.7227,43.7344
11.0023,47.8208,43.9078
10.8619,48.1439,43.7928
10.8991,48.0761,44.1551
11.1042,48.3389,43.9935
10.9356,48.4835,44.2681
11.2416,48.6186,44.3814
11.0857,48.9333,44.4191
11.2022,48.8572,44.7625
11.3032,49.1858,44.6817
11.0821,49.237,44.9746
11.3815,49.416,45.0295
11.1922,49.7032,45.1093
11.3866,49.7472,45.4008
11.4456,50.0618,45.2141
11.3626,50.1448,45.5471
11.7038,50.2842,45.5099
11.4974,50.5339,45.6502
11.7361,50.5882,45.9035
11.7264,50.9319,45.8549
11.6933,51.0355,46.1696
11.9548,51.2213,46.1659
11.7773,51.4467,46.2637
11.9859,51.4956,46.478
11.929,51.7912,46.443
11.9684,51.8177,46.7422
12.0985,52.0853,46.685
11.9679,52.1849,46.9396
12.2192,52.3479,46.9855
12.039,52.564,47.0979
12.259,52.6205,47.2985
12.1851,52.9132,47.2728
12.2438,52.9374,47.569
12.356,53.2121,47.5079
12.2386,53.3012,47.7726
12.4839,53.4762,47.8041
12.3014,53.6811,47.9325
12.5316,53.7459,48.1185
12.4415,54.0348,48.1032
12.5192,54.0576,48.3951
12.6131,54.3386,48.3315
12.5099,54.4177,48.6051
12.7478,54.6045,48.623
12.5645,54.7979,48.7672
12.8035,54.8717,48.9382
12.6982,55.1558,48.9343
12.7947,55.1783,49.2206
12.8698,55.4646,49.1557
12.7819,55.5344,49.4372
13.0108,55.7329,49.4421
12.8285,55.9145,49.6019
13.0747,55.9979,49.7575
12.9554,56.2762,49.7659
13.07,56.2995,50.045
13.1259,56.5873,49.9806
13.0548,56.6446,50.2501
13.2287,56.7891,50.2447
13.1092,56.8831,50.3188
13.2383,56.8929,50.403
13.1853,57.0315,50.3688
13.2064,57.016,50.5185
13.279,57.1382,50.4648
13.1879,57.1746,50.5808
13.33,57.2225,50.605
13.2302,57.3362,50.6192
13.3179,57.324,50.7426
13.3214,57.4649,50.6861
13.2839,57.4654,50.8333
13.4019,57.5571,50.8061
13.2904,57.6305,50.8786
13.4226,57.6445,50.9521
13.3605,57.7802,50.9241
13.3927,57.7636,51.0716
13.4551,57.8901,51.0154
13.3706,57.9201,51.138
13.5114,57.9749,51.1533
13.4072,58.083,51.1764
13.5039,58.0735,51.2932
13.4962,58.2153,51.2392
13.4692,58.2116,51.3887
13.5802,58.3097,51.3551
13.4704,58.3762,51.4364
13.6066,58.3958,51.5009
13.5358,58.5286,51.4797
13.579,58.5115,51.6243
13.6309,58.6419,51.5663
13.5538,58.6655,51.695
13.6923,58.7274,51.7015
13.5847,58.8296,51.7338
13.6896,58.8234,51.8434
13.671,58.9654,51.7927
13.6547,58.958,51.9436
13.758,59.0622,51.9042
13.651,59.1217,51.9942
13.7901,59.1474,52.0494
13.7114,59.2766,52.0357
13.7654,59.2596,52.1766
13.8064,59.3934,52.1176
13.7374,59.4111,52.2517
13.8727,59.48,52.2498
13.7626,59.5759,52.2913
13.8751,59.5735,52.3933
13.8458,59.7151,52.3467
13.8405,59.7047,52.4981
13.9353,59.8147,52.4537
13.832,59.8672,52.5519
13.9732,59.8993,52.5979
13.8872,60.0244,52.592
13.9518,60.0081,52.7285
13.9817,60.1447,52.6693
13.9214,60.1568,52.8081
14.0527,60.2324,52.7983
13.9409,60.3227,52.8477
14.0551,60.3186,52.9486
14.05,60.4622,52.8795
13.9807,60.4477,53.0381
14.136,60.5254,52.9972
13.9853,60.6016,53.0571
14.1445,60.5878,53.1384
14.0597,60.735,53.081
14.0991,60.6859,53.2489
14.1615,60.8251,53.1546
14.0586,60.8255,53.3016
14.1905,60.9182,53.2515
14.0776,60.9962,53.3168
14.2037,61.0056,53.401
14.1504,61.1445,53.37
14.1692,61.1275,53.5198
14.2424,61.2514,53.4713
14.1492,61.2868,53.5858
14.3049,61.3287,53.569
14.2036,61.44,53.589
14.2914,61.426,53.7122
14.2931,61.5695,53.6623
14.2549,61.5653,53.8092
14.372,61.6597,53.7879
14.2598,61.7308,53.8615
14.3899,61.7437,53.9388
14.3291,61.8808,53.9148
14.357,61.8608,54.0628
14.4105,61.9782,54.0028
14.3227,62.007,54.1234
14.4627,62.0615,54.146
14.3596,62.1709,54.1675
14.4502,62.1594,54.2888
14.4196,62.3088,54.2166
14.4032,62.271,54.3802
14.5094,62.3838,54.3132
14.3833,62.4159,54.4207
14.5479,62.4409,54.4485
14.4277,62.5592,54.4435
14.5234,62.5187,54.5764
14.5198,62.6674,54.4968
14.4769,62.6383,54.6574
14.593,62.6976,54.632
14.45,62.76,54.6328
14.5704,62.7148,54.7212
14.514,62.8283,54.6302
14.5333,62.8933,54.7865
14.5488,63.0356,54.697
14.4825,63.0207,54.8515
14.6201,63.1087,54.8093
14.4761,63.1514,54.8702
14.6286,63.1469,54.9225
14.6134,63.2979,54.9317
14.6187,63.3498,55.0744
14.6854,63.4859,55.0859
14.624,63.5734,55.1939
14.7258,63.6619,55.2639
14.6696,63.7972,55.304
14.7272,63.8494,55.4345
14.7433,64.0005,55.4364
14.7183,64.0614,55.5734
14.8068,64.1815,55.6022
14.7375,64.288,55.6855
14.8314,64.3592,55.7814
14.797,64.5059,55.8008
14.8243,64.5555,55.9418
14.8717,64.6998,55.9461
14.8221,64.7752,56.0683
14.9225,64.8767,56.1205
14.857,65.0014,56.1776
14.9323,65.0593,56.2961
14.9266,65.211,56.302
14.9221,65.2651,56.444
14.9965,65.3966,56.46
14.9314,65.49,56.5607
15.032,65.5727,56.639
14.9816,65.7122,56.6719
15.0302,65.7629,56.8067
15.0563,65.9125,56.8083
15.0229,65.9775,56.9415
15.1162,66.0919,56.9771
15.0468,66.2043,57.0523
15.136,66.2708,57.1558
15.11,66.4198,57.17
15.1273,66.4701,57.3124
15.1838,66.611,57.3194
15.1283,66.6917,57.4355
15.23,66.7872,57.4957
15.1681,66.917,57.5449
15.2358,66.9719,57.6693
15.2399,67.1238,57.6728
15.2258,67.1806,57.813
15.3072,67.3071,57.8345
15.2395,67.4065,57.9275
15.3377,67.4838,58.0139
15.2941,67.6269,58.0403
15.3332,67.6767,58.1784
15.3691,67.8243,58.1807
15.3279,67.8937,58.3094
15.4251,68.0023,58.3523
15.3568,68.1204,58.4191
15.4402,68.1827,58.5298
15.4231,68.3334,58.5397
15.4305,68.3849,58.6825
15.4955,68.5219,58.6931
15.435,68.6083,58.8025
15.5369,68.6979,58.8709
15.4796,68.8324,58.9124
15.539,68.8849,59.0421
15.5531,69.0362,59.0441
15.5299,69.0964,59.1817
15.6173,69.2176,59.2092
15.5481,69.3229,59.2942
15.6428,69.395,59.3885
15.6068,69.5412,59.409
15.6361,69.5908,59.5496
15.6816,69.7357,59.5535
15.6334,69.8101,59.6769
15.7333,69.9127,59.7275
15.6672,70.0364,59.7862
15.744,70.095,59.9035
15.7364,70.2466,59.9099
15.7338,70.3001,60.0521
15.8067,70.4326,60.0672
15.7423,70.5248,60.1694
15.8432,70.6087,60.246
15.7916,70.7474,60.2803
15.842,70.7983,60.4143
15.8661,70.9483,60.4159
15.8343,71.0124,60.5499
15.9268,71.128,60.5842
15.8573,71.2392,60.6609
15.9475,71.3066,60.763
15.9197,71.4552,60.7781
15.9391,71.5053,60.9203
15.9938,71.6469,60.9267
15.9394,71.7266,61.0441
16.0409,71.8233,61.1027
15.9782,71.952,61.1534
16.0475,72.0075,61.2767
16.0496,72.1594,61.2806
16.0375,72.2156,61.4213
16.1175,72.3432,61.4416
16.0502,72.4413,61.5361
16.149,72.5197,61.6209
16.104,72.6622,61.6486
16.145,72.712,61.7861
16.179,72.8601,61.7881
16.1392,72.9286,61.9178
16.2357,73.0384,61.9593
16.1671,73.1554,62.0278
16.2518,73.2185,62.1371
16.2329,73.3689,62.1478
16.2422,73.4201,62.2905
16.3056,73.5579,62.3004
16.246,73.6431,62.4111
16.3479,73.7339,62.4779
16.2897,73.8675,62.5209
16.3507,73.9205,62.6496
16.3628,74.0719,62.6518
16.3414,74.1314,62.79
16.4277,74.2537,62.8163
16.3587,74.3578,62.9028
16.4542,74.4309,62.9957
16.4166,74.5766,63.0172
16.4258,74.6559,63.0946
16.4928,74.7357,62.9905
16.3778,74.8379,63.0645
16.5327,74.8557,63.0589
16.395,74.9277,63.0444
16.502,74.8755,63.1452
16.4634,74.9916,63.0484
16.4409,74.9304,63.1901
16.5351,75.0184,63.1023
16.4042,75.0165,63.1871
16.5598,75.0264,63.1923
16.4274,75.105,63.1674
16.5243,75.0487,63.276
16.4985,75.1654,63.1756
16.4631,75.1073,63.316
16.5676,75.1892,63.2341
16.4312,75.1951,63.3095
16.5864,75.1971,63.3255
16.4603,75.2821,63.2907
16.5463,75.2224,63.4063
16.4661,75.3607,63.3522
16.4988,75.3197,63.5126
16.6156,75.3914,63.4382
16.4742,75.4093,63.5015
16.6272,75.4005,63.5306
16.5785,75.4586,63.4879
16.5926,75.4215,63.5654
16.6097,75.534,63.4587
16.5349,75.4915,63.5888
16.6673,75.5503,63.5308
16.5856,75.5804,63.5338
16.6536,75.5555,63.5821
16.5641,75.6609,63.51
16.5985,75.5946,63.6469
16.6438,75.6458,63.5931
16.5438,75.6188,63.7097
16.6904,75.658,63.6734
16.5443,75.7103,63.6895
16.6758,75.6729,63.7647
16.6028,75.783,63.6816
16.6184,75.7186,63.8229
16.6728,75.7641,63.7723
16.5603,75.7494,63.8795
16.7125,75.775,63.8564
16.6412,75.821,63.8367
16.7572,75.7757,63.9307
16.7072,75.8874,63.8339
16.6786,75.8589,63.9111
16.7681,75.9472,63.8187
16.6399,75.9441,63.9076
16.7953,75.9575,63.9077
16.7317,76.0081,63.8765
16.8282,75.957,63.9879
16.8023,76.0693,63.8828
16.7603,76.0453,63.9551
16.8693,76.1239,63.876
16.7293,76.133,63.9442
16.8835,76.1348,63.9679
16.7599,76.2192,63.924
16.8396,76.1629,64.0457
16.833,76.2759,63.9384
16.7777,76.2264,64.0756
16.8959,76.2987,64.0039
16.752,76.3154,64.0618
16.904,76.3099,64.0965
16.7882,76.3998,64.0432
16.8036,76.363,64.1206
16.8338,76.42,64.0622
16.7719,76.4059,64.1218
16.9085,76.4628,64.0724
16.7595,76.497,64.1036
16.9013,76.4749,64.165
16.8079,76.5762,64.0918
16.805,76.5396,64.1707
16.8499,76.6484,64.0683
16.75,76.6143,64.1832
16.8949,76.6614,64.1495
16.7461,76.706,64.1646
16.8784,76.6738,64.2408
16.8011,76.7817,64.1588
16.7869,76.7452,64.2366
16.8504,76.8507,64.1407
16.7363,76.8237,64.2437
16.887,76.8603,64.2264
16.8133,76.9023,64.2066
16.8603,76.869,64.2719
16.8561,76.9335,64.2135
16.834,76.8704,64.3545
16.9254,76.9634,64.2689
16.7932,76.9546,64.3512
16.948,76.972,64.3594
16.8124,77.0443,64.3324
16.9098,76.9921,64.4425
16.8803,77.108,64.3423
16.8451,77.0474,64.4817
16.947,77.1348,64.4023
16.809,77.1335,64.4751
16.9636,77.1431,64.4941
16.8341,77.222,64.4572
16.9208,77.1658,64.5742
16.9044,77.2822,64.4715
16.8564,77.2247,64.6084
16.9681,77.3061,64.5359
16.8255,77.3125,64.5988
16.9786,77.3143,64.6286
16.8563,77.3994,64.5824
16.9316,77.3399,64.7054
16.9285,77.456,64.6013
16.8681,77.4023,64.7347
16.9311,77.4255,64.7048
16.7869,77.4424,64.7568
16.9368,77.4311,64.7978
16.8243,77.5088,64.7509
16.8436,77.4696,64.81
16.861,77.5166,64.7562
16.8138,77.4927,64.8072
16.9002,77.4788,64.8297
16.8243,77.6158,64.7909
16.8679,77.6222,64.8916
16.972,77.8673,65.0164
16.7425,78.1319,65.2383
17.1211,78.3075,65.6084
16.9391,78.8725,65.6048
16.8943,78.8468,66.2045
17.368,79.2634,66.1357
16.9577,79.5884,66.4067
17.4799,79.6158,66.7419
17.6188,80.3306,66.6903
17.2359,80.2702,67.2598
18.0041,80.1531,67.451
17.8016,80.6893,67.4601
17.8709,80.3683,67.9522
17.9899,80.5748,67.6739
17.8314,80.4719,68.1554
18.1076,80.56,67.9714
18.2814,80.8517,68.2754
18.5232,81.0296,68.1078
18.5548,81.1519,68.3503
18.8131,81.2405,68.4402
18.8404,81.4719,68.5888
19.0876,81.4676,68.6939
19.2041,81.6756,68.727
19.2364,81.7607,68.9816
19.4156,81.9165,68.9861
19.427,81.9883,69.1405
19.5622,81.9813,69.1541
19.6775,81.9642,69.2005
19.8572,81.8899,68.9956
19.7349,82.1447,69.0757
19.9335,81.6379,68.9725
20.0473,82.5111,68.63
20.3251,81.911,69.0253
20.1441,82.2994,68.1857
19.7189,82.3307,68.7874
20.1772,82.0816,68.3549
19.8574,82.7048,68.7381
20.294,82.1239,68.9718
20.5036,82.7726,68.6467
20.3504,82.6472,69.4337
21.0765,82.5984,69.212
20.9089,83.1103,69.4117
21.064,82.6215,69.6984
21.3128,82.9334,69.46
21.1082,83.0178,69.7179
21.3922,82.7263,69.7261
21.4864,83.101,69.6566
21.3304,82.9479,70.087
21.7939,82.9685,69.9191
21.3676,83.4216,70.3736
21.8078,82.9679,70.6398
22.1354,83.5787,70.596
22.0474,83.6698,71.2012
22.5728,83.4886,71.4009
22.5241,84.2244,71.3799
22.3359,83.9005,72.0297
23.0287,84.021,72.0251
23.0114,84.6105,72.4213
23.1817,84.3649,73.0521
23.9195,84.6115,73.0689
23.7225,85.2214,73.5396
24.0656,84.8758,74.0484
24.5023,85.2134,73.9527
24.4123,85.4895,74.2167
24.8371,85.4517,74.4572
24.951,85.9432,74.4271
24.7842,85.9545,75.095
25.5994,85.9731,75.0581
25.4207,86.9293,75.2616
25.5736,86.5505,76.0432
26.1717,87.0469,75.6544
25.8334,87.2696,76.5807
26.7788,87.196,76.5536
26.5416,88.0599,76.8251
26.7938,87.7325,77.5469
27.1911,88.2465,77.2348
27.1612,88.5511,77.9098
27.8906,88.5496,77.9779
27.7779,89.3128,77.9473
28.232,89.38,78.5587
28.5601,89.8612,78.3303
28.4493,90.1877,78.7842
28.8666,90.0087,78.8313
28.8759,90.4826,78.6364
28.9535,90.6044,79.2376
29.5152,90.7537,78.9587
29.6091,91.4116,79.0078
30.011,91.4781,79.6019
30.6075,91.5271,79.228
30.8395,92.2116,79.3393
31.4905,92.3609,79.7894
32.1548,92.6287,79.7713
32.4278,93.2553,79.7262
32.6991,93.703,80.2117
33.2616,93.6679,80.3966
33.4103,93.9782,80.4246
33.4693,93.8461,80.5386
33.4954,94.0568,80.4492
33.424,94.0608,80.5629
33.5897,94.1333,80.5304
33.856,94.2968,80.5894
34.2934,94.5291,80.5533
34.2746,95.0172,80.5303
34.4739,95.0836,80.8416
34.7667,95.191,80.5825
34.6801,95.6597,80.7518
34.9581,95.7433,81.1747
35.3472,96.1231,80.9253
35.2274,96.6118,81.3199
35.6293,96.652,81.4333
35.6212,97.0177,81.3085
35.6123,96.9582,81.9066
36.0669,97.0253,81.716
36.0775,97.5218,81.8654
36.371,97.6599,82.1546
36.647,97.8939,81.7365
36.4807,98.3183,81.9506
37.0304,98.0628,82.1981
37.2728,98.7042,81.6036
37.4954,98.9591,82.4062
38.0095,98.7899,81.9644
37.8653,99.7615,82.1856
38.6954,99.2562,82.628
38.9386,99.9819,81.6936
39.1108,100.395,82.8794
40.0209,99.7119,82.1645
39.3646,100.837,82.1641
39.6601,99.9986,82.7897
39.6023,100.316,81.7547
39.2829,100.721,82.7218
39.8557,99.8346,82.3682
39.4056,100.622,81.782
39.266,100.256,83.0143
39.8609,99.782,82.0805
39.3093,100.847,82.2011
39.7194,100.16,83.014
40.0936,100.275,81.9971
39.8035,101.212,82.4719
40.6203,100.661,83.0232
41.0594,101.038,82.0669
40.8203,101.924,82.717
41.5185,101.27,83.3824
42.2458,101.588,82.3466
42.2081,102.784,82.9836
42.9028,102.254,84.0835
43.8346,102.212,83.1046
43.5127,103.422,83.1231
43.9046,103.335,84.3031
44.9521,102.954,83.7369
44.8095,104.167,83.1602
44.8579,104.552,84.4428
45.9591,103.971,84.4885
46.1916,104.734,83.5499
45.8533,105.687,84.3788
46.895,105.139,85.0904
47.4644,105.573,84.0324
46.9003,106.533,84.5184
47.5924,106.121,85.5103
48.4257,106.244,84.6005
47.9381,107.286,84.7429
48.4711,107.005,85.7917
49.3183,107.178,84.986
48.8078,108.103,84.9374
48.951,107.93,85.9025
49.7064,107.876,85.3461
49.1735,108.532,85.211
49.1794,108.422,86.1314
50.2272,108.187,85.8423
50.0687,109.149,85.2911
49.8003,109.726,86.352
50.8206,109.519,86.9623
51.5111,109.966,86.2731
51.1793,110.998,86.7998
51.7239,110.556,87.8027
52.9174,110.674,87.1487
53.0509,112.247,87.1478
53.1662,112.507,88.6515
54.4727,111.784,88.9255
55.313,112.707,88.0318
54.9477,113.985,88.7986
55.5872,113.456,90.0212
56.9216,113.51,89.389
56.8841,114.987,89.3527
56.87,115.085,90.7294
58.0642,114.45,90.8611
58.7038,115.485,90.3236
58.6487,116.184,91.4921
59.7402,115.591,92.0516
60.5218,116.318,91.3858
60.2013,117.434,92.0638
60.6503,117.069,93.2072
61.8017,116.565,92.9373
62.3874,117.613,92.1542
62.0928,118.61,93.1257
62.7695,117.851,94.1262
63.7863,117.83,93.1732
63.6274,119.064,92.9054
63.7314,119.383,94.0686
64.8245,118.777,94.3018
65.6715,119.218,93.3116
65.664,120.625,93.0835
66.016,121.255,94.2084
67.0976,120.652,94.3581
67.5607,120.881,93.2208
67.3722,122.148,93.2422
67.9636,122.828,94.3379
69.4102,122.667,94.3188
69.9706,123.465,93.4745
70.0916,124.859,93.6928
71.011,125.257,94.6552
72.3391,125.294,94.0853
72.5218,126.504,93.3158
72.9205,127.63,94.1955
74.3813,127.862,94.3415
74.9123,128.719,93.3791
75.0128,130.128,93.5867
75.9934,130.882,94.2886
77.2806,131.052,93.7962
77.5485,132.016,92.9414
77.6081,133.311,93.2621
78.6274,133.725,93.7404
79.3693,133.886,92.8426
79.0814,134.894,92.3538
79.7538,135.488,93.0838
80.8422,135.416,92.558
80.4276,136.294,91.6622
80.722,137.098,92.3645
81.5782,137.268,91.7816
81.5586,138.207,91.3731
82.3039,139.087,91.8085
83.1221,139.416,90.9501
83.0688,140.674,90.5075
84.034,141.461,90.8449
84.8153,142.088,90.0756
84.9639,143.251,89.7
85.7424,144.299,89.8461
86.8093,144.926,89.3011
87.0889,146.143,88.8677
87.6672,147.272,88.9428
88.3585,148.09,88.8267
88.667,148.629,88.2961
89.1154,149.368,88.4068
89.6952,149.945,87.6691
89.8492,150.98,87.7755
90.5881,151.498,87.3808
90.4529,152.37,86.98
91.1072,153.173,87.0107
91.2497,153.85,86.214
91.3712,154.869,86.4319
91.9797,155.431,85.9546
91.964,156.346,85.628
92.532,157.12,85.7101
92.8485,157.723,84.9346
92.7169,158.667,84.9343
93.5733,159.17,84.6503
93.277,159.781,83.7916
93.4089,160.668,84.3169
94.5153,160.891,84.0335
94.1475,161.595,83.1146
94.4717,162.719,83.4777
95.4243,162.89,82.8414
95.1028,163.58,82.1316
95.4428,164.382,82.4925
96.1981,164.332,82.0623
95.9893,164.457,81.4172
96.1873,164.951,81.9318
96.8221,164.625,81.5108
96.3525,165.213,81.3735
97.0605,165.163,81.5367
96.7272,165.296,80.8607
96.8547,165.83,81.2241
97.2172,165.361,80.9839
96.7341,165.954,80.8716
97.3868,165.913,81.1776
97.1282,165.773,80.5199
97.2712,166.297,81.2227
97.3505,165.712,80.5169
97.0036,166.457,81.1011
97.6425,165.888,81.0039
96.9857,166.353,80.4553
97.5762,167.062,81.2395
98.3973,166.409,80.669
97.6897,166.614,79.8047
97.3704,167.288,80.5197
98.1751,167.121,81.1424
98.4468,166.575,80.4708
97.7112,167.036,80.099
97.9613,167.89,80.9211
99.1729,167.807,80.7625
98.8328,168.082,79.6197
98.5127,168.893,79.9613
99.2627,168.979,80.4534
99.1866,168.844,79.5418
98.6812,169.317,80.2673
99.4884,168.956,80.0762
98.7771,169.199,79.4525
99.0778,169.417,80.4556
99.7523,169.223,79.8593
99.0103,169.646,79.5112
99.1852,169.696,80.2486
99.4505,169.662,79.8477
98.9708,170.051,79.9929
99.3935,169.83,80.3739
99.6927,170.097,79.8779
99.1389,170.713,80.1072
100.091,170.482,80.5738
100.298,171.179,79.34
99.0374,171.774,79.7123
99.478,171.909,81.0358
100.949,172.374,80.9795
101.051,173.7,80.1609
100.058,174.749,81.072
101.105,174.999,82.18
101.968,175.92,80.9281
100.501,177.162,81.342
101.451,177.599,83.1205
102.643,179.002,82.0323
101.214,180.683,82.2341
102.144,181.763,83.7417
103.085,183.176,82.8244
101.74,184.576,82.6341
101.982,185.733,84.1429
103.047,187.062,83.2577
101.499,188.001,82.7254
102.086,188.944,84.2785
103.114,189.789,82.9282
101.655,190.676,82.6486
101.922,191.761,83.7627
102.924,192.745,82.9758
102.062,194.057,82.4122
102.221,195.299,83.2978
102.774,196.206,82.3156
101.743,197.302,82.1288
102.74,198.189,82.6387
102.86,199.054,81.4396
102.09,199.94,82.0918
103.115,200.775,82.2305
102.579,201.612,81.5435
102.195,202.054,82.5932
103.172,202.599,82.4485
102.607,202.955,81.8679
102.312,203.185,82.6781
103.232,203.566,82.4806
102.595,203.767,81.6687
102.073,203.848,82.5904
103.086,204.132,82.6653
102.656,204.291,81.7339
102.076,204.271,82.5766
103.141,204.264,82.6797
102.69,204.261,81.7187
102.09,204.074,82.5365
102.879,204.247,82.7637
102.76,204.43,82.0045
102.041,204.293,82.5174
102.88,204.423,82.9836
102.928,204.627,82.0244
102.006,204.486,82.3373
102.629,204.569,83.0658
102.986,204.781,82.1933
102.085,204.635,82.1781
102.335,204.633,83.0774
103.121,204.837,82.5379
102.415,204.949,82.1154
101.965,205.121,82.933
102.587,205.696,83.1883
102.606,206.308,82.5226
101.694,206.906,82.5475
101.418,207.83,83.4468
101.991,208.943,83.283
101.394,209.855,82.6037
100.542,210.551,83.1692
100.936,211.512,83.7293
101.074,212.493,83.0461
100.004,213.175,82.888
99.8571,214.038,83.6397
100.205,214.99,83.6124
99.8432,215.653,83.0687
99.2095,216.207,83.3901
99.5142,216.975,83.8496
99.6259,217.799,83.1876
98.5424,218.249,83.3052
98.6981,218.846,84.216
99.2388,219.688,83.6604
98.3406,220.07,83.2854
98.157,220.553,84.1722
98.828,221.366,83.9628
97.9974,221.815,83.4547
97.7406,222.249,84.3993
98.4383,223.076,84.0229
97.4118,223.33,83.6762
97.7746,223.79,84.6084
97.825,224.339,83.7317
96.9593,224.541,84.3705
97.8108,225.153,84.5641
97.1368,225.537,83.8174
96.8209,225.751,84.9105
97.6279,226.363,84.7022
97.0656,226.723,83.9231
96.5314,226.741,84.4947
97.0973,227.153,85.0377
97.2574,227.442,84.2364
96.4264,227.139,84.4854
97.1487,227.094,84.986
97.3802,226.937,84.1426
96.6477,226.493,84.2751
96.9872,226.612,85.2134
97.3567,227.074,84.6657
96.5474,226.983,84.6313
96.6654,226.965,85.37
96.9108,227.553,85.1479
96.1582,227.779,85.1644
96.3384,227.885,86.1384
96.2893,229.035,85.6077
95.247,229.608,86.0172
95.8517,230.25,86.24
95.2243,230.815,85.8964
95.053,230.72,86.5099
95.4882,230.991,86.4923
95.171,231.365,86.2598
94.9636,231.222,86.6699
95.5314,231.399,86.6257
95.2004,231.741,86.4422
95.1662,231.668,86.7216
95.4215,231.786,86.7103
95.1642,232.043,86.6691
95.2652,232.087,87.0062
95.5176,232.39,86.7984
95.2754,232.716,86.8459
95.2588,232.491,87.1839
95.5753,232.565,86.9249
95.2634,232.68,86.918
95.3496,232.322,87.4032
95.6768,232.743,87.224
95.1508,232.927,87.2021
95.554,232.45,87.293
95.4792,232.977,86.6729
95.2903,233.217,87.3432
96.3095,233.335,87.4761
95.9069,234.432,87.3806
96.3839,234.836,88.3346
96.8785,235.848,87.8376
96.1118,236.361,88.4971
97.1145,236.828,89.0384
96.6406,237.879,88.5068
96.0004,237.954,89.545
97.1456,238.441,90.0478
96.3469,239.262,89.7008
96.0001,238.798,90.7639
97.1466,239.577,90.7157
95.8874,240.321,90.5587
95.8705,240.216,92.0558
96.9539,241.281,91.9636
95.912,242.299,91.7829
95.4857,242.268,93.1638
96.7726,243.0,93.2294
96.0806,244.116,92.6645
95.5081,244.221,94.1007
96.7902,244.87,94.4089
96.2537,246.033,93.7517
95.3821,246.281,94.8255
96.1888,246.716,95.7072
96.3995,247.842,95.271
95.41,248.281,95.4993
95.5559,248.674,96.6949
95.9645,250.001,96.5363
94.8068,250.465,96.9554
95.3566,250.436,97.9721
95.8871,251.552,97.6551
94.5858,252.178,97.5854
94.8042,251.806,98.9207
95.3698,252.874,98.723
94.2846,253.495,99.1511
94.9941,253.78,100.231
95.0866,255.089,99.749
94.0233,255.434,100.571
94.9324,256.162,101.135
94.0323,257.13,100.554
93.3644,257.521,101.984
94.299,258.828,102.131
93.3567,260.123,101.909
93.3537,260.778,103.478
94.45,262.079,103.39
93.9875,263.828,103.362
94.2593,264.934,104.756
94.5784,266.503,104.766
93.9097,267.829,105.559
94.7429,268.928,106.593
95.168,270.556,105.788
94.4024,272.117,106.831
96.1553,273.123,107.023
95.248,274.818,106.007
95.5934,275.99,107.721
96.8774,277.123,106.465
95.4079,278.549,106.633
96.8745,279.782,107.49
96.8289,281.568,106.617
96.7384,283.082,107.436
97.3432,284.076,107.32
97.1348,285.141,107.392
97.7245,285.99,107.588
97.9096,286.885,107.175
97.957,287.808,107.454
98.6063,288.31,107.526
98.6616,289.135,107.46
98.9793,289.886,107.894
99.7024,290.836,107.603
99.524,292.001,107.606
99.9933,292.922,108.411
100.695,293.876,108.082
100.226,294.938,107.755
100.272,295.961,108.503
101.199,296.817,108.505
100.749,297.867,107.754
100.161,298.795,108.539
101.122,299.518,109.022
101.058,300.42,107.887
100.003,300.892,108.798
101.402,301.782,109.138
100.77,302.909,107.926
99.7545,303.761,109.088
101.055,304.989,109.562
100.534,306.28,108.482
99.5333,306.862,109.775
100.786,307.631,109.889
99.8902,308.328,109.173
99.8082,308.82,110.31
100.571,309.46,109.636
99.7231,310.127,109.525
100.203,310.766,110.2
100.714,311.48,109.386
100.033,312.614,109.829
101.189,313.465,110.169
100.73,314.543,109.378
100.716,315.336,110.466
101.411,316.075,109.711
100.581,317.084,109.879
101.52,317.846,110.39
101.461,318.795,109.357
101.245,319.687,110.436
102.267,320.354,109.575
101.241,321.268,109.765
102.305,321.783,110.264
102.009,322.515,109.226
101.848,323.257,110.305
102.746,323.697,109.362
101.877,324.68,109.627
102.945,325.271,110.048
102.583,325.995,109.045
102.469,326.402,109.993
103.358,326.942,109.405
102.515,327.655,109.405
103.051,328.22,110.329
103.392,329.127,109.271
102.792,330.187,110.057
103.936,330.244,110.08
103.282,331.234,109.876
104.177,331.493,111.143
104.637,332.821,110.452
104.27,333.674,111.743
105.451,334.566,111.725
104.195,335.883,111.694
105.559,337.165,112.098
104.622,338.792,112.127
105.537,339.788,112.966
105.826,341.195,112.543
105.904,342.009,113.604
106.651,343.089,113.263
106.206,344.243,113.96
107.262,345.295,113.995
106.765,346.559,114.117
107.611,347.27,114.79
107.204,348.296,114.619
107.704,348.706,115.475
107.63,349.611,115.057
107.617,349.875,115.904
108.112,350.479,115.563
107.525,351.304,115.871
108.352,351.991,116.513
108.359,353.085,116.139
108.173,353.788,117.059
108.977,354.556,116.884
108.389,355.467,117.181
109.197,355.968,117.73
108.937,356.935,117.387
109.208,357.439,118.175
109.644,358.186,117.89
109.264,358.947,118.486
110.16,359.556,118.701
109.777,360.705,118.578
110.283,361.209,119.495
110.515,362.155,118.984
110.316,362.72,119.861
111.16,363.441,119.844
110.677,364.25,120.146
111.397,364.454,120.697
111.542,365.273,120.058
111.177,365.404,120.953
112.058,365.697,120.555
111.116,366.189,120.743
112.044,366.214,121.168
111.605,367.28,121.097
112.275,367.385,122.142
112.67,368.411,121.159
112.408,368.688,122.469
113.421,369.16,121.682
112.735,370.008,122.447
113.95,370.445,122.641
113.692,371.631,122.495
114.46,372.054,123.527
114.877,373.219,123.027
114.61,374.054,123.963
115.655,374.674,124.123
115.098,375.778,124.075
115.49,376.021,125.228
116.351,376.689,124.635
115.503,377.573,125.231
116.672,377.977,125.864
116.181,379.191,125.384
116.945,379.553,126.446
116.839,380.958,126.131
116.932,381.63,127.672
118.091,382.579,127.089
116.996,383.645,127.891
118.524,383.647,128.632
118.195,384.975,127.736
118.284,385.477,129.394
119.45,386.375,128.493
118.408,387.321,129.398
120.151,387.285,129.641
119.643,388.726,128.743
119.805,389.116,130.29
121.097,389.463,129.37
119.708,390.674,129.256
120.613,390.598,130.814
121.168,391.469,129.297
120.028,392.37,130.803
121.876,392.396,131.077
121.189,393.683,130.179
121.326,393.855,131.778
122.413,394.338,130.633
121.041,395.103,131.003
122.438,394.737,131.626
121.803,395.498,130.503
121.779,395.418,131.964
122.173,395.985,130.605
121.611,395.962,132.121
122.357,396.699,130.584
121.504,396.933,132.241
122.714,397.583,130.968
121.546,397.982,132.355
123.033,398.627,131.126
121.707,399.027,132.617
123.123,399.805,131.417
121.829,400.228,133.104
123.094,401.035,131.598
122.03,401.487,133.484
123.007,402.198,131.784
122.183,402.702,133.493
122.991,403.162,131.93
122.351,403.597,133.591
123.742,404.34,132.482
122.528,405.216,133.684
124.154,405.911,132.914
122.887,407.145,133.617
124.56,407.848,133.663
123.356,409.309,133.718
125.068,409.987,134.189
124.066,411.728,134.231
125.74,412.199,134.961
124.866,413.719,134.129
125.996,414.243,135.531
125.989,415.533,133.998
125.863,416.453,135.745
126.952,417.081,134.177
125.496,418.277,135.11
127.114,417.805,136.049
127.082,418.467,134.302
126.34,419.015,135.81
128.363,418.702,135.642
128.277,419.737,133.79
126.778,420.717,134.739
128.141,420.895,136.235
129.266,421.536,134.881
127.762,421.988,134.388
127.373,422.711,136.11
128.772,422.998,137.021
130.116,422.957,135.753
129.119,423.971,134.283
128.148,425.491,135.005
129.313,426.659,136.179
130.679,427.61,134.945
129.163,428.827,134.231
130.114,430.118,135.561
131.108,431.124,133.794
129.466,432.485,134.045
130.818,433.301,135.349
131.1,434.313,133.719
130.562,435.55,134.965
132.055,436.413,134.542
131.079,438.045,134.184
132.57,438.849,134.854
131.844,440.244,133.483
132.846,441.539,134.787
132.963,442.654,132.752
132.524,444.76,134.196
133.939,445.962,132.493
132.518,447.954,133.253
134.551,449.185,132.803
133.23,451.098,132.097
135.054,452.646,132.741
134.562,454.529,131.21
134.957,456.643,132.582
136.476,457.951,130.757
135.342,460.348,130.725
137.431,461.54,130.89
137.244,462.882,128.843
137.045,465.024,129.768
138.973,465.95,128.849
137.779,467.918,128.127
139.39,469.278,129.046
139.731,470.322,126.895
139.58,472.73,127.435
141.459,473.623,125.948
140.518,475.505,125.302
142.42,476.75,125.285
141.839,477.561,123.169
141.848,479.656,123.683
143.507,480.331,122.336
142.421,482.006,121.146
143.606,483.898,122.075
144.505,484.463,119.927
143.145,486.442,119.909
144.828,488.004,120.103
144.457,488.646,118.01
143.827,490.615,118.853
145.67,491.582,117.814
144.203,492.585,116.436
144.471,494.449,117.646
145.984,494.999,116.146
144.475,496.066,115.114
145.288,497.88,115.959
145.936,498.232,113.777
144.345,499.943,114.005
146.043,501.238,113.384
144.638,501.972,111.819
144.947,503.966,112.806
145.9,504.327,110.956
144.397,505.619,110.538
145.717,506.984,110.772
145.727,507.014,108.758
144.756,508.79,109.281
146.726,509.422,109.179
146.131,509.529,107.203
145.34,511.349,107.924
147.345,511.855,107.452
146.303,512.108,105.64
146.156,514.009,106.803
147.908,514.422,105.477
146.487,515.908,104.445
147.865,517.445,104.953
148.465,518.107,103.024
147.829,520.162,103.057
149.481,521.17,102.422
148.903,522.305,101.091
149.506,523.96,101.477
150.369,524.453,99.9868
149.407,525.9,99.9034
150.94,526.714,100.157
150.548,527.09,98.5672
150.292,528.523,99.4148
151.652,528.832,98.5421
150.603,529.825,98.1026
151.741,530.743,98.3497
151.214,531.299,97.2466
151.357,532.655,97.8017
152.102,532.981,96.5813
151.231,534.138,96.3562
152.551,535.134,96.2794
152.55,535.36,94.6609
151.882,536.786,94.8642
153.343,537.295,94.4197
152.603,537.642,92.964
152.646,539.289,93.4789
153.938,539.423,92.3188
152.852,540.336,91.543
153.827,541.489,92.1272
154.19,541.231,90.78
153.229,542.337,90.9485
154.699,542.826,90.9004
153.858,542.652,89.3598
153.927,544.18,90.4239
155.099,543.505,89.1576
153.592,544.37,89.12
155.183,544.713,89.1714
154.118,544.691,87.5922
154.733,546.409,88.2063
155.427,545.899,86.6125
154.773,547.746,86.6183
156.395,547.163,85.4281
155.399,548.486,84.2717
157.018,549.244,84.2398
157.017,549.29,82.364
157.61,550.732,81.7699
158.647,551.078,80.4474
158.534,552.007,79.0161
159.486,553.255,78.2999
160.171,553.346,76.4117
159.816,554.413,75.0346
160.925,554.712,73.8932
160.931,553.856,72.9911
160.567,554.031,71.9797
160.82,554.691,71.2289
161.017,554.464,70.1325
161.27,555.409,69.2233
162.772,555.385,68.6406
163.172,554.883,67.3084
163.672,555.728,66.3936
164.035,555.755,65.6541
164.163,556.097,64.4577
164.356,556.497,63.5041
164.623,556.963,62.7748
164.901,557.147,61.7559
165.168,557.48,60.576
165.157,557.979,59.6204
165.07,558.297,58.9508
165.001,558.591,58.1387
165.229,559.056,57.21
165.135,559.369,56.0976
165.115,560.027,55.2767
165.125,560.232,54.5069
164.789,560.309,53.8674
164.625,560.613,53.5345
164.968,560.842,52.9147
164.573,560.828,52.4316
164.492,561.0,52.0604
164.492,560.999,51.5036
163.998,561.306,50.8174
164.239,561.831,49.924
163.943,561.361,48.994
163.433,562.148,48.6051
163.782,562.081,47.9041
163.093,562.112,47.5891
163.331,562.808,47.0903
163.17,562.387,46.378
162.435,562.89,46.2704
162.827,563.59,45.8756
162.423,563.23,45.2462
162.091,564.04,45.5327
162.608,563.697,44.6965
161.437,563.952,44.7107
162.08,564.818,44.1326
161.303,564.58,43.3319
161.057,565.529,43.2508
161.038,565.62,42.3783
160.284,566.021,42.2771
160.57,566.571,41.6551
159.843,566.29,41.0126
159.155,566.867,41.3306
159.345,567.481,40.9065
158.771,567.619,40.223
158.449,568.177,40.1067
158.826,568.677,39.6255
158.516,568.112,38.8576
157.791,568.984,38.5595
158.145,569.397,37.7923
157.289,569.117,37.127
157.192,570.226,37.0262
157.019,569.785,35.8951
155.845,570.647,36.0377
156.705,571.53,35.2784
156.255,570.782,34.1717
154.96,571.457,34.3468
155.79,572.245,33.7098
155.582,571.755,32.4992
154.274,572.181,32.2922
154.356,573.465,31.9257
154.74,573.511,30.8768
153.825,573.184,30.1512
153.404,574.243,29.9492
153.714,574.667,28.7748
152.787,574.537,27.9056
152.473,575.48,27.5013
152.521,575.763,26.4251
151.625,575.983,25.5617
151.166,577.011,24.943
150.95,577.371,23.8454
150.037,577.842,23.1372
149.869,578.672,22.2654
149.467,578.636,21.1066
148.407,579.325,20.6157
148.36,580.525,19.6941
147.918,580.725,18.3318
146.702,581.371,17.8252
146.287,582.58,16.7973
145.838,583.105,15.3369
144.636,583.75,14.2849
143.725,584.734,13.2011
143.049,585.489,11.677
142.358,585.982,10.2167
141.668,586.587,8.71958
140.945,587.289,7.40518
140.528,588.29,6.05401
140.12,588.604,4.62376
139.055,589.082,3.6929
138.704,590.309,3.16375
139.106,591.268,2.34832
139.132,591.507,1.0158
138.554,592.297,-0.245305
138.516,593.659,-1.22965
138.81,594.088,-2.84624
137.878,594.741,-4.05176
137.963,596.292,-4.93669
138.375,596.793,-6.72326
137.615,597.343,-8.1468
137.168,598.734,-9.33162
137.39,599.36,-10.9649
136.753,599.562,-12.6513
136.253,600.789,-13.8259
136.477,601.607,-15.1397
136.274,602.131,-16.4816
135.764,603.294,-17.4905
136.018,604.236,-18.7939
135.909,604.779,-20.2112
135.908,605.579,-21.7263
135.967,605.66,-23.3273
135.341,606.365,-24.3202
135.37,607.099,-25.2048
135.319,607.266,-26.3508
134.628,607.711,-27.1829
