-1.100269,8.130474,-0.510486
-1.085591,8.081976,-0.501243
-1.067011,8.029474,-0.490954
-1.043708,7.972964,-0.477846
-1.015406,7.91222,-0.462313
-0.982284,7.846694,-0.44494
-0.944656,7.777591,-0.425784
-0.902236,7.704821,-0.404415
-0.855939,7.627652,-0.383193
-0.805927,7.54792,-0.361631
-0.753421,7.466581,-0.339763
-0.699662,7.384725,-0.319058
-0.645499,7.302781,-0.299647
-0.591107,7.221278,-0.28142
-0.536598,7.140571,-0.265071
-0.48231,7.061326,-0.250203
-0.428064,6.984217,-0.236328
-0.373853,6.909423,-0.223479
-0.319967,6.836946,-0.212056
-0.266386,6.767189,-0.200743
-0.213212,6.700714,-0.189496
-0.16039,6.63837,-0.176262
-0.108032,6.580134,-0.161044
-0.056475,6.526977,-0.143335
-0.005796,6.479118,-0.123423
0.043229,6.436039,-0.10113
0.090211,6.397457,-0.077076
0.135056,6.364133,-0.052807
0.177838,6.335171,-0.02933
0.218441,6.310873,-0.00694
0.256665,6.290553,0.013336
0.29211,6.273656,0.030563
0.32425,6.259985,0.044548
0.353155,6.248359,0.054776
0.379495,6.238398,0.060001
0.403601,6.229437,0.060064
0.425846,6.220808,0.055167
0.446676,6.211998,0.044584
0.465846,6.202888,0.030056
0.483461,6.194215,0.015443
0.499813,6.18651,0.002631
0.514521,6.179158,-0.008716
0.527811,6.172448,-0.018329
0.539563,6.166616,-0.026177
0.550161,6.161429,-0.03252
0.55951,6.158176,-0.037023
0.567717,6.155443,-0.039008
0.574754,6.15395,-0.039531
0.580491,6.154066,-0.038439
0.584627,6.156166,-0.035512
0.587474,6.161087,-0.031546
0.588984,6.168502,-0.028289
0.589202,6.178585,-0.026307
0.588207,6.191031,-0.025592
0.585952,6.205952,-0.025591
0.582242,6.222777,-0.026277
0.577128,6.241363,-0.028126
0.570613,6.261333,-0.030142
0.562724,6.280913,-0.031879
0.553507,6.300124,-0.032976
0.543119,6.319781,-0.033698
0.531292,6.340038,-0.033087
0.517849,6.360855,-0.031828
0.503039,6.382219,-0.031522
0.486865,6.404107,-0.032455
0.469373,6.42602,-0.034658
0.450665,6.448093,-0.038379
0.430977,6.470127,-0.043882
0.410395,6.491939,-0.05137
0.388891,6.513094,-0.060838
0.366708,6.533872,-0.071896
0.344258,6.554418,-0.084003
0.321931,6.574693,-0.097792
0.300079,6.594715,-0.112812
0.279173,6.614243,-0.129248
0.259158,6.633733,-0.146773
0.239767,6.653203,-0.165358
0.221273,6.672427,-0.185702
0.203838,6.691374,-0.207341
0.187322,6.710817,-0.228005
0.171853,6.730882,-0.24719
0.157332,6.752538,-0.264576
0.143531,6.776068,-0.27983
0.130495,6.801605,-0.292176
0.118149,6.829331,-0.301875
0.106524,6.859435,-0.309342
0.095062,6.892167,-0.314066
0.082969,6.927973,-0.316944
0.069716,6.966697,-0.318247
0.055385,7.006909,-0.317677
0.039239,7.046412,-0.314438
0.020991,7.087792,-0.311312
0.001137,7.129947,-0.309722
-0.02036,7.168776,-0.308193
-0.043227,7.208856,-0.308831
-0.067713,7.248285,-0.310736
-0.093985,7.287149,-0.31418
-0.12184,7.325288,-0.318747
-0.151454,7.362656,-0.324904
-0.182406,7.399423,-0.332739
-0.213783,7.435244,-0.342591
-0.245034,7.470026,-0.354182
-0.275863,7.50406,-0.366879
-0.305472,7.537617,-0.380642
-0.333973,7.570922,-0.395127
-0.361177,7.604148,-0.410064
-0.388047,7.637238,-0.425532
-0.414595,7.670161,-0.441592
-0.44138,7.702594,-0.458547
-0.46901,7.734648,-0.475115
-0.498037,7.766472,-0.489985
-0.528691,7.797371,-0.503177
-0.560749,7.826502,-0.514398
-0.594336,7.854442,-0.52447
-0.630062,7.882354,-0.531851
-0.66704,7.910408,-0.537248
-0.704923,7.938381,-0.540141
-0.742945,7.966067,-0.541627
-0.781318,7.993732,-0.541376
-0.820105,8.021235,-0.538871
-0.857868,8.048237,-0.535565
-0.89494,8.074798,-0.532396
-0.931444,8.101662,-0.531955
-0.967353,8.128781,-0.53531
-1.003183,8.156506,-0.542047
-1.038713,8.184188,-0.552571
-1.074198,8.211492,-0.565965
-1.109699,8.238255,-0.580423
-1.145824,8.263736,-0.594237
-1.182199,8.287991,-0.606867
-1.219081,8.310691,-0.6172
-1.255895,8.331784,-0.62506
-1.292513,8.350985,-0.630976
-1.328241,8.368136,-0.635377
-1.363067,8.383298,-0.638088
-1.397191,8.397059,-0.639175
-1.430221,8.409078,-0.639035
-1.461729,8.4194,-0.637407
-1.491875,8.428425,-0.634565
-1.520221,8.43625,-0.631439
-1.546939,8.443733,-0.627859
-1.572633,8.451383,-0.622901
-1.597051,8.459864,-0.617633
-1.620309,8.469545,-0.612691
-1.642529,8.480329,-0.608727
-1.663804,8.492294,-0.606124
-1.684153,8.505139,-0.605261
-1.703822,8.518415,-0.60558
-1.722931,8.5318,-0.605893
-1.741828,8.544786,-0.605297
-1.76036,8.557513,-0.603349
-1.778742,8.570287,-0.599814
-1.796966,8.582872,-0.594571
-1.815049,8.595145,-0.587695
-1.832873,8.607056,-0.578976
-1.850071,8.618753,-0.569742
-1.867258,8.630248,-0.561381
-1.884286,8.641403,-0.553973
-1.901368,8.651995,-0.548112
-1.918329,8.661571,-0.544422
-1.93543,8.669989,-0.542378
-1.95274,8.676642,-0.542063
-1.969967,8.681126,-0.543037
-1.987505,8.683349,-0.545058
-2.004937,8.683564,-0.548137
-2.022228,8.681713,-0.552888
-2.039281,8.677909,-0.558516
-2.055848,8.672659,-0.564072
-2.071694,8.666281,-0.56894
-2.086752,8.659431,-0.571885
-2.101013,8.65234,-0.573346
-2.114271,8.645247,-0.572877
-2.126151,8.638427,-0.570413
-2.137171,8.631899,-0.566526
-2.147779,8.62575,-0.561137
-2.157141,8.620122,-0.554064
-2.165105,8.615232,-0.545738
-2.171903,8.611103,-0.535786
-2.177805,8.607615,-0.523657
-2.183526,8.604226,-0.509126
-2.189595,8.601048,-0.492351
-2.194554,8.59791,-0.47463
-2.199138,8.594282,-0.455172
-2.201484,8.590631,-0.434446
-2.202086,8.586273,-0.413085
-2.20117,8.580619,-0.392349
-2.198543,8.573361,-0.373452
-2.194455,8.56419,-0.355575
-2.188721,8.553563,-0.339279
-2.181365,8.54147,-0.325202
-2.172409,8.527681,-0.312822
-2.161818,8.512044,-0.302189
-2.150067,8.493931,-0.292586
-2.137139,8.473572,-0.284622
-2.123032,8.450641,-0.277987
-2.107971,8.425407,-0.272557
-2.092086,8.397965,-0.268193
-2.075246,8.368297,-0.265366
-2.057663,8.336801,-0.263134
-2.039609,8.303871,-0.261507
-2.021018,8.270096,-0.26123
-2.002195,8.236099,-0.262677
-1.983545,8.202437,-0.265768
-1.965747,8.169188,-0.270443
-1.948832,8.136561,-0.276176
-1.933499,8.104328,-0.281878
-1.919905,8.072235,-0.287373
-1.907949,8.039985,-0.291921
-1.896783,8.007259,-0.295659
-1.886157,7.973846,-0.298016
-1.875924,7.940073,-0.298718
-1.865351,7.905946,-0.29795
-1.854357,7.871706,-0.29548
-1.843001,7.837238,-0.292212
-1.831387,7.803059,-0.289089
-1.819454,7.768949,-0.287003
-1.806989,7.734779,-0.286213
-1.794387,7.700503,-0.286436
-1.781442,7.665745,-0.287529
-1.767961,7.630648,-0.289033
-1.75401,7.595324,-0.289476
-1.739689,7.559774,-0.288291
-1.725144,7.524,-0.285406
-1.710293,7.487952,-0.280417
-1.694593,7.452097,-0.273353
-1.677715,7.416345,-0.264886
-1.660343,7.380599,-0.256106
-1.642466,7.34512,-0.248564
-1.624436,7.309928,-0.242825
-1.606582,7.274892,-0.238865
-1.589321,7.240006,-0.236164
-1.572963,7.205366,-0.233748
-1.557164,7.171047,-0.231957
-1.54175,7.136775,-0.230879
-1.526457,7.102393,-0.231048
-1.511182,7.067903,-0.232104
-1.4955,7.03316,-0.233967
-1.47965,6.998596,-0.23492
-1.463542,6.964066,-0.234381
-1.447117,6.929909,-0.232414
-1.430033,6.895759,-0.229133
-1.412208,6.86133,-0.224396
-1.393285,6.826734,-0.217991
-1.373847,6.791585,-0.211426
-1.353892,6.755823,-0.205986
-1.33329,6.719553,-0.202337
-1.311985,6.682773,-0.200667
-1.290116,6.645498,-0.200183
-1.267678,6.607854,-0.200852
-1.244709,6.569939,-0.20265
-1.221413,6.532099,-0.20584
-1.197853,6.49435,-0.209688
-1.174055,6.456811,-0.215049
-1.150212,6.419538,-0.220871
-1.125958,6.382598,-0.227862
-1.101341,6.346142,-0.235888
-1.076609,6.310003,-0.244493
-1.051689,6.274235,-0.252601
-1.026956,6.238689,-0.25913
-1.001804,6.203685,-0.263951
-0.977116,6.168841,-0.266874
-0.953669,6.13412,-0.268346
-0.93079,6.09963,-0.26728
-0.908919,6.065395,-0.263953
-0.887299,6.031449,-0.258114
-0.864824,5.99791,-0.251241
-0.843034,5.964351,-0.242467
-0.820953,5.931016,-0.232289
-0.798905,5.897937,-0.221205
-0.77664,5.865341,-0.210941
-0.754183,5.833266,-0.202438
-0.731567,5.801712,-0.195823
-0.708702,5.770484,-0.191086
-0.685743,5.739887,-0.187736
-0.662469,5.709869,-0.185778
-0.638823,5.680571,-0.185324
-0.614856,5.652025,-0.186351
-0.590465,5.624368,-0.188839
-0.565577,5.597457,-0.192927
-0.540048,5.571605,-0.19878
-0.513887,5.546588,-0.205989
-0.487121,5.522323,-0.213388
-0.459682,5.498618,-0.219899
-0.431941,5.475186,-0.225531
-0.404352,5.451358,-0.228696
-0.375947,5.427617,-0.230192
-0.346864,5.404094,-0.229957
-0.31691,5.380653,-0.228624
-0.287405,5.356796,-0.225578
-0.257921,5.332421,-0.22085
-0.228577,5.307583,-0.215566
-0.199312,5.282289,-0.211145
-0.170117,5.256525,-0.208176
-0.140893,5.230572,-0.206842
-0.111757,5.204284,-0.207201
-0.082691,5.177729,-0.208784
-0.053581,5.151124,-0.211668
-0.024504,5.124276,-0.216121
0.00437,5.097041,-0.221602
0.033265,5.069606,-0.228032
0.062216,5.041621,-0.235658
0.091464,5.012992,-0.244399
0.121033,4.984038,-0.253578
0.15091,4.954907,-0.261835
0.180859,4.925644,-0.268108
0.209748,4.896394,-0.271913
0.238371,4.867345,-0.273774
0.266877,4.838539,-0.274395
0.294913,4.810013,-0.273491
0.322557,4.781803,-0.27077
0.349316,4.753983,-0.26645
0.375809,4.726649,-0.262628
0.401786,4.699833,-0.260091
0.427141,4.673412,-0.259093
0.451703,4.647501,-0.25935
0.475836,4.621802,-0.261678
0.499201,4.595925,-0.265134
0.521937,4.570217,-0.269407
0.543811,4.544602,-0.273075
0.565,4.519242,-0.275825
0.585781,4.494276,-0.276788
0.606275,4.469631,-0.275997
0.626338,4.445457,-0.27337
0.645763,4.421573,-0.269127
0.664837,4.398147,-0.263049
0.684074,4.375225,-0.256433
0.703008,4.352643,-0.249895
0.721718,4.330605,-0.244381
0.740383,4.309138,-0.240634
0.75885,4.288121,-0.238242
0.77725,4.267561,-0.237374
0.795587,4.247279,-0.23792
0.813808,4.227041,-0.23988
0.832078,4.207007,-0.243807
0.850578,4.187182,-0.249367
0.869288,4.167862,-0.256602
0.88834,4.149052,-0.265657
0.907557,4.130613,-0.27636
0.926825,4.112717,-0.28851
0.946042,4.095265,-0.301976
0.965391,4.078511,-0.316749
0.984854,4.062249,-0.332602
1.004384,4.046283,-0.349592
1.023883,4.030511,-0.367233
1.043647,4.014939,-0.384326
1.063954,3.999434,-0.400187
1.08433,3.983637,-0.414245
1.104719,3.967551,-0.426611
1.125392,3.951144,-0.43763
1.146265,3.93459,-0.447661
1.167259,3.918017,-0.457338
1.188104,3.901803,-0.467829
1.209214,3.885635,-0.479297
1.230366,3.869499,-0.491659
1.251503,3.853242,-0.505003
1.272596,3.836431,-0.519488
1.293587,3.818856,-0.534875
1.31475,3.800658,-0.551099
1.336151,3.78169,-0.567395
1.357173,3.761679,-0.581971
1.378238,3.74059,-0.595238
1.399303,3.718583,-0.606624
1.420214,3.696034,-0.615898
1.440605,3.672811,-0.622721
1.460713,3.649245,-0.628025
1.479974,3.625225,-0.631626
1.49872,3.601094,-0.633306
1.517427,3.577134,-0.633057
1.535056,3.553309,-0.630711
1.551104,3.529283,-0.626685
1.565582,3.505356,-0.620148
1.579371,3.481486,-0.611756
1.592363,3.4577,-0.601339
1.605009,3.434284,-0.589192
1.617721,3.411226,-0.575943
1.630176,3.388623,-0.561614
1.63995,3.365714,-0.54884
1.649291,3.343449,-0.537374
1.656917,3.321676,-0.527125
1.662553,3.300386,-0.517633
1.666243,3.279851,-0.508813
1.66804,3.260348,-0.500926
1.668063,3.242418,-0.493824
1.666469,3.226203,-0.487851
1.663365,3.211565,-0.483205
1.658813,3.198288,-0.479415
1.65273,3.185976,-0.475327
1.644763,3.174115,-0.469426
1.635388,3.162723,-0.461861
1.624058,3.151662,-0.452636
1.611611,3.140739,-0.442529
1.597955,3.130039,-0.432057
1.583046,3.119472,-0.421876
1.567078,3.109119,-0.412884
1.55004,3.099167,-0.405338
1.531906,3.089851,-0.399406
1.512569,3.081478,-0.39463
1.49227,3.074182,-0.393284
1.471204,3.068453,-0.396187
1.449249,3.064987,-0.402456
1.426578,3.064037,-0.411337
1.403173,3.065937,-0.420412
1.379202,3.071097,-0.42831
1.354956,3.080065,-0.434076
1.331577,3.093093,-0.438388
1.309978,3.110605,-0.440167
1.289488,3.132163,-0.439587
1.271176,3.157632,-0.437539
1.256232,3.186527,-0.433787
1.244422,3.217961,-0.429039
1.234669,3.250906,-0.422721
1.226599,3.284758,-0.415359
1.220196,3.319614,-0.405605
1.214931,3.355093,-0.392927
1.211216,3.392521,-0.380986
1.207196,3.429542,-0.364157
1.2033,3.467019,-0.346662
1.200129,3.504565,-0.329383
1.1975,3.541675,-0.313802
1.195672,3.578289,-0.30003
1.194657,3.614667,-0.288421
1.193908,3.650952,-0.277776
1.193491,3.687313,-0.267729
1.193563,3.723668,-0.258712
1.194629,3.760751,-0.249768
1.195846,3.797851,-0.239716
1.196946,3.834684,-0.228043
1.199141,3.871284,-0.214859
1.201993,3.90726,-0.199526
1.206654,3.943065,-0.181824
1.211945,3.978636,-0.162716
1.216859,4.013699,-0.141854
1.222248,4.048458,-0.119094
1.227849,4.082486,-0.09514
1.233627,4.115508,-0.069411
1.239761,4.147869,-0.042054
1.246238,4.18005,-0.014224
1.253106,4.212257,0.012405
1.260161,4.243952,0.037787
1.267173,4.274264,0.062006
1.274239,4.30294,0.084873
1.281228,4.32936,0.106657
1.287949,4.353205,0.127452
1.294521,4.375029,0.147425
1.300692,4.394903,0.166338
1.306727,4.41304,0.183841
1.312626,4.429811,0.19901
1.318346,4.445359,0.212454
1.32381,4.459759,0.224103
1.328987,4.473214,0.234333
1.333507,4.485702,0.243534
1.337067,4.497408,0.251912
1.339515,4.508564,0.259246
1.340545,4.519155,0.265616
1.339793,4.52912,0.271316
1.337046,4.538576,0.276542
1.331924,4.54717,0.281704
1.324456,4.554923,0.286771
1.314957,4.562131,0.291653
1.303759,4.568758,0.295633
1.291021,4.57491,0.299222
1.277184,4.580528,0.302012
1.262381,4.585601,0.304155
1.247373,4.590415,0.30537
1.23261,4.595257,0.305372
1.218505,4.600298,0.305756
1.204638,4.605219,0.307484
1.191894,4.610495,0.310215
1.179155,4.615599,0.314224
1.167235,4.620596,0.319825
1.155718,4.625747,0.326179
1.144504,4.630926,0.332237
1.133299,4.636009,0.337771
1.121938,4.640992,0.342143
1.110625,4.645851,0.3451
1.099166,4.650588,0.346435
1.087553,4.655132,0.346369
1.07597,4.659484,0.345117
1.064751,4.663603,0.342672
1.053677,4.667627,0.338595
1.04283,4.671672,0.33251
1.031828,4.676132,0.325879
1.020977,4.681312,0.318688
1.009788,4.687344,0.311408
0.998532,4.694294,0.305519
0.98753,4.701929,0.301003
0.976043,4.710017,0.298235
0.964478,4.718522,0.297629
0.95286,4.727247,0.299127
0.941596,4.736021,0.3023
0.930417,4.744819,0.307218
0.919569,4.753541,0.313037
0.908932,4.762175,0.319291
0.898263,4.770379,0.325218
0.887947,4.778235,0.329953
0.878112,4.785812,0.333329
0.868584,4.7928,0.335336
0.859594,4.799027,0.33578
0.851167,4.804966,0.335142
0.843225,4.810681,0.333462
0.835773,4.816026,0.330611
0.828688,4.821083,0.326616
0.82198,4.82589,0.321335
0.815354,4.830464,0.315207
0.808451,4.834785,0.308312
0.801171,4.838846,0.301162
0.793788,4.842468,0.293474
0.786368,4.845523,0.285255
0.778712,4.847753,0.276894
0.770769,4.849096,0.268306
0.762543,4.84968,0.260846
0.754966,4.84976,0.254125
0.748134,4.849944,0.248378
0.742203,4.849771,0.243865
0.738316,4.849897,0.240987
0.735893,4.849947,0.239502
0.734205,4.850201,0.239457
0.733262,4.850764,0.239833
0.732919,4.851512,0.239065
0.733243,4.852501,0.237147
0.734337,4.853546,0.233873
0.73585,4.854513,0.229489
0.737761,4.855156,0.224719
0.740288,4.855249,0.219693
0.743451,4.85448,0.215588
0.747808,4.852688,0.213233
0.753139,4.849058,0.212897
0.759476,4.843152,0.21513
0.767392,4.835349,0.218874
0.776346,4.825159,0.224164
0.785889,4.813119,0.231048
0.79578,4.799799,0.239975
0.806303,4.785385,0.25111
0.816931,4.770311,0.264694
0.827559,4.754953,0.279629
0.837803,4.739354,0.293842
0.84799,4.723542,0.306699
0.858507,4.707455,0.317518
0.869054,4.690986,0.326972
0.879454,4.67405,0.334831
0.889784,4.65615,0.341229
0.900143,4.637424,0.346262
0.910326,4.618037,0.349859
0.920327,4.597991,0.352029
0.93028,4.577315,0.353306
0.940022,4.55592,0.353057
0.949495,4.534382,0.35149
0.958952,4.512711,0.348698
0.968418,4.491036,0.344636
0.977665,4.469463,0.339823
0.986912,4.447309,0.33402
0.996137,4.425267,0.327354
1.005233,4.403128,0.319615
1.014051,4.380832,0.311472
1.022465,4.358406,0.302647
1.030815,4.335719,0.292812
1.038883,4.313021,0.282029
1.04658,4.289796,0.270289
1.05385,4.266475,0.257645
1.060787,4.242968,0.24383
1.067282,4.219241,0.230119
1.073023,4.195773,0.217815
1.078938,4.171939,0.207018
1.084,4.148483,0.197613
1.088483,4.124982,0.190387
1.093479,4.101639,0.185037
1.098587,4.079019,0.18128
1.104027,4.057192,0.179044
1.109207,4.036333,0.178093
1.113813,4.016789,0.178758
1.118464,3.998439,0.180976
1.123145,3.981267,0.184113
1.127729,3.965437,0.187431
1.132367,3.950743,0.189939
1.137156,3.937432,0.191023
1.142219,3.925388,0.190933
1.147396,3.915137,0.189717
1.153073,3.906685,0.187474
1.15896,3.899602,0.184228
1.165008,3.893211,0.179906
1.171095,3.887863,0.175473
1.177135,3.883139,0.170457
1.183287,3.87905,0.164063
1.189366,3.875518,0.156671
1.196482,3.871928,0.148211
1.203426,3.869479,0.139088
1.210906,3.86758,0.128864
1.218359,3.866733,0.117916
1.226765,3.866373,0.105289
1.235941,3.866766,0.090696
1.245554,3.868427,0.074676
1.255719,3.871164,0.057445
1.266354,3.874964,0.039402
1.277509,3.879532,0.020473
1.289346,3.884857,0.001098
1.302115,3.890786,-0.018715
1.315632,3.897022,-0.039358
1.329304,3.903147,-0.059172
1.343485,3.908922,-0.077501
1.35798,3.914444,-0.094239
1.372708,3.919873,-0.109258
1.387299,3.925264,-0.122228
1.402244,3.930562,-0.133668
1.417101,3.935987,-0.143647
1.43182,3.941663,-0.151131
1.446174,3.947802,-0.156791
1.459933,3.955095,-0.159725
1.473002,3.963274,-0.159989
1.485642,3.972188,-0.158355
1.497628,3.981651,-0.155248
1.50898,3.991874,-0.151151
1.519701,4.002803,-0.146639
1.529448,4.014099,-0.141559
1.538775,4.025866,-0.136114
1.547869,4.037555,-0.131445
1.556341,4.049369,-0.126868
1.564774,4.061173,-0.122626
1.573233,4.072982,-0.11918
1.5821,4.084933,-0.11712
1.591329,4.097044,-0.116929
1.600869,4.10946,-0.118534
1.610606,4.122071,-0.121349
1.620514,4.134645,-0.125621
1.630732,4.147272,-0.131019
1.641254,4.159596,-0.137904
1.652211,4.172306,-0.14648
1.663334,4.185282,-0.156334
1.674271,4.198406,-0.167383
1.685341,4.211171,-0.180318
1.696342,4.223965,-0.193922
1.706995,4.236831,-0.208455
1.7173,4.249717,-0.224148
1.727023,4.26277,-0.240674
1.73622,4.276202,-0.258262
1.744646,4.28947,-0.277435
1.752418,4.303296,-0.297713
1.759505,4.317464,-0.318986
1.765651,4.331711,-0.341256
1.770934,4.346285,-0.364594
1.775113,4.361668,-0.388703
1.778375,4.377565,-0.413046
1.780394,4.394407,-0.435793
1.781822,4.412053,-0.457127
1.78242,4.43068,-0.476288
1.782325,4.45016,-0.493694
1.781674,4.469976,-0.508558
1.780842,4.490402,-0.521241
1.77987,4.511399,-0.532121
1.779518,4.533188,-0.541644
1.780412,4.554895,-0.549598
1.78253,4.576788,-0.555876
1.785883,4.598955,-0.56024
1.79029,4.62079,-0.563171
1.794785,4.641903,-0.564046
1.799675,4.663082,-0.563414
1.803674,4.683051,-0.560857
1.807707,4.703169,-0.558316
1.811495,4.722999,-0.556256
1.815055,4.74274,-0.555465
1.818048,4.762303,-0.555715
1.820983,4.781895,-0.557155
1.823962,4.801393,-0.559833
1.827093,4.820609,-0.563427
1.83049,4.839516,-0.568046
1.834433,4.858288,-0.574106
1.839015,4.876987,-0.581659
1.843966,4.895838,-0.590438
1.849073,4.915111,-0.600279
1.854305,4.934967,-0.610018
1.859371,4.955379,-0.618083
1.864283,4.976193,-0.624746
1.868685,4.997532,-0.628891
1.872875,5.018972,-0.630905
1.876167,5.041034,-0.631046
1.87902,5.063575,-0.629894
1.880939,5.086832,-0.628938
1.882015,5.110638,-0.629319
1.882513,5.13484,-0.631446
1.882017,5.159962,-0.635301
1.880268,5.186262,-0.640891
1.877183,5.213608,-0.648013
1.873122,5.24264,-0.656232
1.86801,5.273143,-0.665819
1.861785,5.305496,-0.676054
1.853719,5.33966,-0.686281
1.844439,5.375702,-0.696837
1.833793,5.412645,-0.706402
1.821637,5.450494,-0.714606
1.808411,5.489348,-0.720773
1.79464,5.526983,-0.726064
1.779876,5.565149,-0.730117
1.764565,5.602799,-0.733484
1.748152,5.640378,-0.737126
1.731076,5.677871,-0.741795
1.713112,5.715594,-0.747782
1.69438,5.753536,-0.755172
1.67481,5.79208,-0.763737
1.654283,5.831485,-0.772888
1.632845,5.871239,-0.782644
1.611008,5.911195,-0.791802
1.588503,5.951704,-0.799689
1.565889,5.992144,-0.805651
1.543195,6.032504,-0.809556
1.521234,6.072087,-0.811308
1.500183,6.11195,-0.811617
1.480277,6.151988,-0.812047
1.462142,6.192363,-0.813419
1.445053,6.232873,-0.817151
1.428728,6.273096,-0.822975
1.41296,6.312716,-0.830884
1.397566,6.352265,-0.840826
1.382131,6.391092,-0.851378
1.366361,6.429995,-0.861944
1.350187,6.468491,-0.870883
1.333769,6.506406,-0.878148
1.316827,6.543795,-0.883671
1.298878,6.581598,-0.888211
1.279662,6.61997,-0.890007
1.259998,6.657704,-0.890434
1.239902,6.6952,-0.890252
1.218801,6.732988,-0.888685
1.196981,6.770912,-0.886374
1.174076,6.809504,-0.882912
1.15054,6.847714,-0.879039
1.126328,6.886044,-0.875125
1.10164,6.924317,-0.871201
1.076424,6.962252,-0.867567
1.050669,6.999976,-0.862917
1.024212,7.037645,-0.856747
0.996983,7.075185,-0.848766
0.968717,7.112425,-0.838688
0.939467,7.150047,-0.826582
0.909309,7.187551,-0.811858
0.878287,7.224911,-0.795913
0.846461,7.262335,-0.779133
0.813954,7.299721,-0.764018
0.781126,7.33768,-0.751153
0.748202,7.376034,-0.741509
0.715054,7.415529,-0.734657
0.682002,7.455651,-0.730637
0.649205,7.496119,-0.729621
0.616717,7.536995,-0.731093
0.58416,7.578384,-0.735095
0.551743,7.620176,-0.741371
0.519364,7.6623,-0.749384
0.487045,7.704619,-0.758373
0.454712,7.746771,-0.768964
0.422437,7.788498,-0.780874
0.390493,7.8298,-0.793845
0.35895,7.871111,-0.807335
0.328716,7.911177,-0.820528
0.299651,7.952268,-0.83245
0.271945,7.994259,-0.842461
0.245914,8.03707,-0.850431
0.221426,8.080709,-0.856193
0.199392,8.123785,-0.861851
0.178357,8.166994,-0.867806
0.158528,8.209397,-0.874994
0.139228,8.25137,-0.883376
0.120238,8.292216,-0.893255
0.101135,8.331902,-0.903574
0.082083,8.37025,-0.912987
0.062622,8.40708,-0.920721
0.04316,8.442032,-0.926399
0.023409,8.475283,-0.930474
0.003284,8.506869,-0.933071
-0.017258,8.536785,-0.93377
-0.037965,8.564684,-0.933014
-0.059139,8.591339,-0.931105
-0.081188,8.61673,-0.927709
-0.10356,8.641047,-0.925275
-0.126631,8.664473,-0.924317
-0.150459,8.687105,-0.925226
-0.174919,8.708662,-0.928126
-0.200171,8.729355,-0.932883
-0.226318,8.749544,-0.938303
-0.253164,8.76908,-0.944904
-0.281071,8.788299,-0.951475
-0.309962,8.806578,-0.958188
-0.33954,8.824053,-0.963989
-0.370375,8.84119,-0.968393
-0.401881,8.857802,-0.970671
-0.434167,8.873526,-0.971513
-0.467163,8.888535,-0.971082
-0.500688,8.902656,-0.97018
-0.535456,8.916794,-0.970284
-0.570743,8.93009,-0.972265
-0.60673,8.942834,-0.976751
-0.643394,8.954676,-0.9836
-0.680562,8.96562,-0.992479
-0.718051,8.975796,-1.002589
-0.755547,8.985255,-1.014011
-0.792899,8.994351,-1.026578
-0.829617,9.003315,-1.04005
-0.865255,9.012282,-1.0544
-0.899924,9.021355,-1.069651
-0.933538,9.030505,-1.085852
-0.965924,9.039811,-1.101967
-0.997305,9.049098,-1.11689
-1.027392,9.058216,-1.129451
-1.056938,9.066773,-1.141248
-1.085785,9.075372,-1.151033
-1.114086,9.083678,-1.159045
-1.142156,9.091559,-1.165212
-1.169846,9.098482,-1.170338
-1.197527,9.104834,-1.174046
-1.225493,9.110276,-1.177271
-1.25329,9.11435,-1.18027
-1.281208,9.117189,-1.182521
-1.308884,9.118489,-1.183865
-1.337093,9.119281,-1.183899
-1.364977,9.118791,-1.181649
-1.391756,9.11665,-1.179077
-1.418186,9.11366,-1.176057
-1.444218,9.109315,-1.172398
-1.469318,9.102869,-1.169071
-1.493669,9.094606,-1.16521
-1.517151,9.084071,-1.161183
-1.539921,9.071386,-1.156989
-1.562055,9.056937,-1.152541
-1.583443,9.040324,-1.147585
-1.604196,9.022401,-1.141653
-1.623779,9.003521,-1.134709
-1.642271,8.983319,-1.126567
-1.659834,8.963317,-1.116901
-1.676254,8.943369,-1.105927
-1.691389,8.923467,-1.094059
-1.705445,8.903255,-1.081091
-1.718979,8.882473,-1.066448
-1.73196,8.861091,-1.050517
-1.744261,8.838885,-1.034067
-1.755767,8.815454,-1.016345
-1.766927,8.791408,-0.997523
-1.777607,8.766001,-0.977834
-1.787918,8.739501,-0.957979
-1.797505,8.711674,-0.939298
-1.806388,8.68294,-0.922331
-1.814228,8.653194,-0.907042
-1.821111,8.622677,-0.893635
-1.826798,8.591344,-0.882165
-1.83127,8.559121,-0.871709
-1.834435,8.525898,-0.86279
-1.836451,8.491998,-0.855448
-1.837917,8.457611,-0.847945
-1.838059,8.421489,-0.839261
-1.836937,8.384278,-0.829169
-1.834891,8.346419,-0.817757
-1.831698,8.307945,-0.804127
-1.827912,8.269392,-0.788432
-1.823096,8.230078,-0.770898
-1.818414,8.19066,-0.75057
-1.813368,8.150757,-0.729492
-1.80709,8.110485,-0.707091
-1.799903,8.069954,-0.684544
-1.792132,8.0294,-0.662895
-1.783461,7.989369,-0.642513
-1.774256,7.949919,-0.623843
-1.764407,7.911497,-0.606708
-1.753746,7.874243,-0.591296
-1.742249,7.837728,-0.577171
-1.729883,7.802983,-0.564159
-1.716609,7.768738,-0.552306
-1.702507,7.734897,-0.542066
-1.6877,7.701441,-0.532868
-1.672393,7.66849,-0.524557
-1.656614,7.635654,-0.51772
-1.640364,7.603124,-0.511842
-1.623751,7.570845,-0.507068
-1.60688,7.538759,-0.503241
-1.589362,7.506971,-0.500452
-1.571205,7.475564,-0.49896
-1.552635,7.444579,-0.498872
-1.533942,7.414102,-0.499738
-1.515386,7.384234,-0.501543
-1.497186,7.35525,-0.504082
-1.479471,7.327479,-0.507123
-1.462257,7.300749,-0.509167
-1.445455,7.275034,-0.509687
-1.429187,7.250487,-0.508284
-1.413575,7.226965,-0.504709
-1.398529,7.204376,-0.499646
-1.384409,7.182708,-0.492285
-1.371101,7.161834,-0.483225
-1.358478,7.141766,-0.472078
-1.346632,7.122441,-0.459167
-1.335157,7.103694,-0.445178
-1.324968,7.085814,-0.430512
-1.315558,7.068864,-0.415952
-1.307213,7.05245,-0.402892
-1.299775,7.036565,-0.391405
-1.293407,7.021192,-0.381534
-1.287822,7.006299,-0.373527
-1.282489,6.991865,-0.367971
-1.277305,6.977864,-0.364372
-1.271723,6.965004,-0.362715
-1.265769,6.953459,-0.362895
-1.259319,6.943405,-0.363344
-1.252235,6.934264,-0.36498
-1.244206,6.925504,-0.366557
-1.235896,6.917192,-0.367438
-1.226677,6.908911,-0.366141
-1.216186,6.900108,-0.363323
-1.204133,6.890606,-0.35945
-1.190895,6.880665,-0.355341
-1.176749,6.87029,-0.350225
-1.16114,6.859292,-0.344431
-1.144258,6.847789,-0.336848
-1.126193,6.835792,-0.329001
-1.107356,6.823901,-0.321751
-1.088029,6.812117,-0.315816
-1.06849,6.800771,-0.311476
-1.048755,6.789548,-0.308756
-1.029056,6.778518,-0.307688
-1.00949,6.767704,-0.308076
-0.98996,6.756763,-0.309895
-0.970437,6.745485,-0.313077
-0.95092,6.734052,-0.317882
-0.931318,6.722138,-0.323736
-0.911351,6.710161,-0.330861
-0.891299,6.697706,-0.337897
-0.871089,6.684934,-0.34429
-0.850748,6.671924,-0.348997
-0.830082,6.658759,-0.352033
-0.809416,6.645785,-0.353417
-0.788749,6.63291,-0.352864
-0.768123,6.62006,-0.350573
-0.747567,6.60754,-0.347154
-0.726811,6.595328,-0.343062
-0.705655,6.583182,-0.338715
-0.684333,6.570873,-0.333967
-0.663029,6.558459,-0.328907
-0.641655,6.54507,-0.324502
-0.62036,6.530801,-0.321009
-0.599373,6.515215,-0.319315
-0.578848,6.498424,-0.319472
-0.558459,6.480815,-0.3213
-0.538316,6.462293,-0.324849
-0.518357,6.442971,-0.32967
-0.498572,6.422453,-0.335434
-0.479018,6.400608,-0.340881
-0.459873,6.377417,-0.344852
-0.441338,6.352716,-0.347374
-0.422867,6.326386,-0.348068
-0.404913,6.29841,-0.346697
-0.387457,6.268862,-0.343989
-0.370362,6.237981,-0.340512
-0.353793,6.206391,-0.337337
-0.337105,6.174112,-0.336038
-0.320015,6.141573,-0.336828
-0.30293,6.108647,-0.339616
-0.28607,6.075369,-0.344322
-0.269702,6.0416,-0.350213
-0.253446,6.007677,-0.357647
-0.237203,5.974002,-0.36627
-0.221276,5.940557,-0.375991
-0.205678,5.907959,-0.386587
-0.190455,5.876387,-0.398212
-0.175533,5.846189,-0.411079
-0.161046,5.817331,-0.424308
-0.146492,5.790042,-0.438309
-0.132568,5.763664,-0.450942
-0.11875,5.738021,-0.461957
-0.105293,5.712823,-0.470924
-0.091896,5.687837,-0.477712
-0.078254,5.662898,-0.482005
-0.064787,5.637897,-0.484844
-0.051852,5.612676,-0.485255
-0.038305,5.587387,-0.485488
-0.024325,5.562091,-0.486713
-0.00975,5.53688,-0.489474
0.005661,5.511909,-0.494013
0.021861,5.487275,-0.500365
0.038731,5.463039,-0.508152
0.056411,5.439412,-0.517907
0.074873,5.416081,-0.528089
0.094079,5.393231,-0.537731
0.113337,5.371013,-0.544393
0.133282,5.349288,-0.549202
0.153442,5.32804,-0.551933
0.173547,5.307299,-0.552278
0.193766,5.287131,-0.550942
0.214023,5.267263,-0.549101
0.234185,5.247919,-0.547807
0.254171,5.229227,-0.547862
0.273408,5.210876,-0.549229
0.292569,5.192969,-0.552326
0.311515,5.175617,-0.557155
0.329968,5.158553,-0.562875
0.348075,5.141765,-0.569511
0.365782,5.125538,-0.577047
0.383266,5.109741,-0.585469
0.40056,5.094381,-0.594446
0.417652,5.079654,-0.602465
0.434732,5.065577,-0.608996
0.451435,5.052237,-0.613853
0.467758,5.039497,-0.61698
0.484094,5.027426,-0.617735
0.500404,5.016163,-0.617033
0.516347,5.005686,-0.614583
0.531204,4.996263,-0.611635
0.545842,4.987573,-0.609312
0.560276,4.979507,-0.608439
0.574354,4.971946,-0.609221
0.588269,4.964594,-0.611789
0.601996,4.957892,-0.615578
0.61567,4.9521,-0.620809
0.629411,4.946915,-0.62637
0.643553,4.942081,-0.63097
0.657594,4.937755,-0.633921
0.671968,4.934106,-0.634835
0.686891,4.930884,-0.633652
0.7023,4.927946,-0.631067
0.718098,4.925239,-0.627295
0.734387,4.92285,-0.623895
0.750687,4.92103,-0.621439
0.767235,4.919152,-0.62061
0.783985,4.917209,-0.621131
0.800711,4.915385,-0.622715
0.817751,4.913323,-0.625947
0.835187,4.911087,-0.630656
0.852205,4.908761,-0.636213
0.869209,4.906312,-0.642579
0.886301,4.903726,-0.648856
0.903134,4.900883,-0.653264
0.920038,4.897596,-0.656279
0.937425,4.893663,-0.657232
0.954609,4.889189,-0.656412
0.971831,4.884308,-0.653883
0.989123,4.878925,-0.650769
1.006203,4.87326,-0.648185
1.023603,4.867693,-0.647088
1.041138,4.862347,-0.647225
1.058735,4.85692,-0.648746
1.076321,4.85137,-0.651193
1.093973,4.845537,-0.654551
1.111115,4.839614,-0.658486
1.128338,4.833438,-0.662798
1.145278,4.826952,-0.667355
1.162131,4.820265,-0.671613
1.178811,4.813159,-0.673666
1.195848,4.805397,-0.673696
1.212564,4.797137,-0.672393
1.230009,4.788395,-0.669419
1.247278,4.779284,-0.665285
1.263382,4.770311,-0.658799
1.279764,4.761218,-0.653074
1.296107,4.752107,-0.648343
1.312447,4.742933,-0.644743
1.328831,4.733802,-0.642213
1.345194,4.724731,-0.641022
1.36172,4.71544,-0.64059
1.378407,4.706393,-0.640776
1.395118,4.697091,-0.640961
1.411231,4.687446,-0.640847
1.427043,4.677271,-0.638419
1.443983,4.666392,-0.635178
1.461704,4.655315,-0.630543
1.480026,4.643363,-0.625043
1.499354,4.630747,-0.619282
1.518942,4.617839,-0.614775
1.538868,4.604817,-0.610856
1.558583,4.591576,-0.608613
1.578311,4.578527,-0.608139
1.597744,4.566035,-0.608741
1.616881,4.554043,-0.610904
1.635635,4.542592,-0.613923
1.653907,4.531755,-0.618156
1.671242,4.521383,-0.623474
1.687702,4.511652,-0.629356
1.703528,4.502115,-0.635579
1.718533,4.492923,-0.641026
1.733628,4.48341,-0.644898
1.747891,4.473957,-0.647074
1.76215,4.464128,-0.647591
1.776084,4.45403,-0.647063
1.788949,4.444101,-0.643972
1.801777,4.433588,-0.63877
1.814165,4.422796,-0.631541
1.826187,4.411751,-0.622105
1.837961,4.400314,-0.610949
1.849224,4.38874,-0.597543
1.860135,4.376909,-0.582571
1.870863,4.364887,-0.565798
1.881047,4.353147,-0.54671
1.891526,4.341517,-0.526109
1.901533,4.330588,-0.503747
1.911628,4.320184,-0.481646
1.92158,4.310308,-0.460039
1.931486,4.300945,-0.439743
1.941406,4.29232,-0.420715
1.951156,4.284162,-0.403142
1.960614,4.276217,-0.387107
1.96995,4.268594,-0.372653
1.979276,4.261273,-0.359766
1.988606,4.2541,-0.348794
1.997325,4.247298,-0.338682
2.005817,4.240451,-0.330677
2.013722,4.233683,-0.323855
2.021521,4.22689,-0.318827
2.029156,4.220227,-0.315384
2.036347,4.213737,-0.312928
2.043222,4.207471,-0.311845
2.049949,4.201379,-0.311851
2.056454,4.19565,-0.312873
2.062716,4.190146,-0.315025
2.068943,4.184886,-0.31835
2.074982,4.179654,-0.322862
2.081207,4.174477,-0.328576
2.087621,4.169032,-0.333994
2.093651,4.163619,-0.338088
2.099882,4.158083,-0.3405
2.105526,4.152581,-0.340071
2.110678,4.147136,-0.337931
2.115733,4.141607,-0.33424
2.120591,4.136263,-0.328718
2.126965,4.130916,-0.322158
2.133618,4.126875,-0.313965
2.142033,4.123764,-0.303989
2.150614,4.122051,-0.291655
2.159981,4.12086,-0.277143
2.170522,4.11965,-0.261252
2.18168,4.118447,-0.24395
2.193224,4.11726,-0.225628
2.204761,4.116166,-0.20602
2.216968,4.114936,-0.186133
2.229495,4.113571,-0.167908
2.242321,4.111659,-0.151013
2.255163,4.109176,-0.135856
2.267893,4.105961,-0.122076
2.280482,4.101903,-0.10967
2.293048,4.097251,-0.097747
2.305233,4.091816,-0.086616
2.317241,4.08561,-0.075853
2.329101,4.078453,-0.064482
2.340997,4.070469,-0.051962
2.353268,4.061763,-0.038528
2.3651,4.052723,-0.023684
2.376543,4.043488,-0.006747
2.387771,4.033717,0.012019
2.399202,4.023261,0.032274
2.410779,4.011885,0.053737
2.422105,3.999611,0.074185
2.433059,3.986278,0.09314
2.443588,3.971948,0.110344
2.453801,3.956845,0.125969
2.463768,3.940825,0.140423
2.473762,3.924343,0.153296
2.483514,3.907306,0.164658
2.493365,3.889792,0.17443
2.503215,3.871597,0.182771
2.513066,3.85283,0.189348
2.522866,3.833641,0.194355
2.532901,3.81443,0.197593
2.543541,3.795436,0.199662
2.554719,3.77671,0.200372
2.566287,3.758573,0.200811
2.578645,3.740875,0.201699
2.590981,3.72332,0.204142
2.603504,3.705703,0.208333
2.616198,3.687933,0.214477
2.62952,3.66962,0.221913
2.643023,3.651277,0.229585
2.656623,3.63256,0.236527
2.670571,3.61354,0.242349
2.684752,3.594245,0.246607
2.699217,3.574725,0.249347
2.714307,3.554821,0.250431
2.729288,3.534377,0.250421
2.744636,3.513575,0.249288
2.760173,3.492396,0.247139
2.776033,3.470885,0.24473
2.792306,3.449149,0.243455
2.809494,3.426773,0.243344
2.827398,3.40403,0.244905
2.844835,3.381338,0.248382
2.862384,3.358389,0.254122
2.880799,3.335194,0.260748
2.898723,3.312086,0.268184
2.916801,3.288799,0.275671
2.93518,3.265456,0.281786
2.953969,3.242067,0.286898
2.972611,3.218565,0.290623
2.990814,3.195058,0.293265
3.008645,3.17149,0.29495
3.026072,3.147809,0.29566
3.04315,3.124178,0.295336
3.060017,3.100624,0.293939
3.076652,3.07726,0.291538
3.093012,3.054062,0.288162
3.109271,3.031116,0.283789
3.125421,3.008267,0.278319
3.141133,2.985664,0.27253
3.156258,2.963578,0.268697
3.171525,2.941378,0.266263
3.184832,2.919853,0.266263
3.196768,2.899049,0.26788
3.207148,2.879099,0.272358
3.215166,2.859871,0.28036
3.222451,2.841068,0.290008
3.229141,2.822634,0.30069
3.235631,2.804779,0.31154
3.240813,2.787451,0.321935
3.245446,2.77106,0.330974
3.248807,2.755553,0.338965
3.251426,2.741454,0.346451
3.253805,2.72872,0.352664
3.256131,2.717564,0.35764
3.258727,2.707928,0.361425
3.261837,2.69959,0.364241
3.265156,2.692167,0.365876
3.268971,2.685249,0.365992
3.272908,2.678646,0.364981
3.27705,2.672349,0.363123
3.281562,2.666006,0.359627
3.286149,2.660036,0.355526
3.291114,2.654679,0.350613
3.296421,2.65018,0.34479
3.301911,2.646629,0.338003
3.308071,2.643802,0.330313
3.314489,2.641351,0.321545
3.321108,2.639334,0.311934
3.327772,2.637561,0.301594
3.334464,2.635836,0.290273
3.341172,2.634546,0.278123
3.348053,2.633259,0.264904
3.355063,2.632646,0.250466
3.362412,2.631852,0.235959
3.370015,2.631741,0.222391
3.378226,2.631484,0.210486
3.387571,2.630866,0.199658
3.39686,2.630777,0.19127
3.406625,2.630482,0.185808
3.417148,2.629617,0.182881
3.428862,2.627451,0.181225
3.440656,2.623853,0.180944
3.452374,2.618511,0.181782
3.464499,2.61103,0.183829
3.477184,2.601384,0.187166
3.490307,2.590457,0.192172
3.502938,2.57771,0.198291
3.517012,2.564009,0.203427
3.532043,2.549159,0.206905
3.54796,2.53318,0.208802
3.564487,2.51659,0.209575
3.581339,2.499216,0.211486
3.599042,2.48127,0.215155
3.617042,2.46251,0.22118
3.635144,2.443051,0.228809
3.654039,2.422667,0.23825
3.673649,2.401404,0.248012
3.693976,2.379793,0.259056
3.713712,2.357847,0.271687
3.732908,2.335771,0.285598
3.752182,2.313442,0.299596
3.771425,2.291004,0.312432
3.790707,2.268524,0.324479
3.809829,2.245933,0.334512
3.828581,2.223574,0.343206
3.846898,2.201178,0.350151
3.86504,2.178674,0.355337
3.882856,2.156222,0.359657
3.900219,2.133906,0.363032
3.917112,2.111481,0.365645
3.9337,2.088844,0.367247
3.950161,2.065805,0.368185
3.9663,2.042634,0.36932
3.982808,2.018786,0.371236
3.998736,1.994778,0.375539
4.015677,1.970349,0.381037
4.03262,1.945752,0.387737
4.049304,1.92133,0.396871
4.066265,1.896896,0.407419
4.083112,1.87257,0.418314
4.099741,1.848441,0.428531
4.116201,1.824468,0.437515
4.132443,1.800708,0.445094
4.148404,1.777219,0.451158
4.163943,1.754027,0.455848
4.179207,1.731113,0.45896
4.193865,1.708274,0.460581
4.208114,1.68569,0.460519
4.221714,1.66346,0.459456
4.234808,1.641569,0.457361
4.247383,1.619947,0.454142
4.259469,1.598485,0.450528
4.271978,1.577244,0.446517
4.284154,1.556513,0.44362
4.295297,1.536205,0.442305
4.305773,1.516427,0.443054
4.315178,1.497227,0.446761
4.323307,1.478866,0.453746
4.331178,1.461017,0.464159
4.339046,1.443793,0.475979
4.345906,1.427413,0.489654
4.352914,1.411674,0.504308
4.35928,1.39642,0.519253
4.365457,1.381502,0.533058
4.371308,1.366859,0.545074
4.376608,1.352738,0.555983
4.381391,1.33889,0.565707
4.386074,1.325692,0.573999
4.390216,1.312795,0.581062
4.393721,1.300343,0.587602
4.396839,1.287803,0.594692
4.399517,1.27524,0.603361
4.40203,1.262671,0.613815
4.404678,1.249953,0.626231
4.407363,1.237475,0.640125
4.410213,1.225,0.65402
4.413075,1.213099,0.66702
4.416083,1.201108,0.678518
4.419157,1.189271,0.688713
4.421993,1.177562,0.69735
4.424739,1.165567,0.704083
4.427701,1.153298,0.709036
4.43085,1.140459,0.713055
4.434269,1.126708,0.715965
4.437576,1.112282,0.71773
4.441093,1.096979,0.718446
4.444585,1.080725,0.718598
4.448464,1.063683,0.717793
4.452292,1.045818,0.716527
4.456099,1.026957,0.714282
4.460178,1.007352,0.711343
4.463963,0.987404,0.708191
4.468015,0.967118,0.704177
4.472298,0.946766,0.699326
4.476871,0.926308,0.693474
4.48171,0.905896,0.686822
4.486646,0.885529,0.680386
4.4916,0.865354,0.675967
4.497487,0.845219,0.673045
4.502828,0.825416,0.672429
4.507593,0.805934,0.673792
4.512093,0.786776,0.676246
4.51607,0.767995,0.680323
4.520643,0.749552,0.685251
4.525054,0.731882,0.691689
4.528318,0.715144,0.699835
4.531128,0.699391,0.709925
4.534186,0.684618,0.722111
4.536186,0.671227,0.736434
4.537806,0.659157,0.752719
4.539351,0.648118,0.770976
4.540761,0.638566,0.789909
4.541727,0.62975,0.808338
4.542412,0.621631,0.825464
4.543088,0.614312,0.840893
4.543709,0.607421,0.854489
4.543846,0.601089,0.866427
4.543598,0.595189,0.877041
4.543083,0.589981,0.886003
4.542381,0.585605,0.893498
4.54143,0.582242,0.899321
4.54018,0.579741,0.903133
4.538482,0.578139,0.905494
4.536473,0.577425,0.906491
4.534306,0.577677,0.905998
4.532421,0.578547,0.903806
4.530638,0.580303,0.900247
4.529045,0.583223,0.895162
4.527933,0.586915,0.888484
4.52723,0.591681,0.880389
4.526799,0.597608,0.870674
4.527002,0.604986,0.860018
4.527828,0.613589,0.848243
4.529462,0.623196,0.835291
4.53175,0.633682,0.821581
4.534665,0.644775,0.80712
4.537964,0.656263,0.792313
4.541612,0.667714,0.7783
4.545906,0.678983,0.765664
4.550059,0.690063,0.755424
4.553979,0.700816,0.747342
4.557798,0.711031,0.741603
4.561336,0.721075,0.737534
4.564918,0.73089,0.735012
4.568136,0.740471,0.732592
4.571037,0.750052,0.729132
4.573999,0.759561,0.724323
4.576896,0.769364,0.718325
4.579845,0.779623,0.711114
4.582902,0.789924,0.702791
4.586306,0.800148,0.693408
4.589658,0.810446,0.683107
4.593423,0.820424,0.671668
4.597326,0.830704,0.659469
4.601071,0.840366,0.646438
4.604633,0.849486,0.632344
4.60786,0.85808,0.617909
4.610785,0.866044,0.601553
4.613436,0.87355,0.584063
4.616346,0.880942,0.565718
4.619395,0.887942,0.548049
4.622853,0.894759,0.531997
4.626406,0.901488,0.517246
4.630042,0.908041,0.504197
4.634428,0.914567,0.492418
4.638971,0.921306,0.481523
4.643904,0.928181,0.47032
4.648914,0.934969,0.457853
4.654201,0.941958,0.444085
4.65973,0.948682,0.428914
4.665331,0.954991,0.412233
4.671088,0.96078,0.393494
4.676644,0.965636,0.37294
4.682574,0.969459,0.350412
4.688126,0.972252,0.326514
4.693702,0.973976,0.301142
4.699595,0.974714,0.275085
4.705953,0.974799,0.249506
4.71239,0.974534,0.225616
4.718705,0.974565,0.203319
4.72497,0.974754,0.182722
4.731361,0.975354,0.164221
4.73761,0.976649,0.147593
4.743379,0.978743,0.132998
4.748507,0.981837,0.120654
4.752901,0.985906,0.109923
4.757162,0.990473,0.099285
4.761246,0.995152,0.087398
4.764999,0.999951,0.073584
4.768288,1.004813,0.058045
4.770892,1.009438,0.041257
4.772648,1.013747,0.024713
4.773428,1.017841,0.009341
4.773253,1.02182,-0.004588
4.771807,1.026475,-0.016214
4.769824,1.031412,-0.025771
4.767731,1.036207,-0.033635
4.765003,1.041549,-0.039581
4.761729,1.047571,-0.043383
4.758442,1.053731,-0.045856
4.7548,1.060407,-0.047954
4.750573,1.067636,-0.049411
4.746605,1.074788,-0.050196
4.742647,1.081944,-0.052959
4.738648,1.089039,-0.058085
4.734851,1.09584,-0.065526
4.731459,1.10238,-0.074666
4.728689,1.108366,-0.085796
4.726711,1.113918,-0.098917
4.72524,1.11938,-0.114048
4.724237,1.124792,-0.131498
4.723473,1.130444,-0.15016
4.722932,1.135967,-0.169145
4.721926,1.142605,-0.186807
4.720437,1.150167,-0.203548
4.717903,1.158919,-0.218234
4.714475,1.168984,-0.230221
4.709317,1.181113,-0.239954
4.702722,1.195147,-0.247301
4.694721,1.211077,-0.253987
4.686396,1.228068,-0.261833
4.677289,1.246187,-0.270465
4.667238,1.265526,-0.281437
4.65662,1.285561,-0.293926
4.645619,1.306229,-0.307639
4.634284,1.327329,-0.322828
4.622824,1.348216,-0.339887
4.611144,1.36913,-0.357834
4.599474,1.389758,-0.377131
4.587501,1.410575,-0.397933
4.575284,1.431145,-0.420229
4.563092,1.451686,-0.443749
4.550658,1.471952,-0.468674
4.538959,1.490825,-0.494559
4.527344,1.50887,-0.522068
4.51612,1.526154,-0.550895
4.504845,1.543018,-0.58116
4.493927,1.559348,-0.612926
4.483323,1.575387,-0.645934
4.473248,1.590824,-0.680087
4.463918,1.606453,-0.715239
4.455383,1.622467,-0.75169
4.447563,1.638369,-0.789328
4.44133,1.654627,-0.827657
4.436496,1.670898,-0.86685
4.433131,1.686749,-0.905661
4.431335,1.701788,-0.942879
4.430481,1.716045,-0.978202
4.430567,1.729646,-1.011655
4.431018,1.742388,-1.042458
4.431233,1.755675,-1.07091
4.431295,1.768718,-1.097403
4.431264,1.781795,-1.122053
4.430954,1.795234,-1.144822
4.4303,1.809274,-1.166752
4.429187,1.823791,-1.187675
4.427725,1.838524,-1.206828
4.425903,1.853845,-1.222069
4.424516,1.868634,-1.234902
4.423211,1.88306,-1.24551
4.421841,1.896961,-1.254414
4.420835,1.910283,-1.262113
4.420186,1.922708,-1.268133
4.419643,1.934489,-1.272079
4.418914,1.945822,-1.273922
4.418301,1.956294,-1.274573
4.417523,1.966321,-1.272983
4.416626,1.975638,-1.270148
4.41569,1.983789,-1.265809
4.414062,1.991138,-1.259868
4.412112,1.997217,-1.251779
4.409706,2.002138,-1.242589
4.406711,2.005572,-1.231461
4.403104,2.007473,-1.218128
4.398739,2.007868,-1.203662
4.393388,2.007236,-1.187715
4.387436,2.005005,-1.172876
4.381217,2.00079,-1.160233
4.374539,1.994775,-1.150066
4.367994,1.986734,-1.143168
4.36145,1.977128,-1.138348
4.354689,1.96626,-1.136009
4.347702,1.954835,-1.135447
4.340099,1.943244,-1.135918
4.331945,1.931851,-1.137307
4.32312,1.921758,-1.139044
4.313929,1.913423,-1.140893
4.304848,1.905883,-1.142899
4.295693,1.900331,-1.144305
4.287076,1.896151,-1.144937
4.278495,1.893975,-1.142355
4.270129,1.893004,-1.137046
4.261561,1.893149,-1.129681
4.25211,1.894708,-1.120724
4.241957,1.897278,-1.109535
4.231573,1.899664,-1.096475
4.220706,1.901717,-1.080921
4.210185,1.902828,-1.066425
4.198648,1.904131,-1.052346
4.187173,1.904663,-1.040866
4.175052,1.904926,-1.030738
4.162302,1.904906,-1.021596
4.149175,1.90457,-1.01247
4.135832,1.90372,-1.001776
4.122119,1.902601,-0.98962
4.107983,1.901343,-0.975284
4.092917,1.90027,-0.958605
4.077008,1.899392,-0.939727
4.060517,1.898466,-0.91963
4.044156,1.897929,-0.899626
4.028388,1.897611,-0.880871
4.013912,1.897885,-0.863981
4.000113,1.898701,-0.848832
3.987206,1.900115,-0.835162
3.975616,1.902446,-0.823214
3.964844,1.905681,-0.812879
3.954571,1.909721,-0.803492
3.94439,1.914367,-0.795003
3.933888,1.91922,-0.786308
3.923048,1.923962,-0.776338
3.912276,1.928059,-0.765103
3.900967,1.931737,-0.752529
3.88968,1.935316,-0.738454
3.878374,1.938971,-0.723593
3.867338,1.942581,-0.708876
3.856862,1.946181,-0.695382
3.846673,1.950225,-0.683123
3.837031,1.954579,-0.672109
3.828215,1.959369,-0.662302
3.820333,1.964705,-0.653324
3.813257,1.970411,-0.645306
3.807031,1.976423,-0.637807
3.80198,1.983001,-0.630934
3.798205,1.990224,-0.624211
3.795901,1.998062,-0.616049
3.795146,2.006202,-0.606285
3.79509,2.014538,-0.59489
3.79564,2.023018,-0.581465
3.79681,2.030864,-0.566695
3.798202,2.038595,-0.550916
3.799646,2.045904,-0.534371
3.800982,2.052777,-0.517954
3.802016,2.059671,-0.502676
3.802298,2.06551,-0.489302
3.801979,2.070808,-0.477132
3.80135,2.075313,-0.466469
3.800558,2.079108,-0.457291
3.799686,2.082016,-0.449732
3.799046,2.083903,-0.443563
3.798645,2.084537,-0.438903
3.798674,2.083757,-0.435535
3.799336,2.081443,-0.433013
3.800554,2.07774,-0.430494
3.802311,2.07283,-0.426558
3.804937,2.066266,-0.421935
3.807317,2.059505,-0.415219
3.809709,2.052476,-0.405347
3.812585,2.044328,-0.393948
3.81504,2.036295,-0.379329
3.818365,2.026726,-0.362889
3.821323,2.017504,-0.342948
3.824542,2.007436,-0.321351
3.827778,1.99754,-0.298428
3.831036,1.987839,-0.273697
3.834492,1.977616,-0.247733
3.837705,1.967276,-0.220589
3.840852,1.95651,-0.191793
3.844479,1.944749,-0.160987
3.847999,1.932529,-0.129455
3.851171,1.920236,-0.098635
3.853983,1.907794,-0.068951
3.856061,1.895255,-0.040592
3.857592,1.882378,-0.014277
3.858365,1.869656,0.010364
3.858378,1.85699,0.033897
3.857785,1.844314,0.057268
3.856704,1.831898,0.080256
3.854975,1.820058,0.103156
3.852688,1.809011,0.126103
3.850225,1.798717,0.148756
3.84771,1.788916,0.171372
3.845514,1.779786,0.192817
3.8439,1.771163,0.213611
3.843091,1.763229,0.23328
3.843123,1.756022,0.251819
3.84399,1.749761,0.269707
3.84545,1.744947,0.286887
3.84742,1.741516,0.304319
3.849491,1.739538,0.322092
3.851236,1.738891,0.339594
3.852488,1.739409,0.356671
3.853133,1.740828,0.373613
3.853043,1.743278,0.390263
3.852165,1.746319,0.406643
3.850854,1.749529,0.422429
3.849274,1.752764,0.439375
3.847376,1.756135,0.457642
3.845399,1.759244,0.477195
3.843668,1.761954,0.497915
3.842221,1.764345,0.519956
3.841034,1.766382,0.541829
3.840001,1.76843,0.562696
3.839145,1.770169,0.581896
3.838651,1.771629,0.599221
3.838035,1.773145,0.615309
3.837518,1.774531,0.629651
3.837289,1.775354,0.641877
3.837209,1.776017,0.653027
3.837009,1.776384,0.662368
3.836685,1.776315,0.669794
3.836259,1.775682,0.675414
3.835467,1.774429,0.679455
3.834234,1.772384,0.681811
3.832603,1.769619,0.6826
3.830301,1.76606,0.681905
3.827621,1.761694,0.679566
3.824311,1.756231,0.676016
3.820759,1.749884,0.67188
3.816391,1.742606,0.668407
3.811407,1.73453,0.665965
3.806615,1.725793,0.665511
3.802446,1.716339,0.666898
3.798655,1.706457,0.669917
3.795627,1.696246,0.673646
3.791722,1.686162,0.676815
3.788297,1.675891,0.679481
3.785147,1.66523,0.680297
3.782649,1.654086,0.679589
3.780336,1.642546,0.677574
3.778427,1.630694,0.675161
3.776765,1.618456,0.674079
3.774768,1.605991,0.674767
3.773082,1.593008,0.677525
3.772572,1.579258,0.681242
3.773022,1.564743,0.686044
3.774364,1.549355,0.692842
3.775651,1.533617,0.700613
3.777618,1.516638,0.710222
3.780365,1.498397,0.7204
3.783824,1.478961,0.730242
3.787857,1.458467,0.738831
3.792272,1.436845,0.745846
3.796991,1.414069,0.751303
3.802238,1.390244,0.755547
3.807724,1.3655,0.758793
3.813592,1.34001,0.76101
3.819975,1.314188,0.761798
3.826785,1.287811,0.761616
3.834095,1.260935,0.760233
3.841762,1.233637,0.757835
3.849805,1.205831,0.754848
3.858429,1.17737,0.752239
3.86819,1.148533,0.750764
3.879169,1.118812,0.750575
3.890594,1.088742,0.751909
3.901921,1.058334,0.755041
3.913599,1.027552,0.759644
3.925557,0.996598,0.766149
3.936553,0.965724,0.774198
3.946695,0.934742,0.783006
3.956109,0.903571,0.791211
3.964852,0.872144,0.798248
3.972779,0.840308,0.803723
3.980324,0.808118,0.807486
3.987612,0.775624,0.809992
3.994533,0.742833,0.811341
4.001386,0.709869,0.811442
4.008128,0.676646,0.810261
4.014656,0.643173,0.808893
4.021349,0.609454,0.808563
4.028041,0.575622,0.809368
4.034006,0.541772,0.811854
4.039881,0.507939,0.816217
4.045589,0.473862,0.822372
4.052498,0.439587,0.829123
4.059689,0.405035,0.835898
4.066873,0.370447,0.842045
4.074211,0.335901,0.847084
4.081904,0.301165,0.850709
4.089966,0.266323,0.852566
4.098257,0.231345,0.852872
4.106752,0.19616,0.852129
4.115432,0.160604,0.85076
4.124617,0.12494,0.850253
4.13454,0.089199,0.850791
4.145428,0.05318,0.852729
4.156763,0.01719,0.855332
4.168769,-0.019007,0.85995
4.18124,-0.055351,0.866586
4.194857,-0.091707,0.874335
4.208647,-0.1281,0.881852
4.22274,-0.164679,0.88866
4.237225,-0.201329,0.894068
4.251848,-0.237843,0.898085
4.267035,-0.274211,0.900637
4.282836,-0.310523,0.901764
4.298881,-0.346801,0.900986
4.315359,-0.383278,0.89872
4.332067,-0.41984,0.895471
4.348722,-0.45679,0.892909
4.365425,-0.494174,0.891265
4.382373,-0.532392,0.891071
4.398722,-0.570679,0.892051
4.414833,-0.60943,0.894719
4.429535,-0.648257,0.899337
4.443056,-0.687237,0.906017
4.454248,-0.726231,0.915534
4.46429,-0.765079,0.928089
4.47273,-0.803886,0.942839
4.479488,-0.842604,0.958734
4.484724,-0.880752,0.974415
4.489207,-0.918714,0.988243
4.493175,-0.956559,1.000675
4.497205,-0.994056,1.011462
4.501686,-1.03106,1.020232
4.50648,-1.067911,1.027458
4.511641,-1.104414,1.03223
4.517381,-1.140498,1.03426
4.523575,-1.176368,1.033693
4.52953,-1.211895,1.031346
4.534943,-1.246757,1.0281
4.539254,-1.280328,1.024433
4.541901,-1.312034,1.021054
4.541977,-1.341617,1.018748
4.540036,-1.369264,1.01699
4.536798,-1.395143,1.014808
4.532611,-1.419712,1.012172
4.52824,-1.442884,1.008968
4.524109,-1.465041,1.004392
4.520362,-1.486544,0.998799
4.517139,-1.507569,0.992444
4.514066,-1.528335,0.985428
4.511376,-1.548602,0.977673
4.50906,-1.567728,0.969095
4.507272,-1.585009,0.959739
4.505974,-1.599847,0.949342
4.50541,-1.611934,0.938131
4.50529,-1.621349,0.926249
4.505933,-1.62874,0.913093
4.507228,-1.634758,0.899351
4.509307,-1.639743,0.884655
4.512175,-1.643966,0.87011
4.515897,-1.647533,0.85809
4.520739,-1.650905,0.84824
4.525718,-1.654262,0.841299
4.53107,-1.657683,0.836811
4.536445,-1.660768,0.834623
4.542564,-1.663904,0.832021
4.54936,-1.666954,0.828659
4.55666,-1.66999,0.824622
4.563827,-1.673186,0.819929
4.570777,-1.676028,0.814723
4.577216,-1.678925,0.809117
4.582531,-1.681806,0.803905
4.586936,-1.684299,0.799027
4.590818,-1.686463,0.7941
4.594654,-1.688442,0.788366
4.598694,-1.689828,0.781558
4.60314,-1.691217,0.774005
4.608357,-1.692672,0.76594
4.614365,-1.694236,0.757204
4.620666,-1.696183,0.74861
4.626842,-1.697996,0.740089
4.633033,-1.700132,0.732056
4.638688,-1.702569,0.724967
4.643801,-1.705383,0.718302
4.648398,-1.708782,0.712008
