4.686893,-1.785247,0.823734
4.685412,-1.784501,0.863755
4.684175,-1.784389,0.902373
4.683109,-1.784704,0.938395
4.681865,-1.784123,0.972464
4.680973,-1.783483,1.003802
4.680707,-1.782378,1.032268
4.681037,-1.78125,1.057242
4.682364,-1.780499,1.078169
4.6844,-1.780362,1.092203
4.686513,-1.780137,1.097762
4.688896,-1.779731,1.094196
4.691141,-1.779449,1.081764
4.693041,-1.779291,1.061923
4.69415,-1.779393,1.036038
4.695128,-1.779522,1.006751
4.696363,-1.779103,0.975315
4.697855,-1.778739,0.94279
4.699744,-1.779088,0.909722
4.70235,-1.780513,0.876329
4.702547,-1.776897,0.839123
4.704726,-1.778426,0.806073
4.706604,-1.77978,0.774537
4.708217,-1.781136,0.745536
4.709692,-1.782877,0.720477
4.711067,-1.785007,0.700949
4.711993,-1.787327,0.688489
4.71211,-1.78898,0.684109
4.710958,-1.789896,0.688726
4.709029,-1.790752,0.702557
4.706776,-1.791704,0.723889
4.704544,-1.792279,0.750073
4.701871,-1.792274,0.779336
4.699159,-1.791684,0.810865
4.696697,-1.790857,0.843224
4.694498,-1.789573,0.876304
4.692827,-1.788349,0.908926
4.690682,-1.786367,0.941487
4.688478,-1.783822,0.973596
4.69293,-1.778833,1.010158
4.69216,-1.775509,1.042205
4.692045,-1.772735,1.071489
4.692547,-1.770774,1.0964
4.693542,-1.769454,1.11461
4.694375,-1.768516,1.125203
4.695128,-1.767408,1.127638
4.695867,-1.766773,1.121115
4.695944,-1.766912,1.106995
4.695854,-1.766874,1.086774
4.695404,-1.766595,1.06164
4.695599,-1.766032,1.03258
4.696263,-1.765356,1.00065
4.697315,-1.765438,0.967122
4.69876,-1.765188,0.932687
4.699917,-1.765176,0.897825
4.701127,-1.765526,0.862643
4.701848,-1.763225,0.825758
4.703446,-1.764223,0.793505
4.705268,-1.765265,0.763724
4.707129,-1.766361,0.736965
4.70916,-1.767353,0.713124
4.711204,-1.768483,0.693584
4.713207,-1.770342,0.679112
4.714523,-1.772667,0.67079
4.715083,-1.774631,0.669218
4.714313,-1.77555,0.675051
4.712629,-1.775735,0.68839
4.7105,-1.775495,0.7078
4.707931,-1.775085,0.732083
4.70489,-1.77425,0.759499
4.701158,-1.772101,0.790721
4.697143,-1.769536,0.82425
4.692883,-1.766896,0.859277
4.688485,-1.764946,0.89549
4.684089,-1.762836,0.932183
4.68011,-1.761145,0.968498
4.677022,-1.759933,1.003501
4.680849,-1.758679,1.042495
4.680094,-1.758256,1.073328
4.68013,-1.758608,1.100624
4.680707,-1.759532,1.122904
4.681363,-1.76082,1.138677
4.681606,-1.761339,1.146955
4.681413,-1.761565,1.147483
4.681229,-1.761533,1.140923
4.680837,-1.761484,1.127813
4.680608,-1.760791,1.109416
4.680546,-1.759442,1.086911
4.68051,-1.757686,1.062099
4.680855,-1.755765,1.035687
4.681406,-1.754357,1.008574
4.682068,-1.753447,0.981896
4.684218,-1.753782,0.955324
4.685159,-1.750515,0.928075
4.689617,-1.751871,0.904844
4.694555,-1.753586,0.884711
4.699982,-1.755876,0.868673
4.705396,-1.757993,0.856063
4.710281,-1.760065,0.847419
4.71526,-1.76239,0.841549
4.719803,-1.764459,0.838826
4.724085,-1.766337,0.837705
4.727473,-1.767394,0.837427
4.730349,-1.768266,0.837893
4.732793,-1.76906,0.838952
4.734923,-1.771365,0.840796
4.736867,-1.77408,0.843108
4.739581,-1.77739,0.845078
4.74279,-1.78011,0.846786
4.746811,-1.782611,0.848114
4.751527,-1.784669,0.849075
4.756959,-1.786708,0.849651
4.762647,-1.787704,0.85061
4.767925,-1.787642,0.851974
4.772383,-1.786271,0.853974
4.775622,-1.783439,0.856343
4.777938,-1.779247,0.858809
4.779304,-1.77501,0.8606
4.779545,-1.77047,0.861906
4.779273,-1.765589,0.862647
4.778319,-1.762556,0.86242
4.776622,-1.760544,0.862119
4.774511,-1.758699,0.861978
4.772021,-1.757,0.862065
4.769735,-1.755073,0.862245
4.767675,-1.752373,0.862255
4.766065,-1.748397,0.862022
4.764897,-1.743053,0.861569
4.764088,-1.736006,0.861034
4.763827,-1.726922,0.860474
4.763779,-1.716205,0.860116
4.764719,-1.704081,0.859578
4.766484,-1.690563,0.859216
4.769328,-1.675621,0.858932
4.772733,-1.659217,0.858948
4.776552,-1.641834,0.859461
4.780295,-1.62341,0.860272
4.784102,-1.604685,0.861475
4.788249,-1.58592,0.862422
4.792666,-1.567362,0.862737
4.797421,-1.549437,0.861978
4.802512,-1.532293,0.860462
4.807795,-1.515983,0.858459
4.812809,-1.500834,0.856131
4.816938,-1.487637,0.853494
4.820698,-1.475966,0.850909
4.823762,-1.465824,0.848477
4.82625,-1.45773,0.846258
4.827734,-1.451774,0.844426
4.828862,-1.447924,0.843036
4.829483,-1.446276,0.841888
4.829908,-1.446695,0.841002
4.829969,-1.448898,0.840806
4.829677,-1.453171,0.841821
4.828571,-1.459577,0.843618
4.827159,-1.468418,0.845822
4.825432,-1.479117,0.847469
4.823542,-1.491821,0.848267
4.821104,-1.5056,0.848623
4.817883,-1.520718,0.84869
4.813833,-1.537716,0.848999
4.809575,-1.55604,0.849882
4.804976,-1.575506,0.851463
4.800308,-1.596094,0.853672
4.795547,-1.617238,0.856256
4.790264,-1.638889,0.859381
4.784669,-1.661105,0.862466
4.778764,-1.684109,0.865363
4.772919,-1.707273,0.867509
4.766819,-1.730874,0.868774
4.760593,-1.754362,0.869361
4.754273,-1.777438,0.869789
4.748019,-1.800613,0.870031
4.741826,-1.824079,0.869983
4.735796,-1.847424,0.869728
4.72968,-1.870385,0.869599
4.723827,-1.89327,0.869167
4.717951,-1.915832,0.868382
4.712293,-1.937664,0.866781
4.70704,-1.95795,0.864684
4.702192,-1.976587,0.862403
4.697747,-1.993837,0.859809
4.693593,-2.009616,0.857603
4.689956,-2.023288,0.856534
4.68687,-2.034626,0.856479
4.684517,-2.043478,0.856933
4.683246,-2.049282,0.857654
4.683237,-2.05195,0.858721
4.684581,-2.05169,0.859653
4.687071,-2.048506,0.860696
4.690806,-2.042443,0.861702
4.695463,-2.033453,0.862915
4.701083,-2.021808,0.864608
4.707313,-2.008103,0.866425
4.714013,-1.992455,0.868415
4.720947,-1.975357,0.869951
4.727936,-1.95699,0.871036
4.735028,-1.937318,0.871447
4.741791,-1.917001,0.87109
4.748471,-1.895621,0.869985
4.755135,-1.873355,0.868681
4.761741,-1.850265,0.867458
4.768242,-1.827079,0.86604
4.77398,-1.804193,0.864782
4.779439,-1.781697,0.863643
4.784506,-1.759644,0.862767
4.789311,-1.73848,0.861801
4.79374,-1.718195,0.860415
4.7979,-1.699474,0.858347
4.801471,-1.682645,0.855771
4.804559,-1.668137,0.852709
4.806604,-1.655881,0.84888
4.807697,-1.644981,0.844876
4.808157,-1.634684,0.840969
4.807826,-1.625362,0.837158
4.806568,-1.617158,0.833843
4.804984,-1.611135,0.831192
4.803172,-1.606273,0.829779
4.80129,-1.601914,0.829536
4.79939,-1.598091,0.830068
4.797585,-1.594259,0.830727
4.795661,-1.590485,0.831161
4.793423,-1.585621,0.831161
4.790218,-1.57877,0.830619
4.785586,-1.570275,0.829874
4.780152,-1.560837,0.82871
4.773669,-1.550748,0.8274
4.766274,-1.540621,0.826194
4.757461,-1.53109,0.825272
4.746787,-1.5225,0.824455
4.734204,-1.515324,0.823853
4.719519,-1.509833,0.823871
4.703067,-1.506206,0.824416
4.685195,-1.504587,0.82531
4.6663,-1.505374,0.825859
4.646843,-1.508055,0.826083
4.627102,-1.513416,0.825801
4.607617,-1.521423,0.825408
4.588442,-1.533134,0.824984
4.570485,-1.548564,0.82414
4.554233,-1.567951,0.822606
4.540497,-1.590524,0.821128
4.529526,-1.616618,0.819977
4.521777,-1.646058,0.819171
4.516959,-1.677156,0.818919
4.515877,-1.710395,0.819228
4.51797,-1.744249,0.820006
4.523099,-1.778362,0.821387
4.531716,-1.810915,0.82264
4.542944,-1.840423,0.823721
4.55754,-1.866593,0.823928
4.574787,-1.888658,0.823382
4.594806,-1.906235,0.822054
4.616679,-1.919754,0.819788
4.639662,-1.9294,0.816979
4.663684,-1.934846,0.813464
4.688573,-1.936294,0.809881
4.71377,-1.933417,0.806374
4.738824,-1.926162,0.803451
4.763608,-1.915407,0.801185
4.787231,-1.901296,0.800026
4.80972,-1.884419,0.799793
4.830795,-1.865088,0.800311
4.84978,-1.84345,0.801288
4.866165,-1.820128,0.802411
4.879177,-1.795068,0.802898
4.888573,-1.768066,0.80285
4.894159,-1.739437,0.802293
4.895849,-1.709203,0.801437
4.893653,-1.677703,0.800896
4.887942,-1.645441,0.80031
4.878754,-1.612981,0.799999
4.866722,-1.581507,0.799703
4.852006,-1.552622,0.799354
4.834646,-1.527524,0.799023
4.815691,-1.507577,0.798731
4.794895,-1.493842,0.798354
4.772472,-1.486452,0.797686
4.748814,-1.485774,0.796136
4.723603,-1.491946,0.794164
4.698066,-1.504927,0.792374
4.672569,-1.524552,0.79081
4.648757,-1.550591,0.789411
4.627167,-1.581965,0.788204
4.60818,-1.616845,0.786467
4.592177,-1.653062,0.784786
4.579483,-1.689922,0.783057
4.570795,-1.725669,0.781782
4.566467,-1.759118,0.78031
4.566754,-1.78917,0.779399
4.571378,-1.814534,0.778558
4.579833,-1.834355,0.778149
4.592133,-1.847872,0.777586
4.607566,-1.855159,0.776778
4.625921,-1.856182,0.77578
4.646557,-1.851328,0.774186
4.668873,-1.84147,0.772272
4.691854,-1.826454,0.770205
4.71566,-1.80795,0.767578
4.739524,-1.786982,0.764567
4.762146,-1.76432,0.761732
4.785165,-1.74232,0.758741
4.808207,-1.722533,0.756556
4.831142,-1.706084,0.754693
4.852974,-1.694645,0.753411
4.872841,-1.689262,0.752727
4.890033,-1.690135,0.753507
4.904707,-1.69814,0.755648
4.917339,-1.712154,0.759503
4.929012,-1.731005,0.764881
4.94066,-1.753516,0.771363
4.951922,-1.777663,0.778336
4.962434,-1.802058,0.784598
4.974285,-1.826759,0.790485
4.982828,-1.848579,0.795174
4.989517,-1.867675,0.798825
4.994049,-1.883201,0.801078
4.995819,-1.894009,0.802092
4.994278,-1.899555,0.802148
4.988894,-1.899805,0.801386
4.979445,-1.895012,0.800391
4.965991,-1.886106,0.798839
4.948741,-1.873232,0.797133
4.928259,-1.858003,0.794852
4.905376,-1.840448,0.792083
4.879964,-1.821947,0.789974
4.852918,-1.80237,0.789096
4.824034,-1.782234,0.789986
4.794056,-1.762659,0.792016
4.763005,-1.744139,0.794222
4.731428,-1.726957,0.796588
4.700661,-1.711978,0.798372
4.671682,-1.699959,0.799784
4.645496,-1.692065,0.800508
4.622933,-1.688556,0.800503
4.604791,-1.689987,0.799969
4.591679,-1.695802,0.799001
4.583629,-1.705301,0.798072
4.581035,-1.717576,0.797416
4.583647,-1.731195,0.796826
4.591007,-1.744993,0.796215
4.602767,-1.758828,0.795331
4.617717,-1.771965,0.794144
4.635433,-1.784643,0.792527
4.655172,-1.796202,0.789764
4.675819,-1.806351,0.786443
4.696391,-1.813957,0.781952
4.715518,-1.819481,0.77614
4.732072,-1.822486,0.76938
4.745081,-1.822863,0.762501
4.753799,-1.820525,0.755266
4.75797,-1.816066,0.747721
4.757279,-1.809564,0.740156
4.751783,-1.801532,0.733496
4.742352,-1.792285,0.727089
4.729971,-1.782406,0.721087
4.715673,-1.772139,0.714434
4.700542,-1.762501,0.706647
4.685479,-1.753086,0.697606
4.670924,-1.743935,0.687576
4.657348,-1.735256,0.676484
4.64469,-1.726895,0.66504
4.633559,-1.719604,0.653369
4.623697,-1.713378,0.642676
4.615158,-1.708577,0.633645
4.607799,-1.704398,0.626506
4.601103,-1.700817,0.621256
4.594142,-1.697534,0.616823
4.58796,-1.694768,0.612789
4.58223,-1.692218,0.608791
4.577054,-1.689821,0.604278
4.572615,-1.687603,0.599353
4.568739,-1.685782,0.594552
4.565731,-1.684287,0.589916
4.563655,-1.683081,0.585366
4.562447,-1.681933,0.580917
4.561927,-1.680982,0.576594
4.562162,-1.680109,0.575561
4.562823,-1.679075,0.575582
4.563225,-1.678448,0.575692
4.564358,-1.678359,0.575102
4.564899,-1.677815,0.574767
4.565088,-1.677445,0.574286
4.565587,-1.676871,0.573357
4.565845,-1.676015,0.572279
4.566714,-1.675554,0.572509
4.566695,-1.675626,0.572513
4.566735,-1.676021,0.572339
4.56693,-1.676234,0.572226
4.567123,-1.676366,0.572134
4.56724,-1.676484,0.572091
4.567301,-1.676486,0.572033
4.567421,-1.676463,0.572062
4.567516,-1.676335,0.572077
4.567383,-1.676261,0.572071
4.567469,-1.676413,0.572042
4.567506,-1.676156,0.572104
4.567447,-1.676351,0.572002
4.567466,-1.676174,0.572028
4.567521,-1.676276,0.571993
4.567471,-1.676213,0.571992
4.567469,-1.676291,0.571945
4.567505,-1.676198,0.571983
4.567515,-1.676254,0.571995
4.567446,-1.676226,0.571992
4.567452,-1.676249,0.572013
4.567446,-1.676265,0.572046
4.567369,-1.676304,0.572069
4.567346,-1.676303,0.572099
4.567322,-1.6762,0.572079
4.567221,-1.67622,0.572015
4.567123,-1.67619,0.572034
4.567048,-1.67618,0.572074
4.567018,-1.676095,0.572133
4.566906,-1.676124,0.572194
4.566887,-1.676038,0.5722
4.566863,-1.676052,0.5722
4.566846,-1.676046,0.572212
4.566808,-1.676104,0.572109
4.566721,-1.676118,0.572096
4.566685,-1.676126,0.572068
4.566647,-1.676097,0.57209
4.566653,-1.676123,0.572109
4.566691,-1.676067,0.572205
4.566668,-1.676084,0.572228
4.566661,-1.676025,0.572241
4.566612,-1.675996,0.572247
4.566667,-1.675923,0.572233
4.566666,-1.675876,0.572247
4.566683,-1.675926,0.572212
4.566641,-1.675935,0.572211
4.566638,-1.676018,0.572193
4.56662,-1.676018,0.57224
4.566668,-1.676067,0.572196
4.566668,-1.676035,0.572199
4.566717,-1.676039,0.572156
4.566687,-1.676019,0.572158
4.566712,-1.676046,0.572173
4.566724,-1.67602,0.572153
4.566788,-1.676053,0.572121
4.566864,-1.676024,0.572093
4.566929,-1.676025,0.572101
4.566953,-1.675985,0.572126
4.566912,-1.675996,0.572167
4.566883,-1.675986,0.572155
4.566892,-1.675991,0.572211
4.566895,-1.676023,0.572205
4.56689,-1.676035,0.572226
4.56687,-1.676039,0.572213
4.566827,-1.676012,0.572222
4.566804,-1.675959,0.572234
4.566781,-1.6759,0.572238
4.566788,-1.675887,0.572258
4.566793,-1.675833,0.572245
4.566792,-1.675849,0.572266
4.566767,-1.675853,0.572242
4.56678,-1.675879,0.572257
4.566809,-1.67589,0.572279
4.566809,-1.6759,0.572281
4.566852,-1.675922,0.572208
4.566842,-1.675957,0.57222
4.566824,-1.675926,0.572215
4.566869,-1.675977,0.572206
4.566807,-1.67597,0.572254
4.566834,-1.67598,0.572191
4.56682,-1.675999,0.572193
4.566839,-1.675967,0.572186
4.566803,-1.675994,0.572195
4.566787,-1.675979,0.57222
4.566772,-1.675992,0.57224
4.566761,-1.675976,0.57228
4.566774,-1.67598,0.572301
4.566779,-1.675953,0.57231
4.566759,-1.675959,0.57231
4.566729,-1.675905,0.572269
4.566717,-1.675888,0.572247
4.566723,-1.675853,0.572222
4.566734,-1.675854,0.572192
4.566768,-1.675844,0.572213
4.56678,-1.675867,0.572203
4.566779,-1.675909,0.572219
4.566797,-1.675949,0.572227
4.566853,-1.675982,0.57223
4.566904,-1.67601,0.572223
4.566911,-1.675946,0.572194
4.566943,-1.675939,0.572164
4.566892,-1.675897,0.572183
4.566856,-1.6759,0.572192
4.566846,-1.675865,0.572213
4.566823,-1.675844,0.572164
4.566811,-1.675865,0.572162
4.566803,-1.675866,0.572179
4.566782,-1.675887,0.572183
4.566766,-1.675886,0.572205
4.566745,-1.675908,0.572197
4.566762,-1.675932,0.572231
4.566769,-1.675968,0.572241
4.5668,-1.675964,0.572254
4.566833,-1.675948,0.572242
4.566879,-1.675922,0.572227
4.566902,-1.675927,0.572209
4.566924,-1.675917,0.57222
4.566941,-1.675926,0.57223
4.566954,-1.675937,0.572187
4.566967,-1.675969,0.572192
4.566992,-1.675976,0.572168
4.567031,-1.676007,0.572124
4.567085,-1.675995,0.572107
4.567109,-1.675953,0.572131
4.56712,-1.675938,0.572112
4.567143,-1.675971,0.5721
4.56719,-1.676015,0.572093
4.567212,-1.676044,0.572118
4.567223,-1.676041,0.572156
4.567223,-1.676002,0.57216
4.567234,-1.675973,0.572134
4.567224,-1.675973,0.57215
4.567194,-1.67596,0.572119
4.5672,-1.67598,0.572105
4.56722,-1.675978,0.572089
4.567252,-1.675976,0.572074
4.567276,-1.675975,0.572051
4.567253,-1.675984,0.572049
4.567225,-1.675972,0.572113
4.567176,-1.675972,0.5721
4.567142,-1.675955,0.572128
4.567102,-1.675919,0.572154
4.567043,-1.675863,0.572167
4.566978,-1.675836,0.572204
4.566887,-1.675802,0.572141
4.56684,-1.6758,0.572115
4.566793,-1.675821,0.57215
4.566739,-1.675825,0.572145
4.566708,-1.675805,0.572175
4.566708,-1.675776,0.5722
4.56673,-1.675759,0.572231
4.566767,-1.67577,0.572246
4.56678,-1.675788,0.572259
4.56679,-1.675776,0.572251
4.566816,-1.675781,0.572211
4.566831,-1.675801,0.572173
4.566879,-1.675834,0.572138
4.566935,-1.675861,0.572127
4.56699,-1.67589,0.572157
4.567036,-1.675881,0.572139
4.567067,-1.675892,0.572151
4.567095,-1.675904,0.572159
4.567117,-1.675937,0.572139
4.567139,-1.675941,0.57213
4.567157,-1.675922,0.572106
4.567154,-1.675912,0.572094
4.567131,-1.675913,0.572068
4.567114,-1.67593,0.572076
4.567064,-1.675969,0.57204
4.567029,-1.675966,0.57207
4.567026,-1.675957,0.572088
4.567029,-1.675953,0.572125
4.567019,-1.675941,0.572171
4.567,-1.675927,0.572231
4.566947,-1.675916,0.57221
4.566939,-1.675902,0.572194
4.566976,-1.675869,0.572185
4.567033,-1.675805,0.572174
4.567068,-1.675767,0.572143
4.56707,-1.675774,0.572131
4.56706,-1.675796,0.572131
4.567071,-1.67582,0.57214
4.567096,-1.675824,0.57215
4.56712,-1.675818,0.5721
4.567123,-1.675821,0.572109
4.567101,-1.675842,0.572114
4.567097,-1.675863,0.572115
4.567102,-1.675907,0.57211
4.567138,-1.675926,0.572121
4.567144,-1.675926,0.572092
4.567161,-1.675914,0.572111
4.567158,-1.675912,0.572164
4.567169,-1.67593,0.572192
4.567164,-1.675964,0.572242
4.567151,-1.675956,0.572232
4.56722,-1.676012,0.572158
4.567164,-1.675988,0.572117
4.567187,-1.675994,0.572079
4.567109,-1.675997,0.572114
4.567067,-1.676032,0.572138
4.567033,-1.67605,0.572166
4.567018,-1.676033,0.57217
4.566996,-1.675969,0.572163
4.567031,-1.675913,0.572173
4.56706,-1.675912,0.572181
4.567031,-1.675846,0.572127
4.567054,-1.675866,0.572067
4.567029,-1.675824,0.572051
4.567021,-1.675833,0.57204
4.567011,-1.675865,0.572004
4.56701,-1.675911,0.571977
4.56704,-1.675984,0.57194
4.567072,-1.676068,0.571855
4.567196,-1.676122,0.57168
4.567386,-1.676123,0.571697
4.56762,-1.676122,0.571644
4.567618,-1.676119,0.571635
4.567531,-1.676245,0.571662
4.567569,-1.676197,0.571658
4.567514,-1.676211,0.571627
4.567649,-1.676162,0.571632
4.567673,-1.676096,0.571635
4.567681,-1.676085,0.571655
4.567524,-1.67611,0.571728
4.567529,-1.676075,0.571781
4.567447,-1.676527,0.571782
4.56768,-1.675854,0.571963
4.567812,-1.675778,0.571815
4.567707,-1.675421,0.571808
4.567614,-1.675818,0.571693
4.567496,-1.675655,0.571552
4.567508,-1.67577,0.57147
4.567596,-1.675473,0.57147
4.567491,-1.675888,0.571378
4.567565,-1.675665,0.571442
4.567648,-1.675499,0.571519
4.567371,-1.675549,0.571619
4.567422,-1.67596,0.571487
4.567391,-1.675426,0.571659
4.567455,-1.67572,0.571581
4.567304,-1.6757,0.571529
4.567229,-1.675956,0.571429
4.567418,-1.675132,0.571535
4.567514,-1.675334,0.571499
4.567352,-1.675397,0.571483
4.567505,-1.675341,0.571392
4.567533,-1.675519,0.571429
4.567469,-1.675389,0.571436
4.567409,-1.675638,0.571365
4.56748,-1.675296,0.571534
4.567535,-1.675452,0.571496
4.567482,-1.675252,0.571619
4.567577,-1.675459,0.571579
4.567603,-1.675201,0.571674
4.567481,-1.675598,0.571538
4.567468,-1.675207,0.571579
4.567445,-1.675472,0.57154
4.567398,-1.675177,0.571615
4.567277,-1.675428,0.571669
4.567219,-1.675169,0.571673
4.567056,-1.675343,0.571643
4.567035,-1.675287,0.571681
4.56707,-1.675307,0.571688
4.567109,-1.675267,0.571732
4.567016,-1.675343,0.571758
4.566983,-1.675344,0.571748
4.56698,-1.67534,0.571777
4.567045,-1.675353,0.571784
4.567122,-1.675288,0.571738
4.567233,-1.675317,0.571724
4.567252,-1.675282,0.571721
4.567232,-1.675405,0.571732
4.567258,-1.675288,0.571785
4.567221,-1.675345,0.57177
4.567185,-1.675294,0.571798
4.567148,-1.675346,0.571817
4.567111,-1.67529,0.571766
4.567043,-1.675355,0.571737
4.567023,-1.675258,0.571769
4.566967,-1.67528,0.571736
4.566938,-1.675261,0.571735
4.566956,-1.675356,0.571709
4.567006,-1.675277,0.571741
4.567067,-1.675356,0.571799
4.566996,-1.675332,0.571784
4.566917,-1.675377,0.571795
4.566842,-1.675319,0.571835
4.566865,-1.675297,0.57179
4.566865,-1.675277,0.57181
4.5669,-1.675234,0.571796
4.566873,-1.675247,0.571758
4.566815,-1.675273,0.571746
4.566808,-1.675322,0.571766
4.566861,-1.675274,0.571829
4.566913,-1.675293,0.571811
4.566911,-1.675258,0.571805
4.566942,-1.67525,0.571779
4.566932,-1.675242,0.571788
4.566927,-1.675273,0.571786
4.566929,-1.675255,0.571721
4.566957,-1.67528,0.571708
4.566947,-1.675267,0.571721
4.566922,-1.675293,0.571735
4.566863,-1.675281,0.571756
4.566818,-1.675297,0.571756
4.566831,-1.67529,0.571779
4.566892,-1.675248,0.571786
4.566914,-1.675207,0.571802
4.566871,-1.675217,0.571752
4.566855,-1.675214,0.571745
4.56685,-1.675251,0.571756
4.566891,-1.675298,0.571739
4.566956,-1.675347,0.571684
4.566995,-1.675314,0.57171
4.566985,-1.675297,0.571719
4.566964,-1.675294,0.57174
4.566932,-1.67531,0.571758
4.566901,-1.67536,0.571766
4.566903,-1.675344,0.571778
4.566886,-1.67534,0.571807
4.56684,-1.675317,0.571804
4.566785,-1.675311,0.571786
4.56677,-1.675255,0.571792
4.566776,-1.675204,0.57181
4.56679,-1.675173,0.571778
4.566799,-1.675154,0.571741
4.566829,-1.67512,0.571704
4.566826,-1.675136,0.57167
4.566835,-1.67513,0.571705
4.566848,-1.675179,0.571701
4.566878,-1.675187,0.571729
4.566912,-1.675201,0.571717
4.566937,-1.675204,0.571747
4.566951,-1.675233,0.571812
4.566971,-1.675307,0.57179
4.567022,-1.675339,0.571794
4.567079,-1.675347,0.571815
4.567123,-1.675354,0.57181
4.567137,-1.675375,0.571796
4.567138,-1.67538,0.571773
4.567117,-1.675364,0.571745
4.5671,-1.675361,0.571742
4.567063,-1.675346,0.571694
4.56705,-1.675297,0.571687
4.567028,-1.675259,0.57165
4.566997,-1.6752,0.571677
4.566961,-1.675199,0.571652
4.566946,-1.675168,0.571642
4.566945,-1.675163,0.571686
4.566954,-1.675191,0.571678
4.56697,-1.675222,0.571718
4.566955,-1.675259,0.571743
4.566978,-1.675302,0.571734
4.567023,-1.675334,0.571735
4.567064,-1.67534,0.57172
4.567098,-1.675355,0.571709
4.567165,-1.675346,0.571684
4.567201,-1.675349,0.571691
4.567187,-1.67542,0.571644
4.567188,-1.67542,0.571641
4.567184,-1.675409,0.571658
4.567158,-1.675386,0.57167
4.567102,-1.675385,0.571668
4.567051,-1.675344,0.571702
4.566987,-1.675345,0.571677
4.56697,-1.675293,0.571712
4.566981,-1.675236,0.571739
4.567026,-1.675133,0.571802
4.567076,-1.675043,0.571852
4.567063,-1.675081,0.571867
4.567047,-1.675129,0.571812
4.567036,-1.675193,0.571766
4.567036,-1.675207,0.571738
4.567029,-1.675237,0.571681
4.567059,-1.675265,0.571641
4.56707,-1.675292,0.571638
4.567125,-1.675166,0.571668
4.567146,-1.675144,0.571676
4.567168,-1.675162,0.571705
4.567168,-1.675227,0.571675
4.567135,-1.675423,0.571657
4.56714,-1.675431,0.571623
4.567119,-1.675432,0.571593
4.567085,-1.675386,0.57161
4.567037,-1.675422,0.57169
4.566954,-1.675446,0.571764
4.566933,-1.675434,0.571824
4.566864,-1.675337,0.57187
4.566825,-1.675323,0.571865
4.566915,-1.675238,0.571843
4.566964,-1.675172,0.571839
4.567048,-1.675202,0.571838
4.567115,-1.675234,0.571794
4.567108,-1.675253,0.571778
4.567042,-1.67524,0.571758
4.567007,-1.675269,0.571727
4.566984,-1.675232,0.571762
4.566968,-1.6752,0.571758
4.566925,-1.675222,0.571737
4.566881,-1.675254,0.571684
4.566898,-1.675197,0.571644
4.566903,-1.675198,0.571623
4.566926,-1.675166,0.571655
4.566939,-1.6752,0.571673
4.566916,-1.675185,0.571714
4.566863,-1.675173,0.571738
4.566825,-1.675167,0.571743
4.566806,-1.675237,0.571742
4.566855,-1.675279,0.571733
4.566908,-1.675334,0.571705
4.566943,-1.675361,0.571658
4.56698,-1.675373,0.571641
4.566964,-1.675385,0.571642
4.56695,-1.675337,0.571677
4.566989,-1.675261,0.571683
4.567052,-1.675193,0.571719
4.567071,-1.675147,0.571766
4.567078,-1.675076,0.571786
4.567107,-1.674942,0.571785
4.56713,-1.675008,0.57182
4.567152,-1.675068,0.571866
4.567083,-1.67518,0.57181
4.567048,-1.675239,0.571796
4.566881,-1.675285,0.571784
4.566765,-1.675303,0.571782
4.566686,-1.67532,0.571755
4.566685,-1.675384,0.571715
4.566734,-1.675371,0.571724
4.566814,-1.675335,0.571706
4.566863,-1.675297,0.571699
4.566894,-1.675324,0.571755
4.56688,-1.675263,0.57184
4.566853,-1.675284,0.571854
4.566858,-1.675182,0.571893
4.566856,-1.675256,0.571872
4.56686,-1.675217,0.571814
4.566829,-1.675212,0.571787
4.566806,-1.675091,0.571766
4.566847,-1.675158,0.571747
4.566859,-1.675131,0.571728
4.566844,-1.675178,0.571678
4.566805,-1.675171,0.571628
4.566843,-1.675157,0.571613
4.566866,-1.6751,0.571624
4.566961,-1.67507,0.571652
4.567105,-1.675075,0.571693
4.567124,-1.675131,0.571717
4.56706,-1.67512,0.571665
4.567024,-1.675132,0.571627
4.566968,-1.67519,0.57161
4.566938,-1.675269,0.571628
4.566882,-1.675344,0.57162
4.566899,-1.675441,0.571606
4.566995,-1.675483,0.571634
4.567074,-1.675548,0.571714
4.56715,-1.675389,0.571808
4.567116,-1.675228,0.571926
4.567096,-1.675145,0.57199
4.567011,-1.674952,0.572046
4.566949,-1.674915,0.572089
4.566827,-1.674825,0.572049
4.56672,-1.674828,0.572015
4.566499,-1.674816,0.572009
4.56617,-1.674693,0.572044
4.565941,-1.674806,0.572075
4.565893,-1.674817,0.572022
4.565815,-1.675053,0.572054
4.566391,-1.675243,0.572027
4.567226,-1.675303,0.571923
4.568076,-1.675348,0.571742
4.568225,-1.675369,0.571792
4.567969,-1.675325,0.571867
4.567659,-1.675244,0.571988
4.567329,-1.675136,0.571953
4.567029,-1.674937,0.571894
4.566769,-1.67481,0.571814
4.56659,-1.674797,0.571694
4.566791,-1.674808,0.571662
4.566808,-1.674679,0.571723
4.566735,-1.67474,0.571718
4.56711,-1.67474,0.571601
4.567788,-1.674938,0.571403
4.568194,-1.674794,0.571616
4.568062,-1.674508,0.571933
4.56815,-1.673947,0.571795
4.56934,-1.672674,0.571785
4.571653,-1.671074,0.571795
4.574729,-1.669154,0.571487
4.57841,-1.667143,0.57176
4.582222,-1.664438,0.572158
4.586473,-1.661224,0.572243
4.590741,-1.657083,0.571702
4.596098,-1.652411,0.570702
4.602373,-1.647231,0.570402
4.609915,-1.641772,0.570991
4.61797,-1.636183,0.573304
4.626851,-1.630817,0.57812
4.635928,-1.626021,0.585009
4.64468,-1.622059,0.594207
4.652588,-1.619187,0.605095
4.659275,-1.61745,0.61774
4.66455,-1.616351,0.63164
4.668607,-1.61568,0.646394
4.671143,-1.615193,0.659882
4.672556,-1.614865,0.669215
4.673573,-1.614627,0.672616
4.673997,-1.614271,0.67185
4.673391,-1.613822,0.668221
4.671442,-1.613558,0.663623
4.668287,-1.613383,0.660562
4.664144,-1.613397,0.660859
4.658408,-1.613572,0.665313
4.652062,-1.614111,0.674513
4.644344,-1.614722,0.687611
4.635704,-1.615494,0.705131
4.627152,-1.616697,0.72565
4.6185,-1.618051,0.749014
4.609972,-1.619549,0.773507
4.602433,-1.621275,0.797519
4.595192,-1.623089,0.820635
4.588283,-1.624715,0.843065
4.581718,-1.625849,0.86412
4.575754,-1.626242,0.882598
4.570286,-1.625841,0.897758
4.56527,-1.624662,0.90926
4.560968,-1.622633,0.917029
4.556962,-1.619816,0.922065
4.5535,-1.616172,0.925796
4.550741,-1.611961,0.928596
4.548868,-1.60731,0.930528
4.548015,-1.602532,0.931477
4.548396,-1.597781,0.931027
4.549929,-1.593223,0.929008
4.552423,-1.588855,0.925994
4.555865,-1.584669,0.921768
4.560108,-1.580609,0.916602
4.564841,-1.576763,0.910727
4.570038,-1.572993,0.904104
4.575474,-1.56932,0.897136
4.580965,-1.565874,0.891222
4.586003,-1.562396,0.888107
4.590809,-1.559059,0.888872
4.595106,-1.5558,0.892167
4.599332,-1.552585,0.898608
4.603126,-1.549425,0.906759
4.60773,-1.546392,0.917032
4.612385,-1.543257,0.929939
4.616933,-1.539747,0.943904
4.621611,-1.535657,0.955624
4.626962,-1.531183,0.963462
4.632623,-1.526543,0.966937
4.638846,-1.521967,0.966041
4.64521,-1.517066,0.961948
4.651001,-1.511604,0.956496
4.656091,-1.505857,0.950337
4.660423,-1.499798,0.944285
4.663708,-1.493664,0.939847
4.6651,-1.487469,0.937246
4.664464,-1.480839,0.937559
4.661642,-1.473947,0.942009
4.65787,-1.467214,0.94903
4.653444,-1.460489,0.957981
4.648519,-1.453744,0.968334
4.643827,-1.447079,0.979649
4.6396,-1.440108,0.991724
4.635762,-1.432637,1.003974
4.632407,-1.424798,1.015254
4.629666,-1.416415,1.024964
4.627479,-1.407483,1.033197
4.625804,-1.397959,1.039801
4.624654,-1.387776,1.044855
4.623979,-1.376423,1.048359
4.623769,-1.363865,1.050081
4.624161,-1.350577,1.049827
4.624284,-1.33644,1.04802
4.623641,-1.321771,1.046441
4.622852,-1.306955,1.046836
4.62299,-1.292495,1.049334
4.623515,-1.278266,1.05452
4.624017,-1.263902,1.061741
4.623922,-1.248927,1.069116
4.622741,-1.233383,1.075384
4.620712,-1.21737,1.080731
4.617579,-1.201207,1.084585
4.613692,-1.184944,1.087164
4.60938,-1.168469,1.088437
4.604926,-1.15158,1.088271
4.600589,-1.134243,1.086524
4.596743,-1.116089,1.082869
4.59316,-1.097029,1.077037
4.590062,-1.077054,1.06958
4.586951,-1.056136,1.060505
4.583805,-1.034364,1.050208
4.580354,-1.011545,1.038864
4.575755,-0.987534,1.026845
4.570389,-0.96287,1.014136
4.563842,-0.937474,1.002686
4.55738,-0.912352,0.99328
4.550448,-0.887142,0.985974
4.542154,-0.861113,0.980807
4.532381,-0.83408,0.978112
4.522425,-0.806828,0.977436
4.511883,-0.779074,0.978598
4.501308,-0.751221,0.981419
4.490974,-0.723393,0.985141
4.480892,-0.695938,0.9899
4.470983,-0.668427,0.995896
4.460947,-0.640992,1.003768
4.450463,-0.613805,1.013564
4.43977,-0.586773,1.023905
4.428702,-0.559985,1.033404
4.417162,-0.533521,1.04173
4.405084,-0.507397,1.048567
4.392444,-0.481639,1.053947
4.379332,-0.456249,1.05788
4.366068,-0.431168,1.06018
4.352776,-0.406133,1.061005
4.33927,-0.381081,1.060795
4.325696,-0.355723,1.05961
4.311931,-0.330339,1.057745
4.298084,-0.305171,1.055366
4.284078,-0.280106,1.052596
4.270263,-0.255098,1.049476
4.256608,-0.230241,1.046206
4.243087,-0.205419,1.042159
4.229384,-0.18065,1.03669
4.215875,-0.156196,1.029622
4.202561,-0.132009,1.02142
4.189378,-0.108202,1.012219
4.176006,-0.084807,1.003184
4.162936,-0.061887,0.994385
4.14933,-0.038889,0.986301
4.136709,-0.016888,0.979615
4.124247,0.00449,0.975158
4.110526,0.026297,0.972375
4.096024,0.048343,0.971548
4.082113,0.069781,0.97128
4.067517,0.091017,0.971844
4.052661,0.111796,0.972701
4.038438,0.131591,0.973717
4.024017,0.150914,0.97521
4.009562,0.169453,0.976418
3.994501,0.187305,0.976934
3.979208,0.204355,0.9758
3.963873,0.220703,0.973138
3.948767,0.236048,0.968346
3.933551,0.250685,0.961667
3.918135,0.264469,0.953487
3.902186,0.277777,0.943906
3.885868,0.290931,0.933393
3.868967,0.304318,0.922377
3.851199,0.318311,0.91147
3.832809,0.332963,0.901626
3.814043,0.348377,0.893929
3.794699,0.364565,0.888461
3.774763,0.381673,0.88539
3.754508,0.399441,0.884108
3.733802,0.417798,0.884108
3.712981,0.436208,0.885367
3.692089,0.454435,0.887159
3.671163,0.472451,0.887797
3.649966,0.49023,0.887251
3.628544,0.507526,0.884717
3.606956,0.524511,0.880854
3.585236,0.541283,0.875532
3.563142,0.557863,0.869099
3.540867,0.57446,0.861526
3.518369,0.591171,0.852795
3.495278,0.608131,0.843422
3.47171,0.625729,0.833727
3.447544,0.643905,0.825054
3.422418,0.662648,0.818342
3.397102,0.681844,0.81309
3.370781,0.701739,0.809544
3.343957,0.722001,0.808041
3.316495,0.742676,0.808181
3.288631,0.763617,0.808853
3.260364,0.784983,0.808876
3.231948,0.807239,0.807631
3.203369,0.830348,0.806061
3.174878,0.854364,0.805582
3.146281,0.879509,0.806887
3.117143,0.906001,0.810307
3.087241,0.933364,0.815615
3.05698,0.961101,0.821731
3.026575,0.98931,0.827328
2.996063,1.017642,0.831222
2.965712,1.045841,0.833467
2.935599,1.073878,0.833802
2.905861,1.101521,0.832647
2.876287,1.128371,0.829926
2.847061,1.154542,0.826176
2.818405,1.180292,0.822825
2.79012,1.205238,0.820115
2.762088,1.229678,0.818537
2.734372,1.253551,0.818666
2.70662,1.276885,0.820671
2.678604,1.299938,0.824254
2.650531,1.322399,0.82868
2.622328,1.344521,0.832189
2.594118,1.366219,0.83395
2.56591,1.387691,0.834083
2.537298,1.408868,0.832892
2.50827,1.429757,0.830261
2.478696,1.450336,0.826767
2.448754,1.47111,0.824095
2.418745,1.492038,0.82227
2.38679,1.513524,0.822487
2.354812,1.535239,0.824722
2.324297,1.556793,0.828889
2.293852,1.578982,0.833233
2.262813,1.601724,0.83921
2.230741,1.625358,0.846926
2.198089,1.649567,0.857275
2.16538,1.674599,0.869482
2.133296,1.700558,0.883336
2.101977,1.727477,0.897624
2.070681,1.755644,0.912465
2.039626,1.78477,0.926615
2.008376,1.814723,0.93942
1.976737,1.845333,0.952054
1.944524,1.87648,0.966312
1.912037,1.908011,0.982366
1.879719,1.939435,1.000162
1.847307,1.970695,1.01933
1.815208,2.001578,1.038655
1.78375,2.032014,1.056768
1.753354,2.061772,1.072376
1.724045,2.090796,1.085623
1.695826,2.119,1.097131
1.668781,2.146171,1.106666
1.642825,2.172097,1.113874
1.617759,2.196306,1.119185
1.593566,2.218816,1.122104
1.570152,2.239368,1.123034
1.547336,2.257707,1.121771
1.525112,2.273832,1.118475
1.503317,2.288104,1.113851
1.482172,2.300843,1.10815
1.461775,2.312493,1.101373
1.442131,2.323507,1.093337
1.423205,2.333732,1.084592
1.404884,2.343554,1.075905
1.386377,2.353266,1.068346
1.366409,2.36304,1.063153
1.345149,2.372853,1.060341
1.32273,2.382676,1.0601
1.300873,2.392,1.062685
1.279786,2.400804,1.065841
1.259657,2.409207,1.070162
1.240117,2.417251,1.075829
1.219671,2.42547,1.084216
1.197264,2.43447,1.094413
1.17434,2.443579,1.105748
1.151956,2.45225,1.119275
1.128751,2.460985,1.134818
1.10568,2.469443,1.150054
1.082364,2.478026,1.161929
1.059606,2.486355,1.169329
1.036724,2.494646,1.172375
1.014082,2.502705,1.171612
0.991823,2.510535,1.168907
0.970063,2.518243,1.164589
0.948723,2.525735,1.159159
0.927924,2.533032,1.151276
0.907792,2.540279,1.14141
0.887563,2.547987,1.129931
0.866464,2.556487,1.117725
0.844999,2.565897,1.106349
0.823599,2.576538,1.09679
0.800529,2.58891,1.090378
0.775688,2.602694,1.087459
0.749591,2.617735,1.086724
0.722551,2.633476,1.088616
0.69399,2.649774,1.093158
0.665787,2.66615,1.098374
0.637482,2.682893,1.104587
0.608283,2.700215,1.112294
0.578197,2.718084,1.120233
0.547873,2.736765,1.126636
0.517755,2.756251,1.130135
0.487869,2.77681,1.129755
0.457878,2.798714,1.125494
0.428123,2.822113,1.117662
0.398854,2.846997,1.108266
0.369504,2.8731,1.097673
0.33997,2.900221,1.086333
0.310484,2.927899,1.073852
0.280879,2.955904,1.060792
0.25109,2.983702,1.046731
0.221003,3.010842,1.032535
0.190433,3.037259,1.019267
0.16029,3.06282,1.006918
0.131024,3.087789,0.995764
0.101794,3.112307,0.986714
0.073421,3.136291,0.979318
0.04605,3.159691,0.973841
0.019311,3.182799,0.969488
-0.007527,3.205579,0.967051
-0.034475,3.228327,0.967393
-0.061058,3.250536,0.969633
-0.08696,3.272405,0.973497
-0.111397,3.293988,0.979235
-0.134897,3.314961,0.984712
-0.157705,3.335617,0.989165
-0.179956,3.355941,0.991946
-0.201643,3.375821,0.993249
-0.222615,3.395332,0.992664
-0.242997,3.414652,0.990807
-0.263123,3.433585,0.987764
-0.282777,3.452165,0.983893
-0.30183,3.470427,0.978486
-0.320141,3.488114,0.972055
-0.338842,3.505566,0.966673
-0.3568,3.522369,0.962094
-0.374616,3.538873,0.959054
-0.39269,3.555122,0.958526
-0.409732,3.570834,0.959405
-0.426048,3.586108,0.960187
-0.442484,3.600871,0.960016
-0.458734,3.615248,0.958116
-0.475082,3.629152,0.954897
-0.49122,3.642613,0.950506
-0.507004,3.65552,0.944391
-0.522428,3.668019,0.937125
-0.537561,3.680652,0.928937
-0.552481,3.693447,0.919934
-0.567066,3.706567,0.911137
-0.580408,3.719773,0.902938
-0.592287,3.732608,0.895492
-0.604403,3.745483,0.890088
-0.615342,3.758274,0.886407
-0.625992,3.770879,0.885405
-0.635839,3.783143,0.886788
-0.646274,3.795304,0.889945
-0.657769,3.807523,0.894126
-0.66835,3.819681,0.900827
-0.678299,3.831756,0.908806
-0.68761,3.843887,0.918039
-0.696684,3.855782,0.927599
-0.70553,3.867461,0.936341
-0.713558,3.878608,0.943442
-0.720862,3.8892,0.949004
-0.727671,3.899625,0.952929
-0.733591,3.90984,0.954872
-0.738853,3.919957,0.954916
-0.74361,3.929841,0.953374
-0.747762,3.939336,0.949948
-0.751126,3.948349,0.94489
-0.754118,3.95689,0.938378
-0.75678,3.965142,0.930171
-0.759615,3.973299,0.920917
-0.762549,3.981495,0.911278
-0.766556,3.98995,0.903406
-0.770181,3.998,0.897776
-0.774471,4.006281,0.894523
-0.77928,4.014726,0.892631
-0.783514,4.02306,0.893302
-0.789266,4.03215,0.895697
-0.795854,4.041814,0.899041
-0.802558,4.051745,0.900916
-0.809227,4.061835,0.901445
-0.815661,4.071977,0.900182
-0.821641,4.082254,0.897434
-0.826963,4.092502,0.893988
-0.832393,4.102927,0.890999
-0.838161,4.113691,0.890544
-0.844404,4.124914,0.891506
-0.852291,4.137156,0.894257
-0.861247,4.15,0.898818
-0.870278,4.16314,0.904901
-0.879594,4.176649,0.91252
-0.889387,4.190066,0.922422
-0.899637,4.20381,0.93243
-0.910921,4.218021,0.94171
-0.923544,4.23248,0.949758
-0.937365,4.247531,0.956452
-0.952883,4.263057,0.961492
-0.969684,4.278921,0.965079
-0.987991,4.295135,0.967478
-1.007822,4.311833,0.968443
-1.029276,4.329091,0.968564
-1.052429,4.346625,0.967803
-1.076729,4.364847,0.965978
-1.101757,4.383824,0.962743
-1.12668,4.403675,0.957666
-1.151325,4.424739,0.950707
-1.17544,4.446747,0.941664
-1.198706,4.469792,0.930526
-1.221028,4.494215,0.917532
-1.242116,4.519921,0.903102
-1.261871,4.546742,0.886874
-1.280413,4.574417,0.868946
-1.297868,4.602569,0.849465
-1.314528,4.630674,0.82843
-1.330693,4.658617,0.806384
-1.346351,4.685954,0.784889
-1.361513,4.712714,0.76538
-1.376132,4.738824,0.747464
-1.391071,4.764751,0.731004
-1.404642,4.790436,0.717441
-1.419935,4.816668,0.705016
-1.438483,4.844104,0.696376
-1.459224,4.872372,0.690087
-1.482277,4.901532,0.685432
-1.507253,4.931474,0.681793
-1.534169,4.961893,0.677986
-1.562455,4.992735,0.672938
-1.59216,5.023977,0.666186
-1.623429,5.055574,0.658007
-1.655852,5.087573,0.649085
-1.689505,5.120336,0.640032
-1.724147,5.153064,0.632344
-1.760718,5.186361,0.626634
-1.798369,5.219832,0.623244
-1.836288,5.253223,0.623802
-1.875326,5.287012,0.627749
-1.915042,5.321329,0.634151
-1.953924,5.35422,0.641988
-1.991746,5.387615,0.651181
-2.029554,5.420426,0.660761
-2.067805,5.45428,0.669612
-2.105609,5.488711,0.677418
-2.142402,5.523303,0.684288
-2.177934,5.558914,0.68979
-2.21222,5.595471,0.693542
-2.244778,5.632345,0.696098
-2.276616,5.669956,0.698979
-2.306636,5.707427,0.702444
-2.33522,5.744871,0.706066
-2.362617,5.782367,0.711037
-2.389026,5.819604,0.718583
-2.414655,5.856372,0.72848
-2.439216,5.892594,0.740746
-2.462633,5.927977,0.755069
-2.484855,5.962746,0.770459
-2.506095,5.996813,0.785486
-2.526482,6.03027,0.799286
-2.546266,6.063132,0.811618
-2.565004,6.095435,0.822046
-2.583272,6.127409,0.830956
-2.601013,6.158936,0.83869
-2.618436,6.190397,0.845518
-2.635674,6.221745,0.851074
-2.652671,6.253083,0.855533
-2.669252,6.284379,0.858728
-2.685108,6.315276,0.860456
-2.700183,6.345874,0.861195
-2.713965,6.375809,0.861438
-2.726544,6.405599,0.86252
-2.737671,6.435458,0.864488
-2.747431,6.465583,0.867245
-2.75658,6.496362,0.871566
-2.764724,6.527136,0.876956
-2.771304,6.557651,0.882085
-2.776463,6.588008,0.885359
-2.780408,6.618153,0.886911
-2.783195,6.648196,0.885903
-2.784521,6.678038,0.882626
-2.784428,6.707773,0.876884
-2.783466,6.737184,0.869648
-2.782011,6.76671,0.86128
-2.779435,6.79579,0.851901
-2.775776,6.824294,0.841276
-2.771243,6.85242,0.829604
-2.765718,6.879927,0.817006
-2.759084,6.90668,0.803196
-2.751732,6.933144,0.788723
-2.744127,6.959723,0.775139
-2.735831,6.985374,0.763188
-2.726688,7.010034,0.752905
-2.71672,7.033403,0.744099
-2.706846,7.056807,0.737006
-2.697129,7.079966,0.731504
-2.687442,7.103176,0.727949
-2.67786,7.126316,0.727152
-2.668628,7.149927,0.729152
-2.65979,7.174286,0.733592
-2.651263,7.198802,0.741113
-2.643526,7.224365,0.750782
-2.636602,7.250535,0.762765
-2.629035,7.274625,0.776198
-2.621929,7.299658,0.790684
-2.614711,7.324148,0.806618
-2.607093,7.347655,0.823508
-2.599402,7.370661,0.841341
-2.591614,7.393124,0.860595
-2.583747,7.414934,0.881888
-2.576041,7.436646,0.905529
-2.568249,7.457897,0.930793
-2.559922,7.478671,0.956313
-2.550593,7.498673,0.980518
-2.540268,7.517909,1.002834
-2.529508,7.536756,1.023395
-2.518288,7.554878,1.042254
-2.506712,7.572126,1.059253
-2.49506,7.589079,1.074313
-2.482935,7.605479,1.086715
-2.470499,7.621036,1.096493
-2.457279,7.635365,1.103452
-2.443129,7.648681,1.108356
-2.427697,7.66076,1.11112
-2.411249,7.67144,1.112131
-2.394245,7.681344,1.111245
-2.376823,7.690893,1.108898
-2.358948,7.700117,1.105778
-2.340459,7.707908,1.101394
-2.321506,7.714428,1.096013
-2.302604,7.719832,1.089176
-2.284054,7.724804,1.081375
-2.265793,7.729462,1.072856
-2.247753,7.734005,1.063603
-2.229948,7.738263,1.054913
-2.212388,7.742031,1.047925
-2.195249,7.746348,1.043661
-2.178178,7.750244,1.041926
-2.161269,7.75362,1.041929
-2.144545,7.756511,1.043111
-2.128012,7.758978,1.045882
-2.11168,7.760729,1.050101
-2.095473,7.761783,1.055701
-2.07925,7.761698,1.06259
-2.0631,7.760288,1.070885
-2.046954,7.758133,1.080428
-2.031045,7.755401,1.090577
-2.015321,7.752349,1.100061
-1.999592,7.748984,1.10799
-1.983897,7.745344,1.114046
-1.968271,7.741491,1.118442
-1.952758,7.7375,1.121552
-1.937325,7.733142,1.123454
-1.921841,7.728092,1.123904
-1.905921,7.722342,1.12314
-1.889432,7.715955,1.121374
-1.872082,7.708807,1.118672
-1.853498,7.700293,1.114749
-1.833518,7.690755,1.109737
-1.812091,7.680463,1.103537
-1.789288,7.669722,1.096431
-1.765135,7.658282,1.087865
-1.73964,7.645375,1.078775
-1.713483,7.631996,1.069494
-1.686855,7.617038,1.058684
-1.659933,7.599584,1.046101
-1.633137,7.580617,1.03183
-1.606343,7.56296,1.017487
-1.579922,7.546106,1.003569
-1.553904,7.529915,0.990845
-1.527989,7.514612,0.9794
-1.502101,7.500413,0.970231
-1.475881,7.487706,0.963626
-1.449366,7.476519,0.959175
-1.422744,7.466599,0.957694
-1.396003,7.458269,0.958528
-1.369052,7.451837,0.9615
-1.341794,7.447164,0.966383
-1.314453,7.443753,0.973299
-1.286957,7.441728,0.980931
-1.259583,7.440518,0.987136
-1.232097,7.440378,0.989184
-1.204414,7.442213,0.987603
-1.177012,7.444521,0.984277
-1.149784,7.447385,0.980586
-1.122923,7.450152,0.977699
-1.096551,7.45296,0.975968
-1.070852,7.455468,0.97616
-1.045827,7.457506,0.978295
-1.02145,7.459173,0.982568
-0.997648,7.460132,0.988763
-0.97442,7.460905,0.996533
-0.951516,7.461475,1.005546
-0.928985,7.461562,1.01414
-0.907044,7.461028,1.021098
-0.885706,7.459773,1.026268
-0.864995,7.45768,1.029483
-0.844829,7.454815,1.030884
-0.825355,7.450802,1.030124
-0.806522,7.446104,1.027595
-0.788149,7.440552,1.023227
-0.770011,7.434215,1.017558
-0.751967,7.427056,1.011677
-0.733808,7.419165,1.007124
-0.715561,7.410333,1.003722
-0.697235,7.400398,1.002091
-0.67898,7.389175,1.002322
-0.660816,7.377505,1.004534
-0.642912,7.365027,1.008677
-0.625248,7.351829,1.014984
-0.60788,7.337977,1.022963
-0.591094,7.323532,1.032028
-0.575027,7.309159,1.040415
-0.559466,7.294795,1.047934
-0.544246,7.280467,1.054022
-0.52917,7.266294,1.058542
-0.514325,7.252312,1.061522
-0.499636,7.238771,1.062777
-0.485018,7.225814,1.062624
-0.470706,7.213135,1.061326
-0.456878,7.200611,1.058732
-0.443462,7.18798,1.055203
-0.430687,7.175054,1.050856
-0.418411,7.161682,1.046012
-0.406599,7.147375,1.040576
-0.394994,7.131894,1.034519
-0.383663,7.115175,1.028206
-0.372976,7.097158,1.022101
-0.362799,7.078004,1.016948
-0.352773,7.057831,1.014104
-0.343517,7.035742,1.012927
-0.335176,7.011397,1.011567
-0.326909,6.986134,1.009783
-0.318792,6.960412,1.006162
-0.310369,6.934719,1.000042
-0.301355,6.909113,0.990725
-0.291668,6.883269,0.977926
-0.281258,6.857051,0.962606
-0.270104,6.830882,0.9463
-0.258159,6.804579,0.931096
-0.245318,6.77843,0.917836
-0.232175,6.751469,0.906775
-0.217866,6.724842,0.898426
-0.203268,6.697933,0.892588
-0.188443,6.670755,0.889872
-0.173113,6.643827,0.889793
-0.157058,6.61763,0.892145
-0.14033,6.592378,0.89696
-0.122609,6.567862,0.903824
-0.103797,6.544209,0.912331
-0.084436,6.520876,0.921573
-0.065229,6.49921,0.931061
-0.045283,6.477742,0.93954
-0.024929,6.457024,0.947483
-0.00449,6.436191,0.953956
0.015938,6.415076,0.958552
0.036177,6.393739,0.961182
0.055963,6.37184,0.961969
0.074778,6.349394,0.961003
0.092569,6.326128,0.958086
0.109607,6.301897,0.953141
0.125758,6.276566,0.946773
0.140994,6.250404,0.939536
0.15541,6.222875,0.933205
0.169329,6.194121,0.928172
0.182556,6.164069,0.924187
0.195471,6.132642,0.921586
0.208335,6.100641,0.919512
0.221158,6.067857,0.91701
0.234224,6.034396,0.913555
0.247861,6.000518,0.909013
0.262218,5.966341,0.903575
0.277162,5.932137,0.897093
0.292758,5.897896,0.889885
0.309211,5.86365,0.881684
0.326487,5.829171,0.872408
0.34433,5.794397,0.861737
0.362975,5.75929,0.850662
0.382614,5.723404,0.840875
0.404208,5.687301,0.832707
0.427192,5.650678,0.827184
0.451376,5.613117,0.824586
0.476592,5.575103,0.823363
0.502947,5.537109,0.823712
0.530264,5.499194,0.823907
0.558065,5.461586,0.82294
0.586216,5.424481,0.820619
0.614693,5.388053,0.8171
0.64349,5.352463,0.812851
0.67263,5.317817,0.807979
0.701918,5.284024,0.80262
0.731287,5.251436,0.796809
0.760408,5.220083,0.790256
0.789058,5.190113,0.783044
0.817379,5.161584,0.775257
0.845214,5.13431,0.766784
0.872406,5.108468,0.757785
0.898644,5.083964,0.74809
0.923708,5.06068,0.737523
0.94761,5.038407,0.725803
0.970651,5.016665,0.713422
0.992729,4.995136,0.699814
1.013842,4.973793,0.685259
1.033816,4.952475,0.669699
1.05253,4.931029,0.654322
1.069735,4.909422,0.63962
1.086057,4.887863,0.626429
1.101509,4.866277,0.614379
1.116173,4.845096,0.603839
1.130676,4.824524,0.595612
1.144601,4.80431,0.589467
1.157776,4.784419,0.583325
1.17057,4.765039,0.576614
1.182771,4.746169,0.568748
1.194169,4.727761,0.559153
1.204851,4.709997,0.548168
1.214471,4.692692,0.535885
1.223257,4.675588,0.522167
1.231095,4.658596,0.506927
1.23835,4.642026,0.490561
1.244925,4.626122,0.473253
1.251093,4.610855,0.455204
1.256975,4.596206,0.43656
1.262884,4.582597,0.417342
1.268856,4.570152,0.397646
1.274871,4.558985,0.378352
1.281093,4.549103,0.360121
1.287555,4.540681,0.343494
1.294848,4.534469,0.329372
1.302546,4.529942,0.317525
1.310941,4.527811,0.30623
1.320258,4.527789,0.294741
1.330141,4.529453,0.282422
1.340067,4.532657,0.268591
1.349757,4.537128,0.253386
1.358738,4.542597,0.236947
1.366637,4.548666,0.218983
1.373224,4.555626,0.199589
1.378391,4.563402,0.178948
1.381962,4.572293,0.157001
1.384141,4.58194,0.134101
1.385028,4.592237,0.110539
1.384579,4.602947,0.085764
1.382937,4.614133,0.061546
1.380103,4.625225,0.038579
1.375442,4.635733,0.01728
1.369689,4.64589,-0.001872
1.363048,4.655949,-0.019385
1.355675,4.666175,-0.03497
1.347393,4.676261,-0.048158
1.338111,4.686031,-0.060007
1.327691,4.695546,-0.069868
1.316406,4.704775,-0.077779
1.304556,4.713578,-0.083957
1.292151,4.722572,-0.088349
1.278965,4.730895,-0.091061
1.26555,4.738463,-0.092048
1.251952,4.74523,-0.09104
1.238153,4.750773,-0.088076
1.224398,4.755411,-0.083296
1.210294,4.758904,-0.076685
1.19616,4.76141,-0.068597
1.181777,4.762816,-0.060799
1.167007,4.763198,-0.054061
1.151592,4.762697,-0.048896
1.135715,4.761567,-0.045395
1.119192,4.760172,-0.043233
1.102132,4.758916,-0.042326
1.084453,4.757815,-0.043513
1.066038,4.756841,-0.046322
1.047063,4.7566,-0.049925
1.027748,4.756889,-0.054718
1.008226,4.75775,-0.060495
0.989171,4.759201,-0.066682
0.971167,4.760949,-0.073587
0.95397,4.762477,-0.081611
0.937728,4.763638,-0.090889
0.922543,4.76414,-0.101609
0.908306,4.764052,-0.113404
0.895247,4.763744,-0.125664
0.883577,4.763323,-0.136714
0.873525,4.7625,-0.146298
0.865524,4.761402,-0.154006
0.859764,4.760095,-0.160013
0.856608,4.758227,-0.165263
0.855176,4.756328,-0.171451
0.854816,4.754883,-0.179377
0.855326,4.754233,-0.189302
0.856435,4.754811,-0.20113
0.858593,4.757161,-0.214281
0.861265,4.761412,-0.228324
0.864706,4.767818,-0.243534
0.86901,4.776635,-0.259462
0.874498,4.787941,-0.275406
0.880796,4.801714,-0.290395
0.887472,4.818035,-0.303811
0.89442,4.837654,-0.315711
0.901292,4.860795,-0.325961
0.907617,4.887195,-0.334031
0.913329,4.916595,-0.340299
0.917037,4.948184,-0.344713
0.919002,4.982255,-0.348053
0.919347,5.017833,-0.349615
0.918075,5.055421,-0.349715
0.915243,5.092982,-0.348521
0.911008,5.131344,-0.349577
0.905095,5.169322,-0.354251
0.898046,5.207257,-0.363457
0.88983,5.245203,-0.376219
0.880136,5.282917,-0.391067
0.869576,5.320866,-0.406781
0.857755,5.359148,-0.422204
0.844497,5.397254,-0.436713
0.83049,5.435113,-0.449579
0.815985,5.472624,-0.460821
0.800677,5.509311,-0.46985
0.784659,5.545911,-0.47741
0.76815,5.582695,-0.482918
0.750973,5.619377,-0.487537
0.733436,5.656309,-0.490434
0.715286,5.692944,-0.491402
0.696215,5.728596,-0.490543
0.6769,5.764259,-0.487351
0.657906,5.800417,-0.4827
0.638519,5.836114,-0.47771
0.620259,5.872334,-0.471161
0.602952,5.908952,-0.464746
0.586163,5.944942,-0.458288
0.570309,5.980747,-0.4518
0.554456,6.015219,-0.445587
0.538131,6.048924,-0.438963
0.521253,6.082268,-0.431716
0.503928,6.115949,-0.424375
0.486046,6.150294,-0.416629
0.468029,6.185576,-0.408543
0.449259,6.22124,-0.400111
0.429562,6.257544,-0.39127
0.409118,6.294135,-0.382274
0.388221,6.330341,-0.373543
0.367049,6.365936,-0.366089
0.346044,6.400822,-0.360268
0.325302,6.43455,-0.355593
0.304928,6.467106,-0.352309
0.284727,6.498785,-0.350231
0.264417,6.529847,-0.349692
0.244061,6.560246,-0.350811
0.223564,6.589625,-0.353531
0.203038,6.618211,-0.356934
0.182226,6.645569,-0.360302
0.161768,6.671698,-0.362201
0.141254,6.695829,-0.362548
0.121188,6.718658,-0.360088
0.101147,6.74047,-0.355952
0.081104,6.761554,-0.350591
0.061119,6.782293,-0.344226
0.041336,6.803409,-0.337189
0.021843,6.824686,-0.330621
0.002739,6.846459,-0.325693
-0.015641,6.86816,-0.322776
-0.032456,6.890278,-0.32075
-0.047153,6.912607,-0.31966
-0.059766,6.934821,-0.318406
-0.070482,6.957358,-0.317824
-0.080165,6.979681,-0.318228
-0.089537,7.001749,-0.319841
-0.098793,7.023871,-0.322566
-0.108769,7.045561,-0.327102
-0.119389,7.06694,-0.332601
-0.130761,7.088079,-0.339038
-0.142979,7.108903,-0.345915
-0.155578,7.129868,-0.353349
-0.168543,7.151163,-0.360339
-0.181301,7.172863,-0.365172
-0.193828,7.19449,-0.367582
-0.205761,7.216248,-0.367767
-0.216717,7.238183,-0.366063
-0.227301,7.260065,-0.363951
-0.237449,7.281813,-0.361184
-0.247057,7.30298,-0.359737
-0.255633,7.324419,-0.358971
-0.263544,7.346018,-0.360091
-0.270517,7.367914,-0.363236
-0.276946,7.389907,-0.368085
-0.282966,7.412239,-0.374703
-0.288593,7.43481,-0.38268
-0.294073,7.457919,-0.3917
-0.299352,7.481578,-0.401591
-0.30468,7.505658,-0.412157
-0.310132,7.530154,-0.42359
-0.315169,7.555268,-0.435523
-0.32059,7.580972,-0.447875
-0.326246,7.60705,-0.46045
-0.33196,7.633922,-0.472782
-0.337656,7.661373,-0.485129
-0.343202,7.689859,-0.497206
-0.349228,7.71916,-0.50907
-0.356071,7.749463,-0.519746
-0.363958,7.78109,-0.528676
-0.373293,7.813997,-0.535645
-0.384421,7.847826,-0.540487
-0.397668,7.881571,-0.543882
-0.412203,7.91521,-0.54463
-0.428007,7.948173,-0.544764
-0.444685,7.980753,-0.54528
-0.462079,8.012034,-0.546635
-0.480471,8.04313,-0.549433
-0.499694,8.073501,-0.553705
-0.51963,8.103771,-0.559429
-0.540501,8.133897,-0.565867
-0.562242,8.163648,-0.573391
-0.584942,8.192959,-0.581975
-0.608786,8.221506,-0.591139
-0.633989,8.248918,-0.599669
-0.660604,8.275415,-0.607268
-0.688586,8.300979,-0.61322
-0.717915,8.325445,-0.61817
-0.749465,8.348106,-0.622299
-0.782222,8.368971,-0.623792
-0.815676,8.387025,-0.624537
-0.847985,8.402808,-0.622906
-0.879975,8.415368,-0.620404
-0.910945,8.425265,-0.616142
-0.940546,8.432587,-0.6103
-0.968451,8.437491,-0.603108
-0.99454,8.439554,-0.595932
-1.018956,8.438418,-0.589999
-1.041429,8.433818,-0.585845
-1.061823,8.425555,-0.583607
-1.080033,8.413455,-0.582042
-1.095555,8.397281,-0.57981
-1.108175,8.376986,-0.575916
-1.11762,8.352487,-0.570423
-1.123348,8.324305,-0.562556
-1.125525,8.292166,-0.552616
-1.124061,8.256527,-0.541613
-1.119243,8.217757,-0.530271
-1.111374,8.175671,-0.51981
