5.57061,-2.44394,1.40683
6.90332,-2.07129,1.90621
7.15372,-1.79731,3.2248
6.66538,-2.55185,3.92701
6.947,-3.39614,3.48915
7.44924,-2.88052,3.3615
7.35997,-2.35508,3.96321
7.38187,-3.21781,4.23716
8.31326,-3.28567,3.94075
8.79519,-2.54171,4.46267
9.09253,-2.88902,5.39748
9.96465,-3.55022,5.79408
10.7939,-3.2852,6.15067
11.0796,-3.46657,6.81081
11.6978,-3.77011,7.05422
12.3448,-3.27989,7.4567
12.0872,-3.07967,8.33837
12.2875,-3.87304,8.71505
13.1625,-3.68534,8.56194
13.4303,-3.13419,9.46633
13.37,-3.95003,10.0602
14.09,-4.58272,10.0644
14.5554,-3.96275,10.5509
13.7818,-4.2047,11.3162
14.0965,-4.89637,11.1548
14.2228,-4.23347,11.3638
13.6362,-4.63331,11.3859
14.1943,-4.54838,10.9788
13.7504,-4.06619,11.2574
13.5004,-4.77431,11.2472
14.0143,-4.32318,10.9729
13.2809,-4.07149,11.5122
13.0738,-4.61715,10.9303
13.5931,-3.7476,9.96549
12.5517,-3.1978,10.6057
12.409,-4.43009,10.717
13.6808,-4.10744,10.4841
13.1018,-3.56548,11.3837
13.3119,-4.61734,11.4485
14.0953,-3.64181,11.4055
12.9816,-4.12669,11.8345
14.1096,-4.70529,11.3674
13.6709,-3.51385,11.7608
13.2528,-4.62409,11.678
14.135,-4.05645,11.37
13.434,-4.14424,12.1024
13.9018,-5.00311,12.1223
14.4415,-4.32238,12.3715
13.9743,-3.96112,12.7708
14.0351,-4.51255,12.8269
14.496,-4.30902,12.6088
14.0211,-4.02793,12.6197
14.099,-4.54032,12.555
14.5006,-4.06503,12.5215
13.9455,-3.7179,12.8717
14.1941,-4.39223,13.3302
14.9598,-3.63131,13.4341
14.1386,-3.68228,14.1455
14.7818,-4.37656,14.0169
15.1793,-3.46079,14.0226
14.6922,-3.36616,14.6303
15.1346,-3.97763,14.7724
15.7101,-3.53476,14.7127
15.4331,-3.15612,15.3455
15.6163,-3.74925,15.7766
16.3409,-3.38827,15.6968
16.0743,-3.00713,16.3662
16.2321,-3.68695,16.683
16.9788,-3.34945,16.6395
16.635,-3.03282,17.465
17.1705,-3.7211,17.7847
17.4048,-3.04881,17.8906
17.0684,-3.48422,18.3799
17.6184,-3.8488,18.1876
17.653,-3.30401,18.2841
17.3553,-3.49108,18.5798
17.8002,-3.85297,18.2461
17.6937,-3.12363,18.3412
17.4598,-3.56494,18.7837
17.9067,-3.80199,18.7
18.0385,-3.65843,18.6514
18.1273,-3.50697,18.9029
18.1457,-3.59947,19.1646
18.1955,-3.96648,19.0555
18.3615,-3.76352,18.8687
18.0852,-3.57835,19.0639
18.1504,-3.83526,19.2427
18.3676,-3.86067,19.2778
18.4111,-3.6766,19.4947
18.6563,-3.85474,19.6461
18.8888,-3.64866,19.8373
18.8483,-3.65031,20.2621
19.0721,-3.8527,20.2003
19.3013,-3.57658,20.3386
19.405,-3.93431,20.5583
19.7453,-3.74483,20.6715
19.5325,-3.72305,21.0235
19.6792,-3.99396,21.0473
19.8428,-3.66388,21.0923
19.775,-4.11304,21.2357
19.884,-3.95716,20.7527
19.4113,-3.60891,20.8642
19.2106,-4.23828,20.754
19.3084,-3.745,20.2163
18.9253,-4.02095,20.5065
19.5442,-4.1669,20.3554
19.5107,-3.69406,20.6171
19.4285,-4.06354,20.8328
19.6845,-3.83041,20.8246
19.5841,-3.70998,20.7557
19.3378,-3.63664,20.9291
19.7533,-4.15975,21.0467
20.3551,-4.0037,21.0158
20.1442,-3.52928,21.5197
19.9897,-4.27374,21.9466
20.6123,-3.85614,22.0096
20.2806,-3.79611,22.5957
20.3335,-4.56474,22.6169
20.9349,-4.25676,22.5892
20.4975,-4.03316,23.1556
20.414,-4.86387,23.1651
21.1706,-4.63499,22.9919
20.9775,-4.21846,23.6777
20.8824,-5.06455,23.7989
21.808,-4.90462,23.4334
21.5527,-4.48069,24.2192
21.7014,-5.41417,24.4094
22.64,-5.02389,24.1753
22.3337,-4.64649,24.9978
22.5814,-5.58216,25.1084
23.3874,-4.84329,24.8265
22.7946,-4.98541,25.6937
23.6061,-5.71161,25.1418
23.4468,-4.73701,25.7566
23.4393,-5.89226,25.5402
24.0995,-5.00389,25.8195
23.5322,-5.91097,26.5443
24.7101,-6.06234,26.591
24.6246,-6.19216,27.715
25.2342,-7.17934,27.8626
25.6659,-6.86483,28.6718
25.5716,-7.66453,29.3442
26.6397,-7.72147,29.6092
26.3198,-8.03184,30.3468
26.8883,-8.2559,29.9357
26.9176,-8.16036,30.7992
27.0824,-8.90533,30.6498
27.6467,-8.62952,30.8364
27.5146,-8.96712,31.299
27.9636,-9.22729,31.3355
28.0367,-9.14289,31.9644
28.4562,-9.52751,32.2151
28.7678,-9.6134,32.8591
29.3983,-10.192,33.2061
29.8499,-10.4839,34.026
30.1808,-10.9535,34.4313
30.6225,-10.9694,35.0062
30.9648,-11.5348,35.461
31.4565,-11.6608,36.0363
31.5289,-11.9512,36.6777
32.1706,-12.4689,36.9175
32.4981,-12.2745,37.5986
32.7267,-13.1065,38.0261
33.5675,-13.0771,38.5364
33.5364,-13.6093,39.2625
34.3035,-13.8218,39.5798
34.5271,-14.1615,40.3413
35.0046,-14.7097,40.7137
35.4472,-14.6372,41.3819
35.6403,-15.3981,41.9626
36.403,-15.0012,42.6161
36.3726,-15.3993,43.6186
37.3593,-16.0038,44.1181
37.8492,-15.5895,45.313
38.2587,-16.7249,45.9095
39.4162,-16.2792,46.4431
39.2924,-16.7994,47.89
40.6552,-17.1136,48.0156
41.0628,-16.4738,49.1825
41.7686,-17.3563,49.9764
42.6987,-16.8355,51.1624
42.7716,-17.531,52.2558
44.0706,-17.5148,52.6981
43.9993,-17.3085,53.9931
44.4431,-18.3813,54.4602
45.3512,-17.935,55.306
45.1583,-18.5462,56.2661
46.0137,-18.9049,56.6515
46.0643,-18.6735,57.4477
46.1885,-19.4453,57.9676
46.8354,-19.3375,58.4076
46.6918,-19.7168,59.0892
47.321,-20.1441,59.2227
47.611,-19.8242,59.9412
47.4857,-20.4695,60.2959
48.339,-20.9378,60.112
49.0113,-20.3353,60.8452
48.7927,-20.8921,61.8219
49.5745,-21.7479,61.835
50.3182,-21.5676,62.2542
50.2575,-22.0087,62.9772
50.9596,-22.4632,62.9399
51.3893,-22.3128,63.7332
52.139,-22.8264,64.1302
52.7155,-22.4534,64.4286
52.9119,-22.8465,64.9948
53.4244,-22.9433,64.7463
53.4608,-22.806,65.0359
53.5678,-23.1454,65.1479
53.8179,-23.1789,64.7729
53.7634,-22.6495,64.9235
53.6303,-23.1111,65.4126
53.9225,-23.141,64.7148
53.9029,-22.5421,65.0445
54.0497,-23.192,65.5178
54.608,-23.2942,64.8601
54.756,-22.4702,65.2511
54.9956,-23.123,65.7867
55.5209,-23.1405,65.0556
55.5671,-22.697,65.6679
55.5665,-23.4181,65.819
55.6527,-23.1351,65.1315
55.6165,-22.7148,65.8435
55.5635,-23.674,65.7805
55.5754,-23.2383,65.0035
55.4404,-22.5688,65.7785
55.5088,-23.4683,66.024
55.768,-23.2485,65.0846
55.9754,-22.6164,65.4848
56.225,-23.4393,65.797
56.4722,-22.9566,65.2531
56.4551,-22.897,65.9149
56.3327,-23.4468,65.6332
56.3943,-22.8918,65.2957
56.2185,-22.9999,65.9371
56.1871,-23.3852,65.4025
56.2979,-22.7463,65.4521
56.2014,-23.1593,65.9328
56.1225,-23.2722,65.2957
56.0976,-22.5855,65.5313
55.7866,-23.0979,65.9193
55.7575,-23.115,65.219
55.7419,-22.4872,65.5033
55.3785,-22.9716,65.7589
55.2065,-22.7528,65.1855
54.9673,-22.3888,65.5957
54.7137,-22.5924,65.4581
54.5876,-22.3884,65.1725
54.4447,-22.3462,65.4576
54.2651,-22.6529,65.3059
54.2449,-22.1148,65.0253
54.1685,-22.4688,65.5551
54.0629,-22.574,64.9049
54.1283,-22.0583,65.1384
54.0177,-22.3763,65.3583
53.8836,-22.4986,65.1134
53.9098,-22.2968,65.326
53.8562,-22.6261,65.4606
53.88,-22.5178,65.0283
53.9057,-22.4304,65.4574
53.9867,-22.883,65.3304
54.3035,-22.5902,65.0543
54.4464,-22.6038,65.4856
54.5264,-22.9253,65.1381
54.7346,-22.3584,65.0298
54.7589,-22.7341,65.5305
54.9034,-22.8579,64.9226
55.1644,-22.4548,65.2189
55.3561,-22.9323,65.3632
55.3975,-22.7362,64.9716
55.521,-22.7512,65.1318
55.7996,-22.8618,65.0018
56.1532,-22.7263,65.0957
56.4465,-23.0822,65.2128
56.8836,-22.9578,64.9596
57.2602,-22.9999,65.4575
57.7992,-23.1299,65.2014
58.2079,-23.1299,65.4328
58.589,-23.4469,65.3158
59.1052,-23.3502,65.1856
59.4174,-23.6304,65.7332
59.6173,-24.1623,65.2987
60.0686,-23.8063,65.3204
60.299,-24.2218,65.7298
60.7287,-24.3859,65.1092
61.2256,-24.1364,65.7002
61.5979,-24.9226,65.7299
62.3542,-24.4801,65.4264
62.6978,-24.6412,65.8801
63.1256,-25.0712,65.464
63.7444,-24.9047,65.746
64.1647,-25.3418,65.9615
64.7223,-25.2954,65.7643
65.0361,-25.1497,66.4594
65.2272,-26.0129,66.3794
65.8511,-25.6203,66.246
65.9801,-25.8637,66.8505
66.3264,-26.2,66.7005
66.6225,-26.1086,66.9601
66.8739,-26.4283,67.0666
67.0747,-26.2626,66.7166
66.6886,-26.2364,67.232
66.4026,-26.5766,66.8956
66.5034,-26.2722,66.5144
66.2438,-26.1707,66.8814
66.085,-26.3884,66.4009
65.9221,-25.8846,66.5657
65.5064,-26.261,66.5549
65.5733,-25.8375,66.0978
65.2849,-25.4792,66.5622
65.1455,-26.285,66.4317
65.5453,-25.7416,65.9296
65.5038,-25.834,66.767
65.6557,-26.3546,66.1466
66.0519,-25.5038,66.2346
65.8455,-26.1051,66.7719
66.1003,-26.225,66.1256
66.3147,-25.3873,66.3948
66.208,-26.103,66.9595
66.8153,-26.2825,66.179
67.1028,-25.7225,66.9018
67.1278,-26.4875,66.9638
67.4638,-26.2594,66.5436
67.5452,-25.8879,66.8908
67.559,-26.2165,66.9016
67.8196,-26.0378,66.7024
67.9186,-25.9491,67.1605
67.8956,-26.4302,67.1316
68.2269,-26.2852,66.8462
68.2797,-26.1606,67.1494
68.2094,-26.53,67.0142
68.3672,-26.2772,67.0948
68.2787,-26.4266,67.2497
68.1951,-26.3378,67.0168
68.0478,-26.3028,67.21
67.9671,-26.4793,67.145
68.0522,-26.4928,67.0185
68.1654,-26.4551,67.2519
68.1839,-26.8163,67.2138
68.3574,-26.5026,67.1887
68.1368,-26.7029,67.5423
68.1379,-26.7896,66.9966
67.7913,-26.4527,67.1895
67.5906,-26.8939,66.8484
67.7108,-26.4145,66.6837
67.4579,-26.5507,66.953
67.5752,-26.6579,66.5279
67.5158,-26.3948,66.7378
67.4218,-26.6646,66.8531
67.6822,-26.5818,66.3168
67.5822,-26.2743,66.6349
67.4321,-26.8087,66.5008
67.5945,-26.406,66.0805
67.345,-26.249,66.6728
67.1382,-26.7831,66.6132
67.2645,-26.5973,66.0629
67.3683,-26.0888,66.3514
67.2702,-26.4551,66.4425
67.7045,-26.3673,66.1114
67.8441,-26.1001,66.5721
67.6817,-26.5941,66.7312
67.9009,-26.6296,66.1954
68.289,-26.0372,66.5191
68.0024,-26.3436,67.1094
67.9846,-26.455,66.3589
68.1386,-25.9016,66.7729
67.5562,-26.4918,67.1078
67.9684,-26.6409,66.4976
68.2347,-26.1012,67.0802
67.8489,-26.9334,66.9616
68.756,-26.5452,66.6438
68.1604,-26.7215,67.4958
68.4801,-27.0974,66.4671
68.7779,-26.4759,67.2653
68.2733,-27.2554,66.9128
68.9246,-26.5803,66.7946
68.318,-26.7941,67.5104
68.8174,-26.9842,66.6788
68.6896,-26.7018,67.5856
68.7688,-27.4035,66.8837
69.0272,-26.9461,67.5005
68.646,-27.6907,67.3004
69.4363,-27.1138,67.0461
68.8167,-27.4162,67.807
69.275,-27.6158,67.0217
69.3991,-27.1498,67.7837
69.0916,-27.9861,67.4945
69.7203,-27.5026,67.496
69.2692,-27.9805,68.0796
69.794,-27.9163,67.4117
69.5535,-27.7677,68.1885
69.7262,-28.1748,67.4814
69.9674,-27.6588,68.1221
69.7715,-28.4397,67.8278
70.2483,-27.7219,67.9572
69.8951,-28.4059,68.2677
70.4722,-28.0376,67.9761
70.2563,-28.4087,68.4624
70.6343,-28.4075,68.0251
70.7121,-28.2345,68.7025
70.9604,-28.7675,68.4791
71.5451,-28.5362,68.7123
71.4476,-29.2392,68.9587
72.2033,-29.127,68.761
72.3171,-29.2686,69.434
72.6624,-29.7983,68.9823
73.3212,-29.3343,69.3701
73.0734,-29.8045,69.7494
73.543,-29.9649,69.434
73.8983,-29.5792,69.782
73.8603,-30.0661,70.2043
74.2862,-30.4028,69.8832
74.6168,-29.9467,70.1445
74.4761,-30.0787,70.6454
74.5624,-30.5758,70.3483
75.0633,-29.9523,70.1789
74.6567,-30.0625,70.7272
74.7054,-30.5054,70.4284
74.9403,-30.0404,70.3582
74.754,-30.3068,70.7549
75.1646,-30.7322,70.6051
75.6395,-30.1835,70.6075
75.2693,-30.0912,71.2777
75.5131,-30.7079,71.128
75.9905,-30.264,70.8552
75.6636,-29.9098,71.6732
75.8152,-30.7256,71.7057
76.3075,-30.2294,71.3204
76.126,-29.8873,72.1245
76.4259,-30.9148,72.3161
77.122,-30.3791,71.8897
76.828,-30.1954,72.741
77.16,-30.9636,72.5138
77.4999,-30.273,72.2836
77.097,-30.5814,72.9753
77.592,-30.7519,72.2689
77.4724,-30.2017,72.8366
77.7131,-30.9566,72.7439
78.0709,-30.2815,72.8753
77.9916,-31.0286,73.1027
78.2363,-30.4689,72.9699
78.0304,-30.9224,73.2908
78.3991,-30.6498,73.017
78.1485,-30.7539,73.273
78.3221,-30.7977,73.06
78.2267,-30.6418,73.2606
78.4039,-30.7454,73.0674
78.4609,-30.5752,73.1051
78.2999,-30.5827,73.2149
78.3158,-30.6427,72.9231
78.0742,-30.5112,72.9576
77.9946,-30.6416,72.6435
77.8179,-30.3162,72.6798
77.473,-30.5665,72.7121
77.4863,-30.5025,72.5372
77.2055,-30.7394,72.7511
77.418,-30.5864,72.444
77.2778,-30.6294,72.6452
77.1912,-30.6172,72.4156
77.0328,-30.4027,72.4962
77.1163,-30.4569,72.3742
77.1867,-30.2807,72.5798
77.6067,-30.4101,72.6667
77.7222,-30.4012,72.9335
77.9942,-30.7592,73.3729
78.6542,-30.5824,73.2754
78.8436,-30.5952,74.0013
79.6824,-30.8413,73.8598
79.9507,-30.4015,74.6347
80.5257,-31.0591,74.8761
81.242,-30.4687,75.0671
81.4762,-30.9417,75.9024
82.4788,-30.9008,75.8388
82.8126,-30.64,76.6675
83.5243,-31.087,76.9413
84.0419,-30.6872,77.4119
84.5364,-31.1002,77.9451
85.3472,-30.8446,78.1289
85.814,-30.5556,78.9673
86.5788,-30.986,79.4735
87.3746,-30.6297,79.9055
87.7981,-30.7083,80.6502
88.6848,-30.9197,80.8953
89.0852,-30.3889,81.554
89.5937,-30.9732,81.9906
90.271,-30.6001,82.3148
90.4014,-30.764,82.9884
90.9664,-30.7613,82.9927
91.2245,-30.7179,83.636
91.6276,-31.1862,83.8401
92.3116,-30.912,83.9821
92.4404,-30.9481,84.7443
93.1294,-31.2311,84.851
93.5659,-31.0005,85.317
93.9312,-31.3614,85.7687
94.591,-31.2838,85.863
94.4805,-31.2872,86.563
94.935,-31.6922,86.3629
95.346,-31.3346,86.6957
95.6308,-31.7917,87.082
96.3234,-31.5303,86.9414
96.3207,-31.3739,87.77
96.8983,-32.0985,88.3878
98.0536,-31.9786,88.5776
98.4221,-31.6978,89.5002
98.6873,-32.0806,90.0606
99.3638,-32.0793,89.9749
99.4435,-31.4909,90.4971
99.4482,-32.1868,90.8283
100.206,-32.138,90.8036
100.197,-31.98,91.6489
100.943,-32.5194,91.9372
101.148,-31.8361,92.3378
101.168,-32.4345,92.8924
101.859,-32.2089,92.9703
101.662,-32.0282,93.7595
102.345,-32.4832,94.0185
102.667,-31.9008,94.5635
102.851,-32.3498,95.2067
103.514,-32.0848,95.3371
103.336,-31.9614,95.989
103.751,-32.3689,96.2635
104.308,-31.6779,96.555
104.016,-31.7889,97.44
104.661,-32.231,97.6052
104.808,-31.495,97.8261
104.541,-32.0009,98.4445
105.335,-31.879,98.7191
105.123,-31.3702,99.5509
105.544,-32.0281,100.147
106.153,-31.399,100.628
105.83,-31.4651,101.522
106.533,-31.7297,102.075
106.764,-31.36,102.729
106.691,-31.4289,103.498
107.301,-31.6364,104.011
107.671,-31.2028,104.522
107.71,-31.401,105.308
108.206,-31.2932,105.894
108.489,-30.9604,106.687
108.94,-30.8474,107.306
109.291,-30.6187,107.833
109.288,-30.3503,108.353
109.679,-30.402,108.993
110.14,-30.0856,109.507
110.292,-29.7751,110.194
110.671,-29.7937,110.728
111.086,-29.4577,111.075
111.093,-29.1575,111.591
111.364,-29.2163,112.208
111.848,-28.9237,112.551
111.667,-28.7238,113.108
112.129,-29.0713,113.584
112.27,-28.2075,113.724
111.721,-28.4372,114.588
112.514,-28.2456,114.603
112.076,-27.9207,114.851
112.41,-28.1653,115.214
112.344,-27.5704,115.172
112.219,-27.7101,115.719
112.566,-27.3666,115.808
112.292,-27.3418,116.151
112.77,-27.0609,116.25
112.58,-26.8699,116.491
112.887,-26.859,116.83
112.985,-26.6948,116.85
113.051,-26.5029,117.023
113.113,-26.26,117.369
113.496,-25.8949,117.931
113.378,-25.4924,118.413
114.046,-25.2946,118.828
113.938,-24.59,119.385
114.476,-24.2092,120.051
114.712,-23.5379,120.675
115.229,-23.2312,121.596
115.701,-22.3067,121.861
115.823,-21.9192,122.678
116.323,-21.3766,123.165
116.683,-20.8002,123.737
117.116,-20.406,124.294
117.531,-19.975,124.654
117.764,-19.675,125.096
118.262,-19.485,125.505
118.704,-19.0636,125.911
119.064,-18.7385,126.472
119.612,-18.4017,126.922
119.908,-17.971,127.425
120.393,-17.7561,128.01
120.854,-17.3778,128.473
121.335,-16.966,129.085
121.78,-16.5092,129.692
122.317,-16.2086,130.301
122.946,-15.9927,130.896
123.659,-15.596,131.164
123.832,-15.0222,131.735
124.302,-14.9982,132.39
125.083,-14.7605,132.728
125.42,-14.1024,133.197
125.781,-13.8552,134.029
126.552,-13.7921,134.456
127.134,-13.0542,134.709
127.358,-12.7342,135.517
128.112,-12.6563,135.622
128.462,-11.8257,136.057
128.889,-11.6361,137.026
129.882,-11.279,137.138
130.106,-10.3063,137.489
130.667,-10.1821,138.397
131.588,-9.69962,138.318
131.701,-8.86237,138.943
132.406,-8.7609,139.694
133.205,-8.10481,139.691
133.277,-7.20977,140.332
134.023,-7.15111,140.918
134.62,-6.49727,140.83
134.59,-5.86832,141.38
135.265,-5.79757,142.011
135.816,-5.17327,141.911
135.783,-4.63202,142.439
136.312,-4.47637,142.914
136.528,-3.85936,142.941
136.777,-3.6188,143.462
137.133,-3.31858,143.798
137.369,-2.82808,143.925
137.552,-2.51235,144.334
137.942,-2.25582,144.445
138.401,-1.85866,144.438
138.539,-1.34265,144.573
138.79,-1.02566,144.962
139.326,-0.882777,144.993
139.54,-0.225765,144.872
139.944,-0.0383027,145.46
140.261,0.378347,144.936
139.705,0.872903,145.328
140.386,0.784526,145.852
140.616,1.40698,145.491
140.583,2.01901,146.144
141.503,2.26205,146.316
141.585,3.10897,146.022
141.57,3.80611,146.56
142.217,4.11054,146.747
142.31,4.86335,146.564
142.291,5.39392,147.092
142.94,5.69881,147.336
143.046,6.43692,147.124
142.791,6.89375,147.741
143.603,6.88637,148.175
143.617,7.48247,147.51
143.175,7.77066,148.197
144.095,7.81559,148.516
144.022,8.48876,147.933
143.479,9.01604,148.696
144.411,9.40981,149.059
144.267,10.3187,148.541
143.772,10.7247,149.359
144.661,11.1018,149.573
144.371,12.0205,149.2
144.239,12.4816,150.12
145.115,13.0289,150.139
144.711,13.9362,149.866
144.681,14.3855,150.799
145.491,14.9794,150.637
144.998,15.8581,150.514
145.211,16.3632,151.38
145.978,17.0368,151.052
145.488,17.9367,151.046
145.81,18.493,151.906
146.342,19.362,151.599
145.798,20.263,151.72
146.155,21.0687,152.48
146.714,22.0209,152.054
146.228,23.0985,152.165
146.823,23.9181,152.774
147.134,24.841,152.169
146.439,25.716,152.471
147.086,26.3402,153.197
147.414,27.2853,152.495
146.864,28.2775,153.197
147.733,29.1016,153.353
147.268,29.9322,152.994
147.386,30.4867,153.97
148.052,31.2874,153.362
147.2,31.9394,153.557
147.971,32.3753,154.21
147.803,33.2182,153.483
147.424,33.6643,154.569
148.547,34.2388,154.201
147.637,35.3467,153.992
148.266,35.8202,155.016
148.494,36.4657,154.068
147.645,37.1829,154.597
148.615,37.5912,155.124
148.771,38.3293,154.097
148.033,39.0166,154.801
149.188,39.5023,155.11
148.886,40.4779,154.352
148.519,41.0319,155.467
149.578,41.5626,155.336
149.046,42.1483,154.854
148.85,42.113,155.527
149.408,42.226,155.515
149.267,42.5522,155.289
149.145,42.4694,155.528
149.145,42.4711,155.764
149.326,42.6422,155.687
148.957,42.8267,155.859
149.413,42.928,156.23
149.333,43.6079,156.059
149.119,43.6902,156.514
149.466,44.0399,156.745
149.358,44.442,156.746
149.423,44.6677,157.023
149.706,45.1352,157.042
149.553,45.5759,157.274
149.713,45.9427,157.815
150.092,46.5531,157.873
150.151,47.2611,158.145
150.313,47.7584,158.545
150.528,48.32,158.688
150.549,48.8513,158.773
150.468,49.404,159.375
150.889,49.7534,159.619
151.195,50.4562,159.581
151.077,51.0176,159.683
151.237,51.2792,160.108
151.628,51.6406,160.204
151.819,52.1085,160.118
151.695,52.3415,160.06
151.499,52.2926,160.155
151.57,52.0488,160.194
151.76,51.7232,160.067
151.964,51.5853,159.728
151.68,51.3581,159.444
151.526,51.0427,159.187
151.312,50.547,158.991
151.329,49.9808,158.763
151.25,49.5523,158.355
151.133,49.0952,158.03
150.868,48.7566,157.696
150.645,48.2812,157.558
150.616,47.7376,157.24
150.42,47.4337,156.727
149.945,47.0308,156.612
149.867,46.5209,156.389
149.846,46.1499,155.985
149.5,45.986,155.638
149.081,45.4585,155.571
148.797,44.8092,155.364
148.516,44.2742,154.845
147.91,44.0075,154.49
147.454,43.544,154.385
147.211,43.0784,154.195
146.914,42.7083,153.984
146.652,42.4148,153.722
146.294,42.2057,153.606
145.966,41.7633,153.428
145.63,41.3283,152.937
145.056,41.0408,152.61
144.48,40.6123,152.721
144.28,39.9563,152.763
144.025,39.4186,152.274
143.227,39.2526,152.131
142.879,38.6455,152.53
142.838,38.0032,152.213
142.393,38.0001,151.97
142.125,37.7947,152.399
142.357,37.3702,152.298
142.019,37.3282,151.992
141.658,37.2716,152.324
142.049,36.9201,152.475
141.945,37.0524,152.0
141.643,37.1013,152.204
141.884,36.8488,152.377
141.887,36.8334,151.893
141.358,36.8071,152.053
141.37,36.3512,152.215
141.399,36.0855,151.819
140.77,36.2414,151.729
140.481,35.9768,152.307
140.733,35.3419,152.194
140.226,35.1987,151.614
139.558,35.0669,152.073
139.703,34.3252,152.361
139.644,34.101,151.771
139.087,34.3861,151.965
139.131,34.2037,152.631
139.635,33.7189,152.406
139.361,33.9364,151.8
138.914,34.0844,152.358
139.285,33.506,152.725
139.42,33.1746,152.015
138.805,33.4154,152.001
138.679,32.9727,152.543
138.864,32.6948,152.104
138.473,33.143,152.031
138.339,33.0284,152.54
138.605,32.3404,152.818
138.493,31.845,152.403
137.876,31.538,152.339
137.597,31.0089,152.625
137.65,30.3658,152.239
137.256,30.3797,152.033
137.117,30.2188,152.527
137.513,29.9182,152.32
137.091,30.064,151.946
136.725,29.9049,152.528
137.245,29.3702,152.582
137.25,29.5921,151.667
136.397,29.7939,152.022
136.83,29.35,152.551
137.182,29.1785,151.822
136.641,29.6195,151.572
136.782,29.6413,152.267
137.331,29.502,152.017
137.007,29.7,151.308
136.484,30.1037,151.813
137.224,30.1554,152.263
137.568,30.345,151.383
136.696,30.6865,151.21
136.767,30.7788,152.012
137.598,30.7424,151.756
137.202,31.0346,151.03
136.532,31.2486,151.602
137.29,31.1163,151.872
137.358,31.2155,151.068
136.723,31.5278,151.633
137.644,31.7618,151.876
137.495,32.046,150.836
136.661,32.4637,151.456
137.546,32.6044,151.916
137.669,32.763,150.973
136.489,32.9537,151.198
137.419,32.8934,151.864
137.064,32.7221,150.8
136.789,32.7703,151.716
137.449,32.6893,151.315
136.999,33.0007,150.989
137.04,33.4446,151.262
137.309,33.9951,150.966
137.314,34.8685,150.878
137.626,35.7164,151.162
138.11,36.4773,150.922
137.974,37.2423,150.535
138.094,37.7886,151.069
138.754,38.2396,150.931
138.474,38.8773,150.738
138.681,39.3351,151.183
139.036,39.8211,150.844
138.705,40.4973,150.88
139.067,41.0179,151.464
139.475,41.7916,151.047
138.97,42.7056,151.252
139.517,43.4995,151.752
139.779,44.61,151.459
139.617,45.5393,151.81
140.023,46.6016,152.057
140.179,47.7583,152.031
140.189,48.8698,152.375
140.573,49.8194,152.7
140.779,50.727,152.594
140.574,51.6727,152.771
140.856,52.6428,153.218
141.091,53.6458,153.19
141.002,54.5746,153.429
141.33,55.3146,153.608
141.29,56.0796,153.607
141.529,56.8677,153.817
141.641,57.744,153.681
141.47,58.5988,153.891
141.86,59.3343,154.078
141.818,60.1519,153.776
141.799,61.2285,154.129
142.134,62.3485,154.004
141.85,63.5434,153.851
142.024,64.6903,154.143
142.238,65.8551,153.954
142.147,67.0574,154.116
142.498,68.2882,154.246
142.915,69.514,154.15
143.045,70.9223,154.325
143.661,72.073,154.684
143.914,73.4157,154.657
144.239,74.7823,154.693
144.22,75.9575,155.0
144.508,76.7808,154.986
144.852,77.7079,154.814
144.995,78.4032,154.808
145.295,79.0784,154.892
145.619,79.716,154.871
145.649,80.4634,154.931
145.959,80.9454,155.238
146.455,81.3177,155.377
146.643,81.8758,155.044
146.572,82.3599,155.135
146.783,82.7766,155.211
146.867,83.283,155.102
146.933,83.7385,155.228
147.104,84.148,155.157
147.138,84.5558,155.073
146.971,85.0208,155.168
147.09,85.4371,155.557
147.402,85.9246,155.429
147.308,86.4144,155.238
147.233,86.8074,155.466
147.536,87.1511,155.563
147.565,87.529,155.254
147.404,87.9724,155.402
147.535,88.2879,155.513
147.506,88.6592,155.511
147.557,89.1838,155.571
147.591,89.5905,155.47
147.646,89.95,155.581
147.872,90.3354,155.666
147.924,90.7156,155.472
147.78,91.1885,155.342
147.845,91.6174,155.472
148.125,92.0891,155.388
148.109,92.6639,155.139
147.785,93.4621,155.266
147.995,94.1944,155.78
148.38,94.8188,155.524
148.453,95.2879,155.437
148.458,95.8582,155.572
148.605,96.2469,155.752
148.759,96.6546,155.532
148.189,97.0929,155.659
148.767,97.3228,156.27
149.082,97.5775,155.578
148.303,97.8141,155.841
149.059,98.1045,156.083
148.66,98.448,155.435
148.639,98.7015,155.974
148.951,98.9252,155.831
148.628,99.0906,155.753
148.833,99.1211,156.088
148.877,99.2195,155.694
148.475,99.4147,155.939
148.976,99.7426,156.017
148.703,99.9223,155.689
148.57,99.9009,156.21
149.161,99.8142,155.879
148.714,99.8264,155.858
148.877,99.621,155.994
148.766,99.4881,155.78
148.868,99.4084,155.754
148.448,99.3637,155.7
148.698,99.2124,155.984
148.647,99.1814,155.601
148.298,99.0802,155.664
148.665,98.9581,155.86
148.739,98.8253,155.696
148.659,98.8197,155.782
148.792,98.8486,155.827
148.821,98.82,155.882
148.774,98.8411,155.752
148.776,98.8483,155.941
148.886,99.138,155.58
148.395,99.3722,155.873
148.964,99.6839,155.961
148.634,99.7335,155.418
148.245,99.6473,156.224
149.05,99.7409,156.01
148.509,99.7847,155.639
148.635,100.003,156.298
148.895,100.317,155.849
148.26,100.614,155.975
148.684,101.103,156.319
148.738,101.412,155.844
148.387,101.724,156.135
148.75,101.898,156.227
148.615,101.769,155.885
148.376,101.709,155.996
148.632,101.618,156.033
148.667,101.631,155.826
148.543,101.382,155.939
148.702,101.247,156.061
148.778,100.977,156.188
148.923,100.789,156.074
148.782,100.649,156.1
149.145,100.643,156.222
148.866,100.714,155.871
148.806,100.724,156.444
149.322,100.667,156.12
148.761,100.67,155.94
148.81,100.707,156.452
149.159,100.545,156.198
148.87,100.592,156.095
149.068,100.663,156.577
149.386,100.804,156.056
148.791,101.086,156.224
149.234,101.234,156.616
149.355,101.226,156.134
148.838,101.386,156.375
149.329,101.431,156.652
149.178,101.509,156.069
148.82,101.696,156.529
149.442,101.717,156.335
148.908,101.844,156.08
149.367,102.12,156.44
149.302,102.299,155.875
149.125,102.672,156.241
149.612,102.748,156.076
149.166,102.924,155.855
149.538,103.239,156.177
149.518,103.555,155.714
149.617,103.901,156.097
149.848,104.18,155.56
149.577,104.691,155.735
150.189,105.012,155.63
149.659,105.431,155.28
150.162,105.933,155.791
150.294,106.427,154.754
149.831,107.275,155.306
151.11,107.67,155.012
150.343,108.536,154.182
151.006,109.406,155.098
151.304,109.856,153.831
150.906,110.957,154.556
151.84,111.546,153.788
151.112,112.629,153.815
152.151,113.305,153.794
151.513,114.157,153.025
152.095,115.149,153.599
152.274,115.828,152.414
151.8,116.902,152.957
152.611,117.283,152.474
151.944,118.019,152.462
152.78,118.433,152.632
152.23,118.953,152.057
152.864,119.658,152.481
152.855,119.948,151.747
152.715,120.556,152.256
153.265,120.864,151.701
152.707,121.463,151.751
153.421,121.821,151.787
153.015,122.242,151.367
153.448,122.774,151.686
153.267,123.332,151.112
153.216,123.901,151.572
153.757,124.236,151.216
153.284,124.785,151.064
153.8,125.221,151.374
153.717,125.744,150.654
153.648,126.379,151.238
154.234,126.813,150.737
153.682,127.544,150.79
154.448,128.008,150.989
154.184,128.662,150.449
154.426,129.256,151.106
154.738,129.66,150.48
154.488,130.332,150.887
155.153,130.698,150.726
154.771,131.328,150.426
155.481,132.061,150.477
154.886,133.006,150.049
155.523,133.95,150.653
155.511,134.859,149.909
155.225,135.737,150.361
155.784,136.437,150.27
155.377,137.212,150.011
155.579,137.87,150.527
155.781,138.539,150.142
155.591,138.989,150.435
155.928,139.359,150.389
155.645,139.783,150.467
155.861,140.25,150.88
155.84,140.73,150.586
155.489,141.166,150.876
155.908,141.629,151.106
155.805,142.153,150.93
155.653,142.462,151.209
155.733,142.993,151.294
155.653,143.567,151.403
155.514,144.197,151.578
155.535,144.818,151.761
155.416,145.49,151.882
155.404,146.183,152.192
155.214,146.838,152.151
155.145,147.378,152.66
155.015,148.135,152.409
154.951,148.72,152.995
154.93,149.535,152.749
154.702,150.011,153.184
154.949,150.736,153.204
154.546,151.26,153.353
154.825,151.842,153.521
154.509,152.404,153.575
154.621,152.948,154.092
154.717,153.566,153.744
154.328,154.01,154.149
154.788,154.616,154.21
154.316,155.125,154.22
154.683,155.677,154.628
154.396,156.3,154.184
154.229,156.864,154.843
154.554,157.699,154.406
153.857,158.239,154.855
154.41,159.056,154.926
153.652,159.684,154.83
154.064,160.378,155.333
153.615,161.131,154.863
153.508,161.663,155.585
153.582,162.418,155.191
153.063,162.884,155.695
153.452,163.649,155.62
152.763,164.159,155.695
153.15,164.84,156.145
152.668,165.484,155.735
152.695,166.01,156.334
152.692,166.727,156.041
152.285,167.22,156.469
152.549,167.98,156.565
151.965,168.595,156.515
152.283,169.298,157.036
151.921,170.049,156.541
151.483,170.621,157.217
151.773,171.469,156.951
150.909,172.005,157.132
151.421,172.78,157.51
150.743,173.47,157.165
150.623,173.872,158.066
150.857,174.578,157.602
150.129,174.831,157.981
150.706,175.433,158.173
150.003,175.769,157.878
150.333,176.254,158.544
149.998,176.82,157.787
149.666,177.101,158.691
150.047,177.837,158.133
149.088,178.135,158.425
149.701,178.945,158.707
148.852,179.362,158.239
148.942,179.945,159.005
148.794,180.634,158.322
148.588,181.184,158.868
148.656,181.762,158.466
148.139,182.178,158.713
148.418,182.827,158.669
147.865,183.188,158.498
148.063,183.8,158.891
147.814,184.301,158.407
147.639,184.718,158.959
147.769,185.29,158.651
147.113,185.608,158.961
147.575,186.185,159.023
146.994,186.565,158.602
146.893,187.009,159.219
147.101,187.579,158.849
146.501,187.941,158.972
146.859,188.54,159.093
146.393,189.038,158.791
146.587,189.767,158.967
146.291,190.204,158.563
146.172,190.817,159.141
146.472,191.457,158.584
145.758,192.035,158.763
146.053,192.86,158.773
145.666,193.571,158.543
145.661,194.328,158.958
145.592,195.067,158.46
145.325,195.678,158.815
145.587,196.327,158.655
145.045,196.935,158.765
145.393,197.662,158.848
144.841,198.351,158.659
145.014,199.057,159.167
144.885,199.829,158.728
144.632,200.41,159.39
144.931,201.223,159.043
144.352,201.964,159.463
144.759,202.93,159.43
144.199,203.634,159.696
144.568,204.428,159.85
144.177,205.22,159.578
144.131,205.899,160.201
144.225,206.585,159.81
143.841,207.092,160.235
144.156,207.738,160.242
143.756,208.335,160.212
143.902,208.937,160.58
143.796,209.593,160.385
143.585,210.116,160.748
143.821,210.721,160.663
143.377,211.371,160.702
143.606,211.972,160.913
143.387,212.539,160.71
143.28,213.033,160.818
143.296,213.548,160.807
143.218,214.054,160.854
143.348,214.664,160.905
143.187,215.291,160.783
143.131,215.866,160.916
143.29,216.453,160.845
143.121,217.075,160.792
143.186,217.748,160.794
143.087,218.445,160.809
143.058,219.165,160.755
143.038,219.866,160.883
143.143,220.565,160.646
142.938,221.281,160.817
143.175,221.956,160.788
142.871,222.6,160.78
142.747,223.254,160.889
142.834,223.87,161.109
142.667,224.498,160.862
142.5,224.896,161.277
142.71,225.631,161.089
142.226,226.119,161.416
142.279,226.805,161.727
142.153,227.474,161.496
141.955,228.032,161.842
141.881,228.573,161.507
141.733,229.116,161.937
141.772,229.766,161.705
141.445,230.326,161.913
141.552,230.975,161.742
141.219,231.521,161.927
141.336,232.164,161.801
140.855,232.687,161.875
140.991,233.182,161.825
140.693,233.651,161.775
140.774,234.096,161.758
140.58,234.434,161.582
140.634,234.889,161.61
140.415,235.232,161.479
140.427,235.681,161.576
140.231,236.086,161.307
140.223,236.486,161.444
140.197,236.849,161.234
140.177,237.23,161.432
140.205,237.643,161.299
139.908,238.057,161.314
139.955,238.629,161.057
139.554,239.073,160.993
139.823,239.573,161.276
139.584,239.985,160.884
139.218,240.413,161.331
139.468,240.905,161.031
138.873,241.247,160.901
139.156,241.701,161.248
139.091,242.037,160.77
138.805,242.448,161.09
139.168,242.864,160.896
138.826,243.221,160.657
138.97,243.757,161.011
138.859,244.182,160.364
138.468,244.785,160.78
138.968,245.526,160.611
138.284,245.962,160.288
138.418,246.819,160.618
138.281,247.48,159.976
137.85,248.161,160.32
138.235,248.898,160.008
137.51,249.472,159.763
137.78,250.375,159.987
137.34,250.943,159.289
137.254,251.818,159.768
137.291,252.458,158.999
136.815,253.271,159.36
137.092,254.089,158.837
136.337,254.799,158.849
136.768,255.691,158.862
136.27,256.292,158.346
136.216,257.188,158.817
136.307,258.035,158.185
135.645,258.87,158.419
135.972,259.881,158.456
135.677,260.755,157.923
135.42,261.764,158.165
135.632,262.732,157.758
135.163,263.715,157.654
135.551,264.617,157.469
135.136,265.37,156.989
135.117,266.379,157.193
135.162,267.282,156.617
134.715,268.315,156.636
135.045,269.336,156.304
134.421,270.232,155.922
134.733,271.348,156.023
134.436,272.155,155.229
134.266,273.188,155.462
134.481,274.042,154.85
133.977,275.002,154.916
134.428,275.914,154.676
133.905,276.683,154.197
133.998,277.746,154.43
134.054,278.581,153.674
133.582,279.595,153.824
134.078,280.664,153.423
133.437,281.51,152.944
133.786,282.589,153.036
133.591,283.43,152.204
133.407,284.516,152.49
133.769,285.435,151.869
133.301,286.35,151.746
133.747,287.271,151.825
133.47,288.063,151.271
133.5,289.008,151.567
133.785,289.777,151.01
133.453,290.663,150.876
133.764,291.637,150.684
133.661,292.478,150.13
133.582,293.506,150.141
133.888,294.443,149.82
133.829,295.344,149.273
133.9,296.185,149.09
134.039,296.933,148.711
133.826,297.709,148.663
134.259,298.423,148.66
134.151,298.974,148.025
133.834,299.662,148.201
134.231,300.252,148.092
133.996,300.515,147.516
133.842,300.83,147.86
134.167,301.171,147.742
133.795,301.503,147.561
133.818,301.926,147.871
133.949,302.261,147.477
133.545,302.634,147.483
133.787,302.973,147.759
133.942,303.135,147.347
133.529,303.27,147.458
133.979,303.495,147.657
133.926,303.454,147.121
133.527,303.441,147.509
134.124,303.528,147.892
134.248,303.346,147.264
133.646,303.337,147.408
134.005,303.528,147.883
134.395,303.414,147.366
133.83,303.321,147.115
133.614,303.707,147.621
134.201,303.948,147.296
133.746,303.862,146.718
133.386,304.253,147.234
134.235,304.636,147.068
133.753,304.497,146.237
133.292,305.111,146.812
134.203,305.452,146.367
133.541,305.381,145.574
133.263,306.264,146.252
134.204,306.823,145.734
133.513,306.693,144.753
132.905,307.716,145.236
134.003,308.338,144.797
133.346,308.197,143.609
132.726,309.36,144.008
133.792,310.137,143.459
133.302,310.077,142.195
132.511,311.177,142.546
133.527,312.029,142.228
133.154,312.019,140.899
132.389,313.288,141.025
133.413,314.148,140.309
132.727,314.25,138.937
132.291,315.759,139.111
133.325,316.304,138.075
132.073,316.649,137.43
132.77,317.832,137.443
132.446,317.706,136.298
131.95,318.924,136.509
132.884,319.652,135.877
131.833,319.452,134.966
132.058,320.659,135.334
132.49,320.597,134.253
131.232,320.997,134.368
132.062,321.732,134.468
131.655,321.84,133.441
131.23,322.688,133.701
131.551,323.583,133.438
131.423,324.006,132.31
130.799,324.996,132.285
131.205,325.836,131.876
130.859,326.351,131.086
130.501,327.31,131.156
130.817,328.094,130.493
130.386,328.814,129.83
130.104,329.84,129.492
130.138,330.571,128.648
129.503,331.251,128.188
129.687,332.231,127.661
129.166,332.896,126.934
128.987,333.991,126.695
129.21,334.696,125.622
128.424,335.623,125.097
128.69,336.863,124.713
128.079,337.456,123.487
127.457,338.793,123.257
127.582,339.842,122.146
126.595,340.634,121.266
126.094,342.073,121.019
125.997,342.808,119.989
125.11,343.529,119.413
124.796,344.693,119.098
124.436,345.392,118.186
123.664,346.181,117.803
123.568,347.202,117.425
123.148,347.781,116.592
122.474,348.61,116.356
122.431,349.614,115.871
121.94,350.179,115.011
121.302,351.245,114.824
121.199,352.134,113.81
120.147,352.727,113.155
119.811,354.076,112.668
119.609,354.669,111.411
118.483,355.543,110.708
118.226,356.901,109.883
117.768,357.356,108.519
116.856,358.222,108.053
117.292,359.015,107.191
116.406,359.267,106.655
116.634,359.879,106.542
116.252,359.945,105.874
116.201,360.829,105.737
116.032,360.962,104.842
115.756,361.81,104.532
115.987,362.264,103.739
115.508,362.774,103.116
115.605,363.546,102.624
115.536,363.778,101.81
115.243,364.505,101.393
115.302,365.053,100.617
115.12,365.81,100.079
115.037,366.39,99.2397
114.534,367.007,98.6009
114.946,367.733,98.0452
114.93,367.906,96.9298
114.381,368.757,96.5622
114.692,369.196,95.8379
114.012,369.441,95.3045
114.239,370.047,94.8882
114.103,370.412,94.0922
113.771,371.19,93.9608
114.116,371.62,93.3172
113.686,371.953,92.7461
113.593,372.753,92.671
113.647,372.906,91.7869
113.005,373.505,91.6679
113.513,374.111,91.2683
112.949,374.345,90.5776
113.035,375.235,90.6905
113.295,375.395,89.7889
112.597,375.998,89.5556
112.966,376.629,89.2595
112.599,376.576,88.4707
111.975,377.286,88.4929
112.471,377.683,87.9465
111.792,377.905,87.1353
111.842,379.009,87.0015
112.213,379.192,86.0117
111.388,379.723,85.6252
111.954,380.58,85.4531
111.875,380.5,84.383
111.18,381.375,84.3844
111.703,381.924,84.021
111.354,381.847,83.2007
110.867,382.728,83.0898
111.308,383.408,82.4802
110.894,383.682,81.5902
110.588,384.607,81.4579
111.003,385.286,80.7986
110.609,385.677,80.0805
110.451,386.516,80.0504
110.735,387.048,79.4146
110.223,387.58,78.9333
110.322,388.391,78.8859
110.54,388.9,78.2307
110.045,389.372,77.8095
110.087,390.105,77.87
110.501,390.459,77.4286
110.095,390.688,77.0161
109.75,391.37,77.114
110.24,391.869,76.9232
109.987,391.959,76.1711
109.573,392.628,76.1937
110.018,393.211,76.1517
110.086,393.269,75.4228
109.543,393.78,75.1139
109.675,394.509,75.0425
110.018,394.884,74.5059
109.704,395.192,73.9029
109.364,395.715,74.1253
109.853,396.223,74.0343
109.945,396.185,73.3064
109.038,396.068,73.2496
109.012,396.759,73.9778
109.813,397.044,73.5952
109.549,396.732,72.7485
108.661,396.827,73.0843
108.802,397.731,73.8075
109.459,398.266,73.1981
108.793,398.038,72.3301
107.886,398.6,72.9427
108.618,399.535,72.9944
108.809,399.551,71.7947
107.604,399.716,71.6302
107.605,400.794,72.2172
108.372,401.358,71.5201
107.864,401.054,70.6127
107.08,401.663,70.8669
107.631,402.478,70.7355
107.419,402.547,69.8277
106.602,402.888,69.9271
106.814,403.744,70.1815
107.199,403.916,69.32
106.296,403.916,68.9922
106.159,404.792,69.3837
106.621,405.203,68.5967
105.886,405.223,67.9205
105.319,405.999,68.2939
105.907,406.849,67.9302
105.487,406.886,66.9797
104.605,407.42,67.2503
104.963,408.437,67.1153
104.963,408.385,66.0729
103.988,408.327,66.0854
103.931,409.28,66.3418
104.265,409.517,65.4762
103.436,409.292,65.0853
102.863,409.906,65.3925
103.427,410.724,65.0013
103.201,410.467,63.9696
102.282,410.735,64.1216
102.468,411.675,64.3314
102.653,411.917,63.4617
101.754,411.795,63.2379
101.568,412.573,63.6459
102.004,413.161,63.0634
101.481,412.886,62.3624
100.662,413.089,62.7077
100.718,414.022,62.6959
100.83,414.173,61.7323
100.018,413.977,61.329
99.3868,414.615,61.566
99.6642,415.454,61.1396
99.5451,415.276,60.1747
98.5291,415.091,60.0501
98.0232,415.844,60.3256
98.174,416.626,59.7969
98.0122,416.581,58.9482
97.078,416.452,58.7367
96.758,417.162,58.9401
97.0248,417.653,58.3037
96.6279,417.512,57.7757
96.0285,417.772,57.8207
95.9829,418.386,57.6075
95.8723,418.445,56.9682
95.2439,418.427,56.7977
95.0447,418.974,56.8683
95.2124,419.231,56.3461
94.7757,419.023,55.9858
94.3169,419.37,56.1663
94.4841,419.94,55.8647
94.3114,419.815,55.2501
93.8373,419.673,55.5379
94.0077,420.166,55.6687
94.1915,420.142,55.1199
93.6619,419.843,55.1621
93.522,420.145,55.4715
94.0247,420.404,55.3226
93.8356,420.089,54.96
93.5389,420.308,55.2538
93.8387,420.704,55.1831
93.8766,420.317,54.8022
93.5105,420.365,55.1871
94.0009,420.495,55.2259
93.9491,420.057,55.1515
93.8228,420.231,55.5591
94.2951,420.334,55.3363
94.0747,419.868,55.2555
94.0111,420.287,55.5524
94.393,420.327,55.1457
93.9109,420.017,55.0624
93.6622,420.604,55.2148
93.7038,420.757,54.6273
93.1155,420.985,54.4016
92.9482,421.668,54.2674
92.7775,421.883,53.7158
92.25,421.913,53.8843
92.3796,422.502,53.6878
91.9805,422.437,53.1224
91.4794,422.912,53.3022
91.4407,423.416,52.6114
90.7717,423.252,52.4509
90.5021,423.923,52.3565
90.0713,423.866,51.8347
89.5403,424.406,51.806
89.5441,424.577,51.2211
89.0573,424.598,51.2461
88.8778,425.045,51.0974
88.5464,425.087,50.6909
88.0775,425.213,50.6624
87.851,425.685,50.5959
87.374,425.856,50.2066
86.7464,426.272,50.3204
86.4159,426.918,49.9594
85.7032,427.073,49.6208
85.0366,427.701,49.5625
84.4173,428.204,49.0795
83.624,428.35,48.9005
83.1474,429.211,48.6642
82.4666,429.318,48.0055
81.9898,430.103,48.2979
81.6114,430.232,47.4588
80.9543,430.643,47.8924
80.8435,431.13,47.189
79.9769,431.446,47.3942
79.8645,432.354,46.969
78.9282,432.557,46.5779
78.276,433.405,47.0769
77.99,433.753,46.2191
77.0693,434.168,46.5001
76.8659,435.226,45.9983
75.7933,435.157,45.8025
75.6712,436.358,45.8397
74.7859,436.379,44.968
74.1377,437.167,45.6266
73.8549,437.715,44.6081
72.7681,437.774,44.9746
72.9078,438.818,44.6763
71.8725,438.726,44.2335
71.3989,439.771,44.3654
70.719,440.149,43.5345
69.7519,440.78,43.8288
69.5361,441.636,43.0749
68.2778,441.703,42.9166
68.1012,443.093,42.5716
67.0632,443.054,41.5727
65.9802,443.873,41.9169
65.4154,444.375,40.9231
64.1104,444.551,41.2595
63.8258,445.729,40.7835
62.5421,445.48,40.0951
62.0835,446.798,40.3234
61.2567,446.737,39.4139
60.479,447.537,40.1559
59.8232,447.815,38.8624
58.4415,448.087,39.2235
57.9963,449.103,38.3085
56.6152,448.874,38.091
56.1572,450.005,38.0989
55.3438,450.205,37.2781
54.2279,450.505,37.3783
53.7527,451.311,36.965
52.6192,451.514,36.5881
52.0594,452.584,36.4852
50.996,452.907,35.7992
49.9109,453.836,35.9091
48.9854,454.465,35.024
47.8804,455.237,35.2292
47.2759,456.168,34.5831
46.0771,456.658,34.3981
45.4486,457.704,34.2177
44.3751,458.089,33.7476
43.6509,458.82,33.955
43.1246,459.593,33.3478
42.0543,459.896,33.3523
41.5984,460.905,33.2494
40.6761,461.219,32.7141
39.9123,462.015,32.8705
39.3753,462.818,32.2282
38.2652,463.149,32.162
37.681,464.171,32.0886
36.8025,464.476,31.4652
36.1083,465.262,31.8125
35.7359,465.999,31.1535
34.7105,466.18,30.9773
34.1363,467.185,30.9678
33.2114,467.509,30.2026
32.149,468.01,30.5522
31.7296,469.058,30.0821
30.5675,468.954,29.6753
29.89,469.774,30.2148
29.3669,470.443,29.521
28.26,470.493,29.6602
27.8931,471.622,29.704
27.1014,471.854,28.9583
26.2058,472.266,29.3754
26.0537,473.099,28.9241
25.1314,473.102,28.6491
24.1179,473.504,29.2703
24.1054,474.667,28.971
23.2492,474.267,28.2534
22.3547,474.973,28.9734
21.9664,475.38,28.1089
21.0267,475.054,28.2544
20.6393,476.027,28.5564
20.3348,476.238,27.4873
19.5265,475.77,27.7361
19.2733,476.6,27.6025
18.8717,476.286,26.9886
18.3636,476.367,27.3985
18.3405,476.994,27.0682
17.8602,476.527,26.4688
17.213,476.733,27.0933
17.199,477.489,26.4337
16.4375,476.696,26.1229
15.6763,477.318,26.8259
15.4941,478.043,25.79
14.4657,477.31,25.658
13.5228,478.307,26.1674
12.8867,478.659,24.8551
11.5938,478.014,25.0781
10.8474,479.175,25.4746
10.2764,479.547,24.1282
8.93386,478.916,24.3079
8.23391,480.198,24.6454
7.9955,480.54,23.1478
6.76692,479.619,23.5504
6.3372,481.01,24.2237
6.08693,481.52,22.9193
4.88199,480.624,23.1525
4.63183,482.038,23.4125
3.88994,481.756,22.2013
2.74667,481.942,23.2244
2.23546,483.071,22.1051
0.801485,482.641,22.2696
0.307204,484.048,22.4197
-0.992495,483.646,21.4791
-1.86083,484.668,22.4021
-2.84326,485.529,21.3956
-4.38521,485.356,21.8332
-5.03863,486.354,21.528
-5.95249,486.016,21.3432
-6.68755,486.898,21.7318
-7.65907,486.93,21.0394
-8.47856,487.249,21.6341
-9.12828,487.876,21.1074
-10.1487,487.73,21.2237
-10.7758,488.569,21.2589
-11.7914,488.61,20.8028
-12.8294,489.023,21.057
-13.5231,489.501,20.8988
-14.1715,489.353,20.7272
-14.5379,489.943,21.0372
-14.9481,490.05,20.4817
-15.448,490.082,20.8498
-15.465,490.485,20.4978
-15.9006,490.045,20.494
-16.1593,490.343,20.8594
-16.4827,490.74,20.3814
-17.0581,490.522,20.4198
-17.1811,491.134,20.678
-17.4544,491.173,20.1949
-18.1761,491.468,20.6578
-18.4176,491.929,19.9355
-19.0649,491.414,20.0423
-19.4624,492.13,20.0878
-20.1175,492.265,19.443
-21.0627,492.642,19.5574
-21.8968,493.029,18.9529
-23.0736,493.104,18.7822
-24.5199,493.126,18.5177
-25.5336,493.659,17.97
-26.8872,493.39,17.6695
-27.8441,493.966,17.5988
-28.5483,494.184,16.8111
-29.6048,494.025,16.5264
-30.4569,494.697,16.275
-31.1928,495.093,15.5353
-32.1852,495.128,15.2683
-33.0082,495.754,15.0631
-33.7564,495.992,14.2737
-35.0579,495.834,14.1658
-35.5813,497.05,13.8016
-36.5481,496.422,12.9479
-37.2141,497.253,13.705
-37.45,497.017,12.477
-38.3571,496.756,13.042
-38.7578,497.867,12.7443
-39.1961,497.3,12.0199
-39.9256,497.493,12.8507
-39.774,498.165,12.0784
-40.2628,497.337,12.0051
-40.5929,497.933,12.4659
-40.4508,498.065,11.45
-40.8443,497.157,12.0398
-40.8797,498.493,11.9672
-40.5718,497.525,11.1674
-41.106,497.739,12.2013
-40.6875,498.342,11.3015
-40.9004,497.079,11.4437
-41.2345,498.09,12.1201
-40.8552,497.861,11.0291
-41.174,497.29,11.748
-41.0669,498.311,11.7027
-40.7152,497.472,11.0504
-41.1039,497.501,12.0348
-40.9021,498.279,11.351
-40.8612,497.263,11.3351
-41.2825,497.931,12.133
-41.1389,498.181,11.2264
-41.371,497.222,11.723
-41.5305,498.169,11.6327
-41.2248,497.726,11.4436
-41.1244,497.816,11.8267
-41.0507,497.959,11.6718
-41.1064,497.704,11.7733
-41.2512,498.105,11.746
